func,prob,total_time,best_obj,best_bound,gap,preprocess_time,solution_time,callback_time,subproblem_time,callback_calls,num_separations,bb_nodes,num_variables,num_constraints,dp_num_nodes,dp_num_arcs,dp_num_paths,dp_unique_arcs,dp_unique_paths
dp_w10,mcp4-n070-r08-01,81.00381839303942,4283.00013333334,4283.00013333334,0.0,3.287172437,77.71664595603943,76.407382217,76.25073146899996,185,177,638,260,227,148,257,187.0,,
dp_w10,mcp4-n070-r08-02,132.19059996108888,4517.500149999999,4517.500149999999,0.0,3.185352845,129.00524711608887,126.73406555999999,126.56602246700002,201,193,2591,261,230,149,276,209.0,,
dp_w10,mcp4-n070-r08-03,114.58770768696057,3691.000199999997,3691.1151487930147,3.1142992898631485e-5,3.239900518,111.34780716896057,102.18121646600002,101.99614191799998,206,197,7148,265,230,153,280,233.0,,
dp_w10,mcp4-n070-r08-04,90.17570235119018,4690.000099999999,4690.000099999999,0.0,2.371053475,87.80464887619019,87.48833784900002,87.41523787500002,174,169,252,265,235,153,257,192.0,,
dp_w10,mcp4-n070-r08-05,107.50555016007752,3845.000100000003,3845.000100000003,0.0,3.515171065,103.99037909507751,100.21190059700004,100.12725733700003,216,204,5484,252,230,140,286,214.0,,
dp_w10,mcp4-n070-r08-06,53.659992158356935,4825.000149999999,4825.000149999999,0.0,3.14943403,50.510558128356934,50.11786767300002,50.063773248000004,128,123,499,262,237,150,212,133.0,,
dp_w10,mcp4-n070-r08-07,73.41812641068408,3732.0001000000007,3732.000100000001,0.0,3.681671447,69.73645496368408,69.20440764200002,69.144382526,159,152,760,260,229,148,232,170.0,,
dp_w10,mcp4-n070-r08-08,84.06309113508155,4167.0001,4167.0001,0.0,3.519364214,80.54372692108154,79.86495067599999,79.80244257499997,182,173,691,255,229,143,253,209.0,,
dp_w10,mcp4-n070-r08-09,192.19065628254785,4190.0001,4190.0001,0.0,3.126758196,189.06389808654785,186.6462600469999,186.44638737200006,334,319,3541,261,234,149,407,349.0,,
dp_w10,mcp4-n070-r08-10,27.57964770278308,4291.0001,4291.0001,0.0,2.926364822,24.65328288078308,24.432668435999997,24.400629453,95,91,139,256,237,144,178,117.0,,
dp_w10,mcp4-n070-r10-01,82.56582502753504,3716.0002,3716.0002,0.0,1.982927126,80.58289790153503,77.67910513500004,77.54246163299997,255,246,2958,251,208,139,324,267.0,,
dp_w10,mcp4-n070-r10-02,75.55661982474768,3023.000149999996,3023.000149999996,0.0,2.736556949,72.82006287574768,72.37178590899998,72.29478534999997,160,154,571,259,211,147,234,174.0,,
dp_w10,mcp4-n070-r10-03,67.86182083001233,3403.0000999999997,3403.0000999999997,0.0,2.954166783,64.90765404701233,63.782424087,63.67765162299998,206,198,971,261,210,149,279,216.0,,
dp_w10,mcp4-n070-r10-04,63.11220129338233,3412.2501500000017,3412.306600495635,1.6543481032089975e-5,1.854050239,61.258151054382324,59.427205597000004,59.239315770999994,189,180,2000,258,208,146,259,199.0,,
dp_w10,mcp4-n070-r10-05,46.29783909580408,3104.000100000001,3104.000100000001,0.0,2.004344156,44.29349493980408,43.96403282600002,43.89278142899999,143,136,300,264,210,152,214,174.0,,
dp_w10,mcp4-n070-r10-06,42.967785364918946,3933.0002,3933.0002,0.0,0.629572398,42.338212966918945,41.48769384399999,41.407248778,140,134,1150,262,210,150,217,144.0,,
dp_w10,mcp4-n070-r10-07,53.103117207499636,3412.0001,3412.0001,0.0,1.402267436,51.700849771499634,51.325108971000006,51.17311931900002,175,167,394,255,206,143,242,179.0,,
dp_w10,mcp4-n070-r10-08,52.78689281799146,3314.0001500000003,3314.0001500000003,0.0,1.642715858,51.144176959991455,50.818357042000024,50.742370900999965,170,161,341,258,209,146,237,186.0,,
dp_w10,mcp4-n070-r10-09,51.403066885702636,3319.6668,3319.6668,0.0,3.010318053,48.39274883270264,47.14955093,47.015398109,152,145,963,254,211,142,224,167.0,,
dp_w10,mcp4-n070-r10-10,40.16889162213818,4003.50015,4003.5001500000003,0.0,1.226387693,38.942503929138184,38.702845920999984,38.637439134999994,116,110,231,258,207,146,189,122.0,,
dp_w10,mcp4-n070-r12-01,55.68414865785376,2717.000180000001,2717.000180000001,0.0,1.614207614,54.06994104385376,53.518248627,53.35889769800001,211,205,717,257,192,145,281,251.0,,
dp_w10,mcp4-n070-r12-02,33.56906932652673,2701.3334666666647,2701.3334666666647,0.0,1.488915146,32.08015418052673,31.276262761,31.140295930000004,148,144,625,262,198,150,224,158.0,,
dp_w10,mcp4-n070-r12-03,14.02470112194629,2729.000100000001,2729.000100000001,0.0,1.211916927,12.812784194946289,12.693065996000001,12.670885236999998,58,54,41,249,197,137,132,73.0,,
dp_w10,mcp4-n070-r12-04,38.15820063661389,2555.0001000000007,2555.0001000000007,0.0,2.091229573,36.06697106361389,35.735550683999996,35.674016898999994,144,138,361,254,199,142,216,148.0,,
dp_w10,mcp4-n070-r12-05,69.70556239599182,2196.000140000003,2196.000140000003,0.0,2.851102395,66.85446000099182,66.312246267,66.18707244200002,264,254,685,252,193,140,327,264.0,,
dp_w10,mcp4-n070-r12-06,43.06175958128149,2249.0001,2249.0001,0.0,1.613648524,41.448111057281494,41.089276069,40.94984315300002,157,147,518,250,198,138,223,157.0,,
dp_w10,mcp4-n070-r12-07,36.5494369979563,2338.5002000000004,2338.5002000000004,0.0,2.246728849,34.3027081489563,33.892844268000005,33.834440547,138,134,667,259,202,147,216,154.0,,
dp_w10,mcp4-n070-r12-08,55.728251826723756,2860.333466666667,2860.333466666667,0.0,1.629102838,54.099148988723755,52.56288551900003,52.429506883999984,176,169,2138,260,188,148,242,179.0,,
dp_w10,mcp4-n070-r12-09,39.47954499236914,2674.0001,2674.0001,0.0,1.441974039,38.03757095336914,37.79872178299999,37.74869171000001,126,121,245,249,193,137,194,133.0,,
dp_w10,mcp4-n070-r12-10,44.498177999676514,2880.0002000000004,2880.0002000000004,0.0,1.34976005,43.148417949676514,42.82118941499999,42.70491204099999,151,145,467,259,197,147,224,165.0,,
dp_w10,mcp4-n070-r14-01,29.984469732584962,2391.6668000000022,2391.6668000000022,0.0,1.543530783,28.44093894958496,26.842334534000006,26.78553257400001,158,149,2597,259,187,147,228,173.0,,
dp_w10,mcp4-n070-r14-02,33.3692899184414,1915.5001500000008,1915.5001500000008,0.0,1.312428041,32.056861877441406,31.806394073000007,31.738941235999988,172,161,288,247,180,135,233,179.0,,
dp_w10,mcp4-n070-r14-03,26.55994392840332,2035.571571428573,2035.5715714285732,0.0,1.009237065,25.55070686340332,25.296129428999997,25.247522921,132,124,306,257,179,145,193,134.0,,
dp_w10,mcp4-n070-r14-04,26.012521682719605,2220.0001499999994,2220.0001499999994,0.0,0.472361742,25.540159940719604,25.382436696000003,25.334020862000003,132,125,78,252,181,140,194,137.0,,
dp_w10,mcp4-n070-r14-05,35.784803262848754,1797.5001500000014,1797.5001500000014,0.0,1.709824196,34.074979066848755,33.183667902999986,33.025269927,172,164,732,256,184,144,237,207.0,,
dp_w10,mcp4-n070-r14-06,32.42079093749475,2060.0002000000004,2060.0002000000004,0.0,1.945590046,30.47520089149475,30.095808191000007,30.03839042599999,137,131,583,259,182,147,203,145.0,,
dp_w10,mcp4-n070-r14-07,20.7592639580282,2126.000100000001,2126.000100000001,0.0,1.100672926,19.6585910320282,19.453582809000004,19.406836612000003,108,102,280,255,183,143,178,114.0,,
dp_w10,mcp4-n070-r14-08,56.91270195562207,1959.000100000001,1959.000100000001,0.0,1.356440893,55.55626106262207,54.96496499400002,54.87922284499999,217,201,887,252,186,140,279,221.0,,
dp_w10,mcp4-n070-r14-09,46.4175306892456,1995.0001000000004,1995.0001000000004,0.0,1.1904389,45.227091789245605,44.98998313199998,44.908902869000045,205,196,150,256,184,144,271,219.0,,
dp_w10,mcp4-n070-r14-10,33.632788805300294,2080.0001,2080.0001,0.0,1.696788935,31.935999870300293,31.094552098000005,31.03981139099999,149,142,894,253,177,141,209,161.0,,
dp_w10,mcp4-n070-r16-01,20.240745910025147,2000.0000999999997,2000.0000999999997,0.0,0.604044803,19.636701107025146,19.480282687999992,19.434665257999995,115,108,122,249,176,137,177,118.0,,
dp_w10,mcp4-n070-r16-02,18.851158390256714,1713.0001000000002,1713.0001000000002,0.0,0.577512274,18.273646116256714,18.058456907999993,18.014268209,116,109,353,259,177,147,181,141.0,,
dp_w10,mcp4-n070-r16-03,39.67281716873999,1780.0001333333314,1780.0281198953514,1.5722786473966897e-5,1.018698154,38.65411901473999,37.18890387599999,37.115918889999996,193,183,1821,254,178,142,257,203.0,,
dp_w10,mcp4-n070-r16-04,25.849263814531128,2174.000150000001,2174.000150000001,0.0,0.946885017,24.902378797531128,23.63775221200001,23.570667535999995,152,147,1907,247,171,135,211,168.0,,
dp_w10,mcp4-n070-r16-05,33.64128435911462,1872.0001000000002,1872.0001000000002,0.0,0.928161276,32.713123083114624,31.22327834499999,31.13577203699998,196,187,1923,257,172,145,256,202.0,,
dp_w10,mcp4-n070-r16-06,23.083941530218873,1821.2501250000016,1821.2501250000016,0.0,1.002433609,22.081507921218872,21.846223265999996,21.79316660900001,126,121,306,246,174,134,189,131.0,,
dp_w10,mcp4-n070-r16-07,33.13701896335388,1802.5001500000008,1802.5001500000008,0.0,1.685460135,31.451558828353882,30.11955268900002,29.98946351100001,169,160,1850,252,175,140,232,198.0,,
dp_w10,mcp4-n070-r16-08,14.905400911705566,1836.0001000000002,1836.0001000000002,0.0,1.054997126,13.850403785705566,13.71320811,13.672192862,90,87,68,254,177,142,158,119.0,,
dp_w10,mcp4-n070-r16-09,19.539565852309572,1988.0001000000002,1988.0001000000002,0.0,1.157254985,18.38231086730957,18.261334547,18.225183339000008,109,104,85,255,181,143,181,121.0,,
dp_w10,mcp4-n070-r16-10,27.109397068587157,1810.0001666666674,1810.0001666666676,0.0,0.719259873,26.390137195587158,25.347043607000007,25.218263836000002,168,161,847,259,180,147,237,173.0,,
dp_w10,mcp4-n080-r08-01,346.69239997500637,4810.833483333337,4810.833483333337,0.0,5.328743931,341.36365604400635,322.90686107099987,322.4450662549999,453,445,23030,294,260,166,540,483.0,,
dp_w10,mcp4-n080-r08-02,164.3297238441244,5122.000300000003,5122.000300000003,0.0,4.927021751,159.4027020931244,158.913543362,158.7691673280001,232,224,410,296,254,168,309,236.0,,
dp_w10,mcp4-n080-r08-03,298.8384291550322,6000.000100000001,6000.000100000001,0.0,5.013209047,293.8252201080322,289.43999243199994,289.22282041600016,236,228,6176,302,254,174,317,248.0,,
dp_w10,mcp4-n080-r08-04,178.6505218424502,5927.111266666663,5927.111266666663,0.0,4.341788856,174.3087329864502,166.38046225299996,166.26633042099994,208,205,10884,297,252,169,289,234.0,,
dp_w10,mcp4-n080-r08-05,208.64407864804943,5400.000100000005,5400.000100000005,0.0,5.794930613,202.84914803504944,202.36928512499998,202.25047390999998,185,176,426,302,256,174,265,197.0,,
dp_w10,mcp4-n080-r08-06,264.58328084303736,4848.000200000005,4848.000200000005,0.0,5.310191911,259.27308893203735,245.0298954059999,244.858375544,263,257,19166,303,259,175,348,272.0,,
dp_w10,mcp4-n080-r08-07,217.87242940786243,4926.000149999999,4926.000149999999,0.0,5.025008477,212.84742093086243,212.12547394600006,211.9082455889999,237,231,622,304,258,176,326,244.0,,
dp_w10,mcp4-n080-r08-08,191.8214601802522,5168.000100000001,5168.000100000001,0.0,5.504586153,186.3168740272522,185.3866240039999,185.26528998499995,229,224,724,295,256,167,310,243.0,,
dp_w10,mcp4-n080-r08-09,470.8958613671211,5038.500149999998,5038.813449767851,6.218115679784105e-5,6.118128518,464.7777328491211,458.8461085990001,458.5298639540001,355,348,5742,296,256,168,433,358.0,,
dp_w10,mcp4-n080-r08-10,199.53606390735766,4610.000100000001,4610.000100000001,0.0,6.358845947,193.17721796035767,192.30604211800005,192.082187011,255,249,980,298,256,170,338,262.0,,
dp_w10,mcp4-n080-r10-01,127.07869173722375,3691.000150000001,3691.000150000001,0.0,4.175831811,122.90285992622375,122.16922611399998,121.93150817799997,192,186,577,285,229,157,267,228.0,,
dp_w10,mcp4-n080-r10-02,156.08834580582788,3995.2501500000026,3995.2501500000026,0.0,4.321765701,151.76658010482788,151.21745148999997,151.02782137599996,262,255,336,304,232,176,345,269.0,,
dp_w10,mcp4-n080-r10-03,156.28628677176476,4124.000100000002,4124.000100000002,0.0,4.049499691,152.23678708076477,150.44131061399997,150.15480523500003,261,255,1523,297,232,169,341,265.0,,
dp_w10,mcp4-n080-r10-04,135.0564408289198,4292.000200000001,4292.000200000001,0.0,2.842801808,132.2136390209198,129.64043874499995,129.44379895000003,219,213,2936,296,235,168,298,238.0,,
dp_w10,mcp4-n080-r10-05,252.25882937485548,3823.000199999999,3823.2963962962954,7.747744724060697e-5,4.160692473,248.09813690185547,240.09210565899994,239.79099972999998,368,359,9042,291,230,163,440,438.0,,
dp_w10,mcp4-n080-r10-06,91.49175980597815,4038.000100000005,4038.000100000005,0.0,3.991772919,87.49998688697815,87.133439282,87.03961911100002,148,143,331,297,236,169,231,166.0,,
dp_w10,mcp4-n080-r10-07,132.6830103727085,3943.000100000002,3943.000100000002,0.0,3.228467259,129.4545431137085,129.02197032900006,128.82741084699998,220,213,424,294,231,166,293,243.0,,
dp_w10,mcp4-n080-r10-08,31.417639720249024,4339.000100000003,4339.000100000003,0.0,3.563843715,27.853796005249023,27.645008775000004,27.60085292399999,79,76,68,293,229,165,154,95.0,,
dp_w10,mcp4-n080-r10-09,211.32374187367847,3860.000100000001,3860.000100000001,0.0,4.528423747,206.79531812667847,206.00414481000004,205.73538490399986,307,294,701,299,232,171,379,314.0,,
dp_w10,mcp4-n080-r10-10,166.62643166576441,4385.500150000002,4385.500150000002,0.0,3.570630751,163.0558009147644,159.88015523599998,159.68149913400006,240,235,5586,289,234,161,319,248.0,,
dp_w10,mcp4-n080-r12-01,84.53253447277979,3733.000100000001,3733.000100000001,0.0,1.529611461,83.00292301177979,82.65270929399999,82.42048180200004,214,210,253,299,218,171,291,220.0,,
dp_w10,mcp4-n080-r12-02,114.67081491915746,3525.50015,3525.5001500000003,0.0,2.618247914,112.05256700515747,109.74411327200006,109.62001258099998,252,243,2876,295,221,167,326,253.0,,
dp_w10,mcp4-n080-r12-03,58.08423314820959,3056.0000999999993,3056.0000999999993,0.0,3.226379974,54.857853174209595,54.424410898,54.326612096999995,172,168,457,285,212,157,245,178.0,,
dp_w10,mcp4-n080-r12-04,72.08500483075244,3247.0002000000004,3247.0002000000004,0.0,2.273449922,69.81155490875244,69.48787839599997,69.293310435,176,168,280,299,217,171,247,178.0,,
dp_w10,mcp4-n080-r12-05,102.14705364786596,3280.0000999999997,3280.0000999999997,0.0,3.079396654,99.06765699386597,98.236184118,98.00861206,260,255,740,296,217,168,336,288.0,,
dp_w10,mcp4-n080-r12-06,113.30448047659094,3081.3334666666706,3081.3334666666706,0.0,2.598840399,110.70564007759094,109.18371021099993,108.97406428300005,255,246,1480,302,222,174,333,266.0,,
dp_w10,mcp4-n080-r12-07,155.93888996827465,2996.0002000000013,2996.0002000000013,0.0,3.130906093,152.80798387527466,150.208066158,149.8928205050001,365,353,2527,298,215,170,433,387.0,,
dp_w10,mcp4-n080-r12-08,84.58576717781274,2750.0001,2750.0001,0.0,4.167136101,80.41863107681274,79.50063861900001,79.32532832100004,190,180,849,295,220,167,264,190.0,,
dp_w10,mcp4-n080-r12-09,53.31724059423511,3034.0001,3034.0001,0.0,2.256934522,51.06030607223511,50.84989680800001,50.76673682399999,137,131,109,296,216,168,212,141.0,,
dp_w10,mcp4-n080-r12-10,107.81328834690675,3249.0000999999997,3249.0000999999997,0.0,3.033338205,104.77995014190674,104.15827643700003,103.96328309600003,222,214,615,297,216,169,296,264.0,,
dp_w10,mcp4-n080-r14-01,87.51483868658984,2692.0000999999993,2692.000099999999,0.0,2.000594607,85.51424407958984,83.39644919699995,83.17480934600006,244,236,2650,290,213,162,322,262.0,,
dp_w10,mcp4-n080-r14-02,47.2904490685487,2471.000199999999,2471.000199999999,0.0,2.120656178,45.169792890548706,44.91739346299999,44.84548358199999,161,157,264,295,205,167,235,176.0,,
dp_w10,mcp4-n080-r14-03,78.11431910377624,2417.50015,2417.50015,0.0,1.82967903,76.28464007377625,74.629512071,74.389743226,247,236,1776,297,207,169,314,246.0,,
dp_w10,mcp4-n080-r14-04,40.72442954652698,2289.0001,2289.0001,0.0,1.988461672,38.73596787452698,38.43165086300002,38.292854211,123,117,416,299,201,171,190,132.0,,
dp_w10,mcp4-n080-r14-05,71.31106233976965,2817.0001000000007,2817.0001,0.0,1.567376379,69.74368596076965,69.40583532600002,69.279740057,207,201,395,299,204,171,277,219.0,,
dp_w10,mcp4-n080-r14-06,102.04827648969568,2750.5001499999994,2750.5001499999994,0.0,1.684108561,100.36416792869568,97.10765127799998,96.87134947099999,294,285,2320,296,198,168,359,295.0,,
dp_w10,mcp4-n080-r14-07,82.46824557732812,2926.000100000003,2926.000100000003,0.0,1.519484591,80.94876098632812,79.80129623700002,79.56566290799996,290,279,813,305,199,177,354,292.0,,
dp_w10,mcp4-n080-r14-08,79.13286176676574,2455.500149999999,2455.500149999999,0.0,1.78453866,77.34832310676575,76.01665561400003,75.88621456500002,229,219,1728,298,208,170,302,232.0,,
dp_w10,mcp4-n080-r14-09,45.066489838783816,2462.5001500000008,2462.5001500000008,0.0,2.133265876,42.93322396278381,38.63309559600001,38.559569796000005,159,154,3833,290,208,162,234,181.0,,
dp_w10,mcp4-n080-r14-10,45.269624182024906,2858.0001333333335,2858.0001333333335,0.0,0.997721144,44.2719030380249,41.56793659700002,41.43141819999999,158,155,3953,286,204,158,233,188.0,,
dp_w10,mcp4-n080-r16-01,52.37721516694263,2328.0001000000016,2328.000100000001,0.0,1.194605132,51.18261003494263,50.93798433100002,50.764395143000016,196,187,194,288,195,160,261,201.0,,
dp_w10,mcp4-n080-r16-02,26.707952718495605,2142.5001500000003,2142.5001500000003,0.0,1.495997648,25.211955070495605,23.804429839000004,23.677224335000002,96,94,2322,285,196,157,171,111.0,,
dp_w10,mcp4-n080-r16-03,47.46157617451709,1936.5001500000008,1936.5001500000008,0.0,1.213797282,46.24777889251709,45.764295995999994,45.65431017099998,209,202,669,294,199,166,282,214.0,,
dp_w10,mcp4-n080-r16-04,74.85013573772741,2156.750149999999,2156.750149999999,0.0,0.872765714,73.97737002372742,70.74744360199996,70.49471405899995,329,320,3502,303,193,175,397,342.0,,
dp_w10,mcp4-n080-r16-05,33.32912189028308,2229.000100000001,2229.000100000001,0.0,1.840878072,31.48824381828308,31.258797015999995,31.202606523,122,117,129,290,187,162,183,127.0,,
dp_w10,mcp4-n080-r16-06,19.331718540276125,2299.000100000001,2299.000100000001,0.0,1.387680626,17.944037914276123,17.781724609000005,17.703379384999995,81,78,50,296,198,168,154,90.0,,
dp_w10,mcp4-n080-r16-07,75.56065230587573,2319.6668333333314,2319.6668333333314,0.0,1.649119427,73.91153287887573,71.57667111699996,71.39044809300002,249,239,3038,292,194,164,316,251.0,,
dp_w10,mcp4-n080-r16-08,24.863638698595825,1812.0000999999993,1812.0000999999993,0.0,1.572974741,23.290663957595825,23.079359294,23.031983880000002,107,103,113,285,197,157,181,115.0,,
dp_w10,mcp4-n080-r16-09,21.5715463559126,1992.0001000000002,1992.0001000000002,0.0,1.827458183,19.744088172912598,19.553508358000002,19.449205911000004,99,93,65,285,193,157,167,106.0,,
dp_w10,mcp4-n080-r16-10,38.89547901370398,1627.0001000000016,1627.0001000000016,0.0,1.616457989,37.27902102470398,36.876816266000006,36.78268712400001,186,180,513,297,196,169,258,245.0,,
dp_w10,mcp4-n090-r08-01,656.3261441292129,6051.333466666666,6051.881539084219,9.057051979901208e-5,8.382384211,647.9437599182129,646.2190871770003,645.8798558829998,333,326,946,305,282,161,419,336.0,,
dp_w10,mcp4-n090-r08-02,933.3131479079522,6350.000099999999,6350.000099999999,0.0,7.040131932,926.2730159759521,922.731144138,922.2125659359998,679,670,2825,299,280,155,757,680.0,,
dp_w10,mcp4-n090-r08-03,644.4840489136977,6544.400120000002,6544.400120000002,0.0,8.002495836,636.4815530776978,629.7360780909995,629.4815110540002,445,434,8601,305,280,161,523,539.0,,
dp_w10,mcp4-n090-r08-04,1058.9895623098005,5604.000200000005,5604.000200000006,0.0,8.589913405,1050.3996489048004,1047.3597618679999,1046.9128920909995,431,422,2070,305,284,161,517,438.0,,
dp_w10,mcp4-n090-r08-05,1291.2018870728034,5733.500149999994,5733.500149999994,0.0,9.370191993,1281.8316950798035,1280.2335018529998,1279.9277604709994,545,537,1357,300,275,156,624,549.0,,
dp_w10,mcp4-n090-r08-06,861.3079946058945,6854.833483333332,6854.833483333332,0.0,9.078276636,852.2297179698944,850.0792644600004,849.8485442409996,407,399,1371,306,275,162,483,409.0,,
dp_w10,mcp4-n090-r08-07,522.5574587134587,6628.500150000014,6628.500150000014,0.0,7.783527687,514.7739310264587,506.40200640600005,506.04777467199983,424,417,7534,299,281,155,505,432.0,,
dp_w10,mcp4-n090-r08-08,652.9584204289363,5870.000150000002,5870.18612997959,3.168313029573091e-5,9.733216438,643.2252039909363,607.4516502340001,607.1761887510003,323,317,61052,308,278,164,402,327.0,,
dp_w10,mcp4-n090-r08-09,860.1149766276943,5690.500149999998,5690.971528571427,8.283605289586732e-5,8.523799641,851.5911769866943,833.8061326699997,833.4993124630001,450,439,22748,297,273,153,520,482.0,,
dp_w10,mcp4-n090-r08-10,684.1566792641947,6615.000099999999,6615.000099999999,0.0,9.129633299,675.0270459651947,672.7555715170006,672.5970564130004,308,304,1416,304,279,160,392,406.0,,
dp_w10,mcp4-n090-r10-01,846.87709976311,5127.500150000002,5127.500150000002,0.0,7.559983741,839.31711602211,837.7372887490001,837.443523736001,491,474,1254,303,249,159,558,486.0,,
dp_w10,mcp4-n090-r10-02,414.75677525621006,4945.000199999999,4945.000199999999,0.0,6.456435319,408.3003399372101,406.5535542310002,406.17804056300014,377,368,840,289,248,145,448,378.0,,
dp_w10,mcp4-n090-r10-03,494.50695722170605,4279.000099999999,4279.000099999999,0.0,7.911332298,486.59562492370605,485.54877787600014,485.376895159,295,288,775,295,248,151,368,298.0,,
dp_w10,mcp4-n090-r10-04,487.6479919050758,4416.000100000001,4416.000100000001,0.0,7.002214918,480.6457769870758,478.8822463530001,478.6565029189997,412,401,1205,293,246,149,478,421.0,,
dp_w10,mcp4-n090-r10-05,784.7904418626233,4297.0001,4297.000100000001,0.0,8.10354983,776.6868920326233,770.9529428709997,770.527539335,535,523,6262,290,248,146,602,568.0,,
dp_w10,mcp4-n090-r10-06,406.79925215449697,4412.0002,4412.0002,0.0,7.456884267,399.34236788749695,397.22395862999997,397.02892192400003,309,303,2330,300,249,156,385,313.0,,
dp_w10,mcp4-n090-r10-07,351.7890280269696,4309.0001,4309.0001,0.0,6.67611418,345.1129138469696,343.4388899899998,343.278187811,287,280,983,298,247,154,360,358.0,,
dp_w10,mcp4-n090-r10-08,408.1640781187861,4828.000133333335,4828.000133333335,0.0,5.266249063,402.89782905578613,402.2223559280002,401.9878786760002,335,325,347,303,261,159,418,414.0,,
dp_w10,mcp4-n090-r10-09,472.0589291187861,5061.000100000001,5061.000100000001,0.0,6.397428188,465.66150093078613,464.61969007499965,464.3746052109999,437,423,609,300,251,156,505,445.0,,
dp_w10,mcp4-n090-r10-10,428.32496810724035,4562.400139999996,4562.400139999996,0.0,6.940058239,421.38490986824036,406.0111514119999,405.8271126599997,333,329,9393,304,258,160,419,339.0,,
dp_w10,mcp4-n090-r12-01,208.9776115698236,3706.40014,3706.40014,0.0,4.978786735,203.9988248348236,202.80216688100012,202.50283056399994,286,284,1420,297,231,153,363,294.0,,
dp_w10,mcp4-n090-r12-02,359.0900017898645,3871.0001500000026,3871.0001500000026,0.0,4.79707071,354.2929310798645,352.02590770899997,351.69275649199994,411,401,2179,302,235,158,482,435.0,,
dp_w10,mcp4-n090-r12-03,405.4854475993253,3755.0001,3755.0001,0.0,5.725028469,399.7604191303253,398.86321613799976,398.6158737289998,448,437,706,301,231,157,515,447.0,,
dp_w10,mcp4-n090-r12-04,309.30115724482164,3608.0001500000003,3608.0001500000003,0.0,5.648451337,303.65270590782166,301.65798775200017,301.4199268760001,404,397,2537,297,234,153,478,407.0,,
dp_w10,mcp4-n090-r12-05,94.06335669377917,3550.000100000001,3550.000100000001,0.0,5.229264792,88.83409190177917,88.45625329900001,88.38242666500001,155,150,184,302,234,158,232,168.0,,
dp_w10,mcp4-n090-r12-06,257.5164571515422,3339.0002000000013,3339.0002000000013,0.0,5.274555277,252.24190187454224,251.655082938,251.374634876,391,382,424,304,232,160,460,392.0,,
dp_w10,mcp4-n090-r12-07,221.984870925933,3782.5001499999976,3782.5001499999976,0.0,4.253776804,217.73109412193298,216.45562895999998,216.268237959,245,234,638,301,237,157,318,244.0,,
dp_w10,mcp4-n090-r12-08,309.2671046343126,3672.0001,3672.0001,0.0,6.343372592,302.9237320423126,301.27589515299996,300.9696294510001,414,404,1424,294,237,150,488,414.0,,
dp_w10,mcp4-n090-r12-09,211.78100610398937,4184.000099999999,4184.000099999999,0.0,3.363589293,208.41741681098938,205.84653690200003,205.66881549200008,343,338,2577,304,235,160,419,348.0,,
dp_w10,mcp4-n090-r12-10,353.07125197056956,3350.333466666668,3350.333466666668,0.0,5.512981993,347.5582699775696,339.24333180099984,338.8628132869999,454,445,10669,301,230,157,521,455.0,,
dp_w10,mcp4-n090-r14-01,112.70883719313977,3413.000100000001,3413.000100000001,0.0,2.905888003,109.80294919013977,109.16339045299998,109.04180172799994,192,187,622,299,221,155,265,197.0,,
dp_w10,mcp4-n090-r14-02,202.59410425294115,3182.000150000001,3182.000150000001,0.0,3.545595132,199.04850912094116,197.58975987699998,197.44708934000005,279,270,1013,298,219,154,344,280.0,,
dp_w10,mcp4-n090-r14-03,179.24327590230152,3149.000199999996,3149.000199999996,0.0,4.190316937,175.0529589653015,174.61036596199995,174.33484614000002,270,261,341,304,219,160,336,271.0,,
dp_w10,mcp4-n090-r14-04,127.97462843448682,3646.0001,3646.0001,0.0,3.202044473,124.77258396148682,122.12929329199997,121.88894371900007,251,243,1441,298,220,154,318,253.0,,
dp_w10,mcp4-n090-r14-05,190.1635038601128,3044.0001,3044.0001,0.0,4.077967857,186.0855360031128,184.78553183900001,184.49726528899998,330,322,844,288,217,144,396,347.0,,
dp_w10,mcp4-n090-r14-06,212.59422639233705,3399.333466666664,3399.333466666664,0.0,3.7180312,208.87619519233704,207.178820035,206.97671418700017,304,293,2180,295,222,151,375,316.0,,
dp_w10,mcp4-n090-r14-07,152.72967136225745,2659.666833333333,2659.666833333333,0.0,3.508115414,149.22155594825745,145.17316138599995,144.992314534,281,275,5374,301,221,157,354,305.0,,
dp_w10,mcp4-n090-r14-08,207.0152122974983,2623.500133333331,2623.500133333331,0.0,4.286572218,202.7286400794983,197.55667709700006,197.3776922490001,358,349,3784,288,221,144,427,364.0,,
dp_w10,mcp4-n090-r14-09,148.21885316961462,2984.0002000000004,2984.0002000000004,0.0,4.043816024,144.17503714561462,141.35129246499991,141.24261192,303,292,2506,293,220,149,367,307.0,,
dp_w10,mcp4-n090-r14-10,130.07936086201232,2664.0001,2664.0001,0.0,3.593581815,126.48577904701233,122.71042357399999,122.58481726300002,300,295,4672,299,222,155,374,305.0,,
dp_w10,mcp4-n090-r16-01,134.7401688568955,2082.333466666666,2082.333466666666,0.0,3.395226764,131.3449420928955,130.49716234800005,130.282105041,310,297,1019,297,214,153,375,307.0,,
dp_w10,mcp4-n090-r16-02,71.06544024253296,2594.0001499999958,2594.0001499999958,0.0,3.01789624,68.04754400253296,67.37738773000001,67.25044855799999,208,200,683,291,215,147,278,218.0,,
dp_w10,mcp4-n090-r16-03,120.29471419477758,2573.333466666667,2573.333466666667,0.0,3.049583179,117.24513101577759,116.06722341999996,115.91329411499994,269,255,1563,290,209,146,326,271.0,,
dp_w10,mcp4-n090-r16-04,90.80161164479651,2174.0001400000033,2174.0001400000033,0.0,3.299278719,87.50233292579651,85.93250654899995,85.78334352700001,190,184,2637,291,209,147,259,199.0,,
dp_w10,mcp4-n090-r16-05,110.79709399382972,2710.000149999999,2710.000149999999,0.0,2.217379934,108.57971405982971,108.11200503100001,107.93190997000005,277,268,384,289,211,145,343,282.0,,
dp_w10,mcp4-n090-r16-06,130.6834751114729,2677.0001,2677.0001,0.0,3.173131083,127.5103440284729,125.33452875600004,125.01055779499994,313,304,3023,296,211,152,382,314.0,,
dp_w10,mcp4-n090-r16-07,106.47833322286914,2343.000150000002,2343.000150000002,0.0,2.322598207,104.15573501586914,103.59516487800005,103.32009095299999,259,249,591,298,213,154,327,259.0,,
dp_w10,mcp4-n090-r16-08,87.2885650028219,2537.0001,2537.0001,0.0,1.960514151,85.3280508518219,84.95067691800004,84.74110918400002,253,245,139,294,210,150,319,255.0,,
dp_w10,mcp4-n090-r16-09,97.91603672993884,2431.000200000002,2431.000200000002,0.0,3.599710827,94.31632590293884,92.01284043500006,91.85944579900007,228,217,3138,301,211,157,295,248.0,,
dp_w10,mcp4-n090-r16-10,162.30079579891895,2754.000100000002,2754.000100000002,0.0,2.148129707,160.15266609191895,158.74054339999995,158.42503968100002,399,392,796,300,206,156,464,404.0,,
dp_w10,mcp4-n100-r08-01,2159.260646946272,6727.000199999998,6727.000199999998,0.0,12.65684808,2146.603798866272,2127.7403621370004,2126.967462879001,691,683,20250,337,300,177,773,693.0,,
dp_w10,mcp4-n100-r08-02,2863.1535284751626,7489.764852941167,7489.764852941167,0.0,10.709951424,2852.4435770511627,2843.413736221998,2842.6316127600003,762,749,6205,343,307,183,849,759.0,,
dp_w10,mcp4-n100-r08-03,1488.563638387547,7652.500149999994,7652.500149999994,0.0,11.734541355,1476.829097032547,1473.055642269,1472.7375889479997,381,374,2724,343,301,183,467,384.0,,
dp_w10,mcp4-n100-r08-04,965.5920228930802,6973.666799999995,6973.666799999995,0.0,11.321286914,954.2707359790802,937.5459078670002,937.1739662209998,408,397,24554,337,300,177,483,409.0,,
dp_w10,mcp4-n100-r08-05,925.1642307090332,7837.0001,7837.0001,0.0,10.2294277,914.9348030090332,912.9450249490003,912.5581087409998,435,426,864,337,302,177,515,455.0,,
dp_w10,mcp4-n100-r08-06,3193.216401681439,6773.400139999994,6773.600307517753,2.955199953075973e-5,14.031911716,3179.184489965439,3150.787271088001,3150.1744668060005,670,654,32284,342,299,182,744,666.0,,
dp_w10,mcp4-n100-r08-07,1625.621538937771,7155.000149999999,7155.620523108215,8.670483510974798e-5,14.819705785,1610.801833152771,1603.1400436029999,1602.669964765999,529,524,6140,338,307,178,621,567.0,,
dp_w10,mcp4-n100-r08-08,2297.5819907631635,7455.0001666666685,7455.0001666666685,0.0,12.567238852,2285.0147519111633,2269.670938125002,2269.1780100539977,619,608,7589,345,309,185,707,618.0,,
dp_w10,mcp4-n100-r08-09,1751.079410120989,8006.000100000002,8006.409190909089,5.109803946759302e-5,11.352745101,1739.726665019989,1738.8080491570004,1738.4304678059998,394,384,529,333,298,173,470,394.0,,
dp_w10,mcp4-n100-r08-10,933.9857578965192,7545.000100000001,7545.000100000001,0.0,11.04051573,922.9452421665192,922.2714842779999,922.0357020370001,304,299,563,338,304,178,391,309.0,,
dp_w10,mcp4-n100-r10-01,933.2580880660233,5748.000099999999,5748.000099999999,0.0,9.795849039,923.4622390270233,922.2337759320001,921.7326868750006,433,422,635,334,267,174,502,432.0,,
dp_w10,mcp4-n100-r10-02,676.2362837002308,5565.500150000002,5565.78968257,5.202274048960368e-5,9.240607898,666.9956758022308,633.1659576829999,632.8075933249997,467,463,43585,335,270,175,546,473.0,,
dp_w10,mcp4-n100-r10-03,471.1581645056504,5742.000200000002,5742.000200000002,0.0,8.957202439,462.2009620666504,445.429434224,445.1760874230002,273,270,13303,346,280,186,366,280.0,,
dp_w10,mcp4-n100-r10-04,500.94495123228415,5337.000100000005,5337.000100000005,0.0,9.245780166,491.6991710662842,488.4201643569999,488.15746319100015,284,279,1510,336,274,176,368,296.0,,
dp_w10,mcp4-n100-r10-05,903.9162397352518,5641.600120000003,5641.600120000003,0.0,9.169023749,894.7472159862518,882.3488520420001,881.8689355769997,568,559,12621,342,278,182,652,601.0,,
dp_w10,mcp4-n100-r10-06,1142.448694627796,4740.285857142862,4740.285857142862,0.0,9.43767659,1133.011018037796,1129.209758021999,1128.5899085239998,574,565,2649,343,269,183,649,577.0,,
dp_w10,mcp4-n100-r10-07,960.7167038343943,4962.0001,4962.031088030888,6.245068573816369e-6,9.727978649,950.9887251853943,942.727995726,942.2415546279998,464,453,7697,341,272,181,543,465.0,,
dp_w10,mcp4-n100-r10-08,894.0049833927129,5207.200240000001,5207.200240000001,0.0,11.068059412,882.9369239807129,882.0382380320001,881.6254113589993,372,366,542,344,278,184,458,418.0,,
dp_w10,mcp4-n100-r10-09,1317.363412131751,5493.0001999999995,5493.0001999999995,0.0,10.281661262,1307.081750869751,1290.1299376499987,1289.5997317789997,588,576,18585,340,273,180,667,586.0,,
dp_w10,mcp4-n100-r10-10,1013.6184647798354,5179.000099999999,5179.000099999999,0.0,8.642753911,1004.9757108688354,1003.2244094530004,1002.6577818280005,577,567,836,339,276,179,659,577.0,,
dp_w10,mcp4-n100-r12-01,191.9124977809386,4715.0001,4715.0001,0.0,6.679719947,185.2327778339386,184.95671184300005,184.86094277000007,148,144,91,342,254,182,230,154.0,,
dp_w10,mcp4-n100-r12-02,434.404642943455,4416.750150000002,4416.750150000002,0.0,8.481371049,425.92327189445496,423.8489576030002,423.42422779100013,388,383,1368,343,259,183,473,393.0,,
dp_w10,mcp4-n100-r12-03,373.70666342433816,4371.0001,4371.0001,0.0,6.656650359,367.05001306533813,365.80059067,365.46006644099975,346,337,796,337,251,177,419,347.0,,
dp_w10,mcp4-n100-r12-04,844.4327882036208,4026.000100000002,4026.000100000002,0.0,8.477861236,835.9549269676208,828.5415936739997,828.0254417690003,633,623,7499,342,256,182,710,633.0,,
dp_w10,mcp4-n100-r12-05,455.2989794407722,4321.0001,4321.188298313379,4.35543413616125e-5,7.835265318,447.4637141227722,444.1777604650002,443.6560748269999,461,454,2557,338,253,178,539,464.0,,
dp_w10,mcp4-n100-r12-06,380.78361107594253,4808.0001,4808.0001,0.0,7.073439138,373.7101719379425,371.7777634009998,371.4300178169999,413,405,1248,327,251,167,485,415.0,,
dp_w10,mcp4-n100-r12-07,748.5078255741265,4274.0002,4274.0002,0.0,7.272894582,741.2349309921265,734.3776567000001,733.66189005,612,596,8341,332,259,172,687,645.0,,
dp_w10,mcp4-n100-r12-08,630.4378353942876,4097.0001333333275,4097.171332567429,4.178648487430295e-5,7.192038237,623.2457971572876,611.3066143409995,610.802048474,490,481,9639,340,256,180,572,499.0,,
dp_w10,mcp4-n100-r12-09,219.29972321688683,4716.000100000001,4716.000100000001,0.0,9.281089136,210.01863408088684,209.66395081600007,209.56607148200004,158,154,227,336,252,176,236,174.0,,
dp_w10,mcp4-n100-r12-10,318.04724588982873,3990.000100000002,3990.000100000002,0.0,7.110317856,310.93692803382874,310.33262903800005,310.0309780010002,303,295,329,329,256,169,379,311.0,,
dp_w10,mcp4-n100-r14-01,282.05937379192943,3127.0001,3127.0001,0.0,7.628593858,274.43077993392944,271.71639718099993,271.3379274270002,376,370,3317,330,237,170,448,383.0,,
dp_w10,mcp4-n100-r14-02,342.56175259274426,3279.0001,3279.0001,0.0,6.659409558,335.90234303474426,333.06444809399994,332.62889756100003,378,371,2528,339,245,179,458,387.0,,
dp_w10,mcp4-n100-r14-03,395.2615405209188,3916.0001000000016,3916.230919230762,5.8942600834079835e-5,5.956312526,389.3052279949188,384.0404077149997,383.501867526,482,468,7115,330,228,170,539,478.0,,
dp_w10,mcp4-n100-r14-04,170.83167211644164,3715.0001000000025,3715.0001000000025,0.0,4.220559045,166.61111307144165,166.24637734500007,165.98842645499994,220,215,234,345,244,185,299,227.0,,
dp_w10,mcp4-n100-r14-05,153.86047035021008,3551.0001,3551.0001000000007,0.0,4.245677288,149.61479306221008,149.273782295,149.174100709,170,163,237,342,246,182,250,173.0,,
dp_w10,mcp4-n100-r14-06,366.8111556432318,3210.0001500000008,3210.0001500000008,0.0,7.53011569,359.2810399532318,357.54383314400013,357.2399851160001,437,430,1830,331,241,171,516,442.0,,
dp_w10,mcp4-n100-r14-07,226.6211234099751,3198.0002000000004,3198.0002000000004,0.0,5.596151448,221.0249719619751,219.62310960799982,219.411456503,351,344,813,337,244,177,432,415.0,,
dp_w10,mcp4-n100-r14-08,311.6009928146493,3560.0001,3560.0001,0.0,4.595332996,307.0056598186493,304.1356833579999,303.8531688209998,317,303,1816,333,236,173,383,313.0,,
dp_w10,mcp4-n100-r14-09,148.53953357348558,3627.7501625000004,3627.7501625000004,0.0,4.758908707,143.7806248664856,143.41201518700004,143.24460755299995,217,210,348,335,239,175,289,222.0,,
dp_w10,mcp4-n100-r14-10,254.29774670432886,3540.600140000001,3540.600140000001,0.0,5.975294636,248.32245206832886,245.17246515700012,244.90655050600006,360,355,3855,335,244,175,443,400.0,,
dp_w10,mcp4-n100-r16-01,158.89162780235023,3241.0000999999993,3241.0000999999993,0.0,3.437430634,155.45419716835022,154.91851882400007,154.51730808899993,342,334,425,336,230,176,416,351.0,,
dp_w10,mcp4-n100-r16-02,131.61360157289013,2910.0001500000003,2910.0001500000003,0.0,4.083279498,127.53032207489014,127.01581336899999,126.76202772199993,292,284,458,328,230,168,364,297.0,,
dp_w10,mcp4-n100-r16-03,217.98445742548023,3159.000100000002,3159.000100000002,0.0,3.327046327,214.65741109848022,214.06500244699996,213.74384953699993,388,378,522,333,226,173,456,388.0,,
dp_w10,mcp4-n100-r16-04,221.64035279590698,3067.0001,3067.0001,0.0,4.812010835,216.82834196090698,216.362507773,216.09831315399995,272,264,369,330,230,170,344,298.0,,
dp_w10,mcp4-n100-r16-05,137.22389152751185,2811.0000999999997,2811.0000999999997,0.0,5.257747681,131.96614384651184,131.46689863899996,131.32338789100004,241,236,581,334,231,174,317,251.0,,
dp_w10,mcp4-n100-r16-06,207.72481439214747,2984.000100000001,2984.000100000001,0.0,4.349671341,203.37514305114746,202.77777785400002,202.50572970600012,397,386,423,337,235,177,471,403.0,,
dp_w10,mcp4-n100-r16-07,24.81740810712671,2678.0001,2678.0001,0.0,5.420804046,19.39660406112671,19.187237167000003,19.161457334999994,45,42,119,338,232,178,124,52.0,,
dp_w10,mcp4-n100-r16-08,199.6854708690399,3016.0002,3016.0002,0.0,4.348603775,195.33686709403992,192.45598515999984,192.152317333,359,354,3616,339,232,179,438,383.0,,
dp_w10,mcp4-n100-r16-09,98.52461792631885,2889.0001599999982,2889.0001599999982,0.0,4.926464812,93.59815311431885,93.21858526200005,93.09712263900008,210,206,278,334,231,174,288,218.0,,
dp_w10,mcp4-n100-r16-10,100.35454785881409,2992.0001,2992.0001,0.0,3.571128965,96.78341889381409,96.540200029,96.417165449,205,197,123,342,233,182,279,207.0,,
dp_w10,mcp4-n110-r08-01,2338.5842287884034,7634.000199999997,7634.000199999997,0.0,21.939771925,2316.6444568634033,2311.516754053001,2311.1057309689995,448,437,3382,336,328,162,535,494.0,,
dp_w10,mcp4-n110-r08-02,2808.9714379448433,7522.000100000002,7522.000100000002,0.0,23.994282021,2784.9771559238434,2777.2172673229993,2776.759275565,450,444,5913,340,328,166,542,454.0,,
dp_w10,mcp4-n110-r08-03,3759.650263479518,7079.000100000001,14971.316308280533,1.1148913825104383,21.888386658,3737.761876821518,3732.876356274,3732.4565904510014,486,478,2558,332,319,158,567,488.0,,
dp_w10,mcp4-n110-r08-04,3685.4582153075526,6955.500150000001,15528.064985496187,1.232487190083115,21.859638285,3663.5985770225525,3658.560933719002,3658.0059371070006,716,708,2278,333,322,159,802,764.0,,
dp_w10,mcp4-n110-r08-05,3605.5591633212475,6487.66679999998,13867.77555899558,1.1375597709481045,23.98009323,3581.5790700912476,3528.4131036869985,3528.079062142997,483,476,32959,334,323,160,569,486.0,,
dp_w10,mcp4-n110-r08-06,3586.4364433932874,8346.666800000003,8347.13428161116,5.600817935567671e-5,24.698240583,3561.7382028102875,3555.7807922789984,3555.4723851620006,387,379,2656,337,324,163,475,416.0,,
dp_w10,mcp4-n110-r08-07,3978.1476754055016,6723.000166666667,8233.418157690241,0.22466427987201065,28.752832304,3949.3948431015015,3945.2957802329984,3944.9811528969994,387,382,2369,335,323,161,477,392.0,,
dp_w10,mcp4-n110-r08-08,3742.566142283827,7109.000199999999,15397.580580513712,1.1659277180093082,24.938878261,3717.627264022827,3694.3127578320027,3693.8502091859978,727,721,17451,339,324,165,818,742.0,,
dp_w10,mcp4-n110-r08-09,3700.748150741985,6993.20022,14872.731985887402,1.1267419089979098,24.884725964,3675.8634247779846,3660.7257635019996,3660.386800223002,631,625,13573,337,323,163,719,663.0,,
dp_w10,mcp4-n110-r08-10,3603.502671104529,7143.5001500000035,14193.484948484856,0.9869090292501568,23.819239956,3579.683431148529,3546.6893395640036,3546.321048232001,648,639,32720,336,326,162,736,649.0,,
dp_w10,mcp4-n110-r10-01,1534.9733281042202,5975.000100000002,5975.352051851849,5.890407463707555e-5,16.073689213,1518.89963889122,1510.751061796999,1510.3223612399988,509,502,7221,331,283,157,585,526.0,,
dp_w10,mcp4-n110-r10-02,2932.892138040539,5588.000100000002,5588.483155406135,8.64451319771334e-5,16.175814188,2916.716323852539,2909.077343608997,2908.3418636790007,717,703,5849,335,292,161,799,713.0,,
dp_w10,mcp4-n110-r10-03,2404.9087364279417,6293.200139999999,6293.200139999999,0.0,16.136490544,2388.7722458839417,2383.6250385979997,2383.0815324180016,608,599,3778,327,291,153,689,609.0,,
dp_w10,mcp4-n110-r10-04,2007.6879013104815,5736.000100000001,5736.000100000001,0.0,15.665484242,1992.0224170684814,1985.6754214690009,1984.8826279759999,780,769,3826,334,293,160,862,789.0,,
dp_w10,mcp4-n110-r10-05,3080.099593678171,6081.666800000003,6081.666800000003,0.0,16.614428559,3063.485165119171,3057.009016766,3056.4609660769993,637,629,2891,334,286,160,714,647.0,,
dp_w10,mcp4-n110-r10-06,2289.400200177469,6171.000100000001,6171.000100000001,0.0,13.403923322,2275.9962768554688,2271.7606238419994,2271.1952409130004,587,581,2980,335,289,161,669,591.0,,
dp_w10,mcp4-n110-r10-07,1397.8128454252533,6631.000099999999,6631.000099999999,0.0,16.403966622,1381.4088788032532,1378.9193597010012,1378.4064553599992,564,557,1402,334,291,160,647,567.0,,
dp_w10,mcp4-n110-r10-08,2361.8911525264994,6140.00015,6140.382390939309,6.22542231222516e-5,19.268209602,2342.6229429244995,2280.7622817870015,2280.169944358,722,712,60904,328,296,154,806,736.0,,
dp_w10,mcp4-n110-r10-09,1869.0353474801698,6376.000149999998,6376.000149999998,0.0,18.172564525,1850.8627829551697,1843.303527536001,1842.9930056799992,412,405,7204,334,297,160,496,463.0,,
dp_w10,mcp4-n110-r10-10,2526.122985398864,6065.000139999998,6065.58347994271,9.618135684197579e-5,18.559650457,2507.563334941864,2353.3489092689993,2352.5997746940025,687,675,181496,328,293,154,769,687.0,,
dp_w10,mcp4-n110-r12-01,1083.330558532609,5279.500150000005,5279.666361921335,3.148251095886501e-5,9.209939474,1074.120619058609,1059.3068743120002,1058.6526571849997,513,505,17793,335,271,161,598,576.0,,
dp_w10,mcp4-n110-r12-02,1303.3154284480877,4376.000099999999,4376.000099999999,0.0,12.862905455,1290.4525229930878,1287.683139886,1287.079247031001,617,605,1531,329,271,155,693,668.0,,
dp_w10,mcp4-n110-r12-03,1876.1023721425215,5184.000100000001,5184.000100000001,0.0,12.739618036,1863.3627541065216,1858.243257238998,1857.545805277002,744,732,4761,329,271,155,824,762.0,,
dp_w10,mcp4-n110-r12-04,602.6252693557128,4269.000100000001,4269.000100000001,0.0,12.551408472,590.0738608837128,589.3486787100004,589.1129132030004,338,330,357,329,270,155,417,342.0,,
dp_w10,mcp4-n110-r12-05,1468.809886956628,4786.500150000001,4786.500150000001,0.0,14.619347835,1454.1905391216278,1446.180961018,1445.6572318610001,528,517,6867,331,269,157,601,541.0,,
dp_w10,mcp4-n110-r12-06,1095.175971672129,4867.6668,4867.6668,0.0,13.459075615,1081.716896057129,1079.85958986,1079.1614842889994,693,683,824,328,269,154,771,695.0,,
dp_w10,mcp4-n110-r12-07,1036.3542585813811,5195.500150000001,5195.500150000001,0.0,12.646878525,1023.7073800563812,1019.5320276120001,1019.1751859869996,449,439,3014,334,263,160,523,449.0,,
dp_w10,mcp4-n110-r12-08,1283.465503536173,4649.555699999993,4649.555699999993,0.0,14.887689434,1268.5778141021729,1261.9052249110002,1261.4114259879998,512,497,7434,325,272,151,585,507.0,,
dp_w10,mcp4-n110-r12-09,1783.2391187947228,4766.000166666667,4766.000166666667,0.0,12.892130832,1770.3469879627228,1763.8416494100009,1763.3494306010002,687,679,4700,323,269,149,765,689.0,,
dp_w10,mcp4-n110-r12-10,1631.3491017035108,4922.0001,4922.0001,0.0,13.662462633,1617.6866390705109,1610.88052777,1610.3029394169985,747,733,4573,329,269,155,818,743.0,,
dp_w10,mcp4-n110-r14-01,213.9989247402909,4101.80018,4101.80018,0.0,6.854720839,207.1442039012909,206.51623495300004,206.317198592,187,185,713,335,252,161,268,219.0,,
dp_w10,mcp4-n110-r14-02,540.4938757614634,4067.0001333333353,4067.0001333333353,0.0,9.825890799,530.6679849624634,529.33075442,528.871425955,464,457,934,332,255,158,541,498.0,,
dp_w10,mcp4-n110-r14-03,454.1448364514869,4554.000100000001,4554.000100000001,0.0,8.042392518,446.10244393348694,442.580653339,442.1971097729996,448,443,3266,339,256,165,534,489.0,,
dp_w10,mcp4-n110-r14-04,516.1598711389545,4383.0001,4383.0001,0.0,7.20740632,508.95246481895447,508.0762099020001,507.72988983999977,427,416,549,329,254,155,498,426.0,,
dp_w10,mcp4-n110-r14-05,1078.2035995088206,3578.0000999999975,3578.0000999999975,0.0,9.785258349,1068.4183411598206,1066.9445375489995,1066.4267658969998,635,619,953,332,256,158,705,633.0,,
dp_w10,mcp4-n110-r14-06,745.6926688539162,3597.0002000000004,3597.0002,0.0,10.997875868,734.6947929859161,733.5238526449995,733.2916193409999,363,355,843,330,253,156,437,388.0,,
dp_w10,mcp4-n110-r14-07,808.017772956574,4315.166799999999,4315.166799999999,0.0,9.114059015,798.9037139415741,792.9997199489998,792.5160319589988,564,548,6303,327,256,153,636,568.0,,
dp_w10,mcp4-n110-r14-08,665.4898986903422,4166.666799999999,4166.666799999999,0.0,8.322084674,657.1678140163422,655.8866624890001,655.4675435710001,516,505,801,332,257,158,590,517.0,,
dp_w10,mcp4-n110-r14-09,493.2497643548762,4067.0002,4067.0002,0.0,7.952385338,485.2973790168762,484.25607454300024,483.9272997770004,446,434,802,330,255,156,521,444.0,,
dp_w10,mcp4-n110-r14-10,1068.1776819929792,3643.000199999997,3643.2501499999944,6.861103109386889e-5,11.359345983,1056.8183360099792,1026.7323901889995,1026.322667014,615,600,35844,325,248,151,678,626.0,,
dp_w10,mcp4-n110-r16-01,356.86556864713987,3365.0001,3365.0001,0.0,5.28158761,351.5839810371399,348.18756408800004,347.769181471,416,409,5047,335,245,161,493,419.0,,
dp_w10,mcp4-n110-r16-02,457.65179304664673,3295.000100000001,3295.000100000001,0.0,5.969677015,451.68211603164673,450.64421181500046,450.1083052410005,571,562,578,332,247,158,652,572.0,,
dp_w10,mcp4-n110-r16-03,260.42680170482896,3681.000200000001,3681.000200000001,0.0,6.314528727,254.11227297782898,253.200674528,252.94563749400004,326,320,851,325,242,151,398,330.0,,
dp_w10,mcp4-n110-r16-04,607.5267061914694,3299.3335000000006,3299.3335000000006,0.0,7.297363254,600.2293429374695,598.5733178629998,598.2495017840007,490,476,977,320,239,146,553,486.0,,
dp_w10,mcp4-n110-r16-05,269.48038974161545,3513.0001,3513.0001,0.0,5.056879667,264.4235100746155,263.911123373,263.7481933920001,309,303,443,333,243,159,383,316.0,,
dp_w10,mcp4-n110-r16-06,488.97609832461075,3310.500150000002,3310.6641203739855,4.953039315928585e-5,5.669080283,483.3070180416107,447.78218745500004,447.3086888859998,598,589,40727,324,240,150,670,607.0,,
dp_w10,mcp4-n110-r16-07,341.9989590658688,3346.0001,3346.0001,0.0,5.772257091,336.2267019748688,335.2390343189999,335.07543855799986,363,358,690,325,247,151,443,368.0,,
dp_w10,mcp4-n110-r16-08,391.493363038036,3322.0001500000017,3322.0001500000017,0.0,5.366311923,386.127051115036,384.3144792120001,383.9706417469999,456,445,1797,329,242,155,524,455.0,,
dp_w10,mcp4-n110-r16-09,267.48489133498805,3576.0001,3576.0001000000007,0.0,6.461559216,261.02333211898804,260.5285427220001,260.37188877400007,292,284,415,326,241,152,366,324.0,,
dp_w10,mcp4-n110-r16-10,432.2939762484126,3257.0001000000016,3257.0001000000016,0.0,7.605552138,424.6884241104126,423.91901124400033,423.69978764900003,364,351,656,323,241,149,433,361.0,,
dp_w10,mcp4-n120-r08-01,3602.9807035528133,7542.8919851351375,17844.56380332174,1.3657456368841319,37.611991366,3565.3687121868134,3561.765910020003,3561.2721966239997,499,494,1618,364,350,174,590,550.0,,
dp_w10,mcp4-n120-r08-02,4438.875026920184,8093.000100000001,19822.480655350766,1.4493365143231325,38.76389406,4400.111132860184,4398.279879793002,4397.833924606002,463,458,797,367,347,177,554,468.0,,
dp_w10,mcp4-n120-r08-03,3602.2169151085614,7845.666866666654,17479.597324750895,1.2279300946380047,35.94481013,3566.2721049785614,3562.1076574349977,3561.6388292290017,526,518,1982,373,348,183,616,567.0,,
dp_w10,mcp4-n120-r08-04,3705.201660645604,6318.50015,25772.782705851576,3.078939953155113,39.80690862,3665.3947520256042,3664.2516469779994,3663.894420549999,388,382,510,361,338,171,468,392.0,,
dp_w10,mcp4-n120-r08-05,3770.0878564828563,7437.000200000023,11001.285690155897,0.4792638690739665,36.145325374,3733.942531108856,3732.2472224629973,3731.9077250929995,366,362,623,362,349,172,459,372.0,,
dp_w10,mcp4-n120-r08-06,3624.0243233418696,7644.500149999998,16882.82467912458,1.2084929488979845,42.148321507,3581.8760018348694,3578.2857078330017,3577.752190975,518,511,2193,373,343,183,603,521.0,,
dp_w10,mcp4-n120-r08-07,3682.5631355231253,5288.000200000004,17609.21223916671,2.330032445756469,47.301068682,3635.2620668411255,3630.7514389579974,3630.209053523002,626,622,2947,368,350,178,719,632.0,,
dp_w10,mcp4-n120-r08-08,3602.8905850868146,8132.000200000002,16953.142203944997,1.0847444401126543,45.610210083,3557.2803750038147,3548.3307648240025,3547.866212408998,648,646,5720,376,349,186,745,658.0,,
dp_w10,mcp4-n120-r08-09,3652.2005588998195,4757.000300000003,17398.540128044107,2.657460380661337,53.629863738,3598.5706951618195,3588.3950015650003,3588.051822181999,465,459,1958,369,344,179,553,469.0,,
dp_w10,mcp4-n120-r08-10,687.9367407246144,9149.000100000001,9149.000100000001,0.0,29.630407898,658.3063328266144,657.7273830189998,657.689162815,69,66,264,368,344,178,158,76.0,,
dp_w10,mcp4-n120-r10-01,3601.5570915896687,6709.500150000002,10909.577994549101,0.6259896789105964,24.106085654,3577.451005935669,3488.755297018004,3488.283833891997,571,566,86405,370,315,180,658,576.0,,
dp_w10,mcp4-n120-r10-02,3747.974416109623,6128.666866666655,7882.061799085443,0.28609728193179634,26.095027062,3721.8793890476227,3720.005308643998,3719.470476116001,557,551,658,368,314,178,644,561.0,,
dp_w10,mcp4-n120-r10-03,2716.1621460775045,7147.000149999996,7147.681554965097,9.534139510283034e-5,27.792506204,2688.3696398735046,2643.1604302739947,2642.472244930998,609,603,38408,367,309,177,692,621.0,,
dp_w10,mcp4-n120-r10-04,3352.6085280669736,7145.333466666665,7145.524135577603,2.668439644248051e-5,24.127595116,3328.4809329509735,3241.774666138004,3240.808013408005,886,882,88916,366,314,176,972,892.0,,
dp_w10,mcp4-n120-r10-05,3945.3563439372706,6861.000100000001,12286.701383666796,0.7908032654986834,26.836082888,3918.5202610492706,3891.469747940999,3890.547006461001,791,786,20721,367,308,177,878,796.0,,
dp_w10,mcp4-n120-r10-06,3932.181918753459,5936.000166666667,12780.666766666667,1.15307722503714,26.894097699,3905.2878210544586,3898.5481493839984,3897.804791206,662,654,3886,372,310,182,743,664.0,,
dp_w10,mcp4-n120-r10-07,3602.2669432945163,6135.823682352941,11419.2487938349,0.861078379203995,29.328402359,3572.9385409355164,3543.7615113839993,3542.578136939998,920,914,19088,366,313,176,1008,976.0,,
dp_w10,mcp4-n120-r10-08,2025.325647542546,7300.000099999999,7300.000099999999,0.0,24.514336536,2000.811311006546,1996.0296778620007,1995.7819552360015,396,393,4948,353,308,163,477,441.0,,
dp_w10,mcp4-n120-r10-09,3621.3386993455015,5777.500149999992,11400.336054918178,0.9732299020222777,26.539777522,3594.7989218235016,3541.306237140998,3540.7160238219985,684,679,47162,358,312,168,768,689.0,,
dp_w10,mcp4-n120-r10-10,3646.4357345200056,6279.500150000005,11615.047688979696,0.8496771098858379,26.211394558,3620.2243399620056,3595.955533013003,3595.4516890179975,613,608,26112,367,314,177,700,618.0,,
dp_w10,mcp4-n120-r12-01,2598.189865381258,5697.000100000003,5697.000100000003,0.0,16.127603323,2582.062262058258,2577.939928562002,2577.1314302700002,746,739,2028,366,292,176,830,749.0,,
dp_w10,mcp4-n120-r12-02,2503.3819523016045,5520.000199999997,5520.024196385542,4.3471711369893345e-6,17.52887036,2485.8530819416046,2481.716874323001,2481.277466599999,656,642,2942,365,289,175,731,657.0,,
dp_w10,mcp4-n120-r12-03,542.1462259571783,5226.000150000001,5226.000150000001,0.0,17.86338499,524.2828409671783,523.7901494480002,523.614665963,218,214,350,371,291,181,308,226.0,,
dp_w10,mcp4-n120-r12-04,2342.5414236936795,5197.000149999998,5197.000149999999,0.0,18.041037694,2324.5003859996796,2322.682265175001,2322.240803784,579,571,1146,373,291,183,658,581.0,,
dp_w10,mcp4-n120-r12-05,2706.168078453734,5477.000100000001,5477.000100000001,0.0,18.736990483,2687.4310879707336,2685.3595552520005,2684.6655117840005,758,744,1247,362,286,172,828,754.0,,
dp_w10,mcp4-n120-r12-06,2739.6237043049714,5150.300149999995,5150.512489810457,4.122862828921806e-5,18.334375253,2721.2893290519714,2680.0550073539994,2679.3316450410007,913,903,38168,362,300,172,1002,921.0,,
dp_w10,mcp4-n120-r12-07,1522.9517413713768,5552.000100000002,5552.000100000002,0.0,19.449180279,1503.5025610923767,1502.426813398999,1502.1358453030002,445,439,820,359,291,169,529,451.0,,
dp_w10,mcp4-n120-r12-08,3486.080872889538,5772.666800000006,5773.241926814398,9.962931073577571e-5,18.626911994,3467.4539608955383,3375.617226459998,3375.122666494,786,776,115414,359,288,169,863,786.0,,
dp_w10,mcp4-n120-r12-09,1525.095914992943,5736.0001,5736.0001,0.0,18.60949007,1506.4864249229431,1505.470623827,1505.1682726880003,411,404,763,361,286,171,490,424.0,,
dp_w10,mcp4-n120-r12-10,2203.78698901615,5593.000100000001,5593.339340506329,6.0654478859703435e-5,18.4611309,2185.32585811615,2183.1854594489996,2182.843805943999,469,458,1242,372,291,182,548,468.0,,
dp_w10,mcp4-n120-r14-01,81.6827562109192,4963.0001,4963.0001,0.0,15.979745175,65.70301103591919,65.381277397,65.249421579,57,55,94,369,279,179,144,83.0,,
dp_w10,mcp4-n120-r14-02,1187.2008657341412,4841.000150000002,4841.291124933076,6.0106367291627054e-5,13.017503727,1174.183362007141,1107.770862274001,1107.1789965560013,686,680,54096,364,276,174,771,692.0,,
dp_w10,mcp4-n120-r14-03,1473.4421343244842,4269.333466666672,4269.544106043955,4.933776640486192e-5,16.452078525,1456.9900557994843,1420.5103351499997,1420.0711665379986,665,652,32989,357,270,167,737,690.0,,
dp_w10,mcp4-n120-r14-04,1124.5034632710142,4003.000150000001,4003.1662321326908,4.1489414555618466e-5,20.841487172,1103.6619760990143,1080.2545091429997,1079.8873163439996,397,393,25372,372,279,182,486,403.0,,
dp_w10,mcp4-n120-r14-05,859.4096933338944,4559.0001,4559.0001,0.0,15.072553489,844.3371398448944,841.6721210650004,841.3732033630004,320,314,1892,355,268,165,399,324.0,,
dp_w10,mcp4-n120-r14-06,3118.4884885983583,4695.000119999999,4695.191335059777,4.0727381233418896e-5,16.045219584,3102.4432690143585,3076.3168306700013,3075.5217479829985,733,717,30945,361,273,171,805,733.0,,
dp_w10,mcp4-n120-r14-07,1730.6657198959072,4324.333466666666,4324.370342307692,8.527473958807429e-6,16.099532991,1714.5661869049072,1605.4514262689984,1604.8819143670007,746,736,106041,354,277,164,827,766.0,,
dp_w10,mcp4-n120-r14-08,1560.383167059912,4333.000200000002,4333.428671428574,9.888562400051493e-5,14.431175025,1545.951992034912,1519.0879882120012,1518.6018188650005,586,579,18354,367,274,177,665,591.0,,
dp_w10,mcp4-n120-r14-09,848.3968063563002,4077.0001,4077.0001,0.0,14.507463333,833.8893430233002,830.4250211599999,830.0247478539999,502,494,3789,367,278,177,587,504.0,,
dp_w10,mcp4-n120-r14-10,1911.4312224248654,4344.000099999999,4344.000099999999,0.0,12.655443416,1898.7757790088654,1895.3790109109998,1894.5540032309993,917,898,1679,370,281,180,995,910.0,,
dp_w10,mcp4-n120-r16-01,1261.8748138716728,3533.0001,3533.0001,0.0,10.133913832,1251.7409000396729,1249.0763828050005,1248.2395505350016,662,651,1849,364,262,174,734,668.0,,
dp_w10,mcp4-n120-r16-02,970.5663048598777,4065.0001500000026,4065.000150000003,0.0,9.916074929,960.6502299308777,936.1755896800009,935.4349459929995,709,700,25166,364,262,174,784,710.0,,
dp_w10,mcp4-n120-r16-03,772.5245479667376,4025.400140000005,4025.7192489887675,7.927385543398648e-5,7.664894017,764.8596539497375,711.5216935350002,711.0057493929999,596,588,42686,367,259,177,673,600.0,,
dp_w10,mcp4-n120-r16-04,1399.2780783516653,3979.0001000000007,3979.0001000000007,0.0,12.718965326,1386.5591130256653,1370.4310906870007,1369.8786281320004,640,629,16303,372,267,182,723,677.0,,
dp_w10,mcp4-n120-r16-05,341.3743471473774,3748.0000999999997,3748.0000999999997,0.0,10.218798098,331.15554904937744,330.67428618300005,330.47073253499997,249,243,226,360,254,170,322,255.0,,
dp_w10,mcp4-n120-r16-06,1557.4249170233136,3716.000149999997,3716.000149999997,0.0,13.658962052,1543.7659549713135,1534.7975233880006,1533.975171233999,656,646,10379,364,260,174,731,659.0,,
dp_w10,mcp4-n120-r16-07,703.3709036612526,3743.5001999999945,3743.5001999999945,0.0,11.033199718,692.3377039432526,691.365935977,691.0677726869999,456,448,524,361,261,171,532,458.0,,
dp_w10,mcp4-n120-r16-08,1203.9571327012907,3480.3334666666656,3480.3334666666656,0.0,14.455288772,1189.5018439292908,1187.853807865,1187.2677394440007,633,622,948,363,262,173,714,654.0,,
dp_w10,mcp4-n120-r16-09,514.8746080689336,3623.000100000001,3623.000100000001,0.0,10.293042212,504.5815658569336,503.91605965300033,503.592082599,406,401,314,361,264,171,486,416.0,,
dp_w10,mcp4-n120-r16-10,734.5067420152104,3788.0001333333307,3788.0001333333307,0.0,13.369165912,721.1375761032104,718.8207818609994,718.3349152879998,572,563,1181,360,257,170,643,573.0,,
dp_w20,mcp4-n070-r08-01,77.70312980426391,4283.000133333328,4283.0001333333275,0.0,3.461885965,74.24124383926392,73.84638676599997,73.63127878299997,173,166,366,395,308,283,327,207.0,,
dp_w20,mcp4-n070-r08-02,137.0357889660747,4517.500150000002,4517.500150000002,0.0,3.317736102,133.7180528640747,131.948294845,131.6067438219999,205,195,1671,405,313,293,363,274.0,,
dp_w20,mcp4-n070-r08-03,129.19748534112074,3691.0001999999995,3691.0001999999995,0.0,3.407379283,125.79010605812073,122.19931183900002,121.85516270999996,220,207,4723,400,313,288,374,332.0,,
dp_w20,mcp4-n070-r08-04,114.52627481814588,4690.000099999999,4690.0001,0.0,2.523295778,112.00297904014587,111.07021181999994,110.808545917,211,201,648,402,316,290,372,234.0,,
dp_w20,mcp4-n070-r08-05,131.82556951574279,3845.000100000002,3845.000100000001,0.0,3.79365552,128.0319139957428,124.9608973140001,124.69210190899999,232,221,3396,394,314,282,395,313.0,,
dp_w20,mcp4-n070-r08-06,78.95553246294617,4825.00015,4825.00015,0.0,3.30463949,75.65089297294617,75.35472045899999,75.15863798700003,140,134,136,404,319,292,307,160.0,,
dp_w20,mcp4-n070-r08-07,59.47876673600305,3732.0001000000057,3732.0001000000057,0.0,3.923673686,55.55509305000305,55.006459242999995,54.84515822299999,129,120,484,399,319,287,291,168.0,,
dp_w20,mcp4-n070-r08-08,61.99057442689197,4167.000099999999,4167.000099999999,0.0,3.709618397,58.28095602989197,57.681179954,57.485445627000004,144,135,747,396,318,284,306,221.0,,
dp_w20,mcp4-n070-r08-09,132.24374326563208,4190.000099999999,4190.000099999999,0.0,3.338183249,128.90556001663208,128.17605116600004,127.92651896600003,222,215,632,400,322,288,398,347.0,,
dp_w20,mcp4-n070-r08-10,96.60693879153345,4291.0001,4291.410766666667,9.570418482783464e-5,3.081751776,93.52518701553345,90.40710420000006,90.11037906600004,256,246,3249,391,321,279,420,304.0,,
dp_w20,mcp4-n070-r10-01,51.24153328888086,3716.0001999999995,3716.0001999999995,0.0,1.923147211,49.31838607788086,47.41199111400001,47.155446778,179,174,2487,393,287,281,334,212.0,,
dp_w20,mcp4-n070-r10-02,54.453051341223876,3023.000150000003,3023.000150000003,0.0,2.532831443,51.92021989822388,50.29168194299999,50.09880392499999,131,124,1595,395,288,283,280,168.0,,
dp_w20,mcp4-n070-r10-03,53.30350060347949,3403.000100000002,3403.000100000002,0.0,2.658452462,50.64504814147949,49.764416981,49.609112744000015,155,149,926,399,292,287,315,188.0,,
dp_w20,mcp4-n070-r10-04,70.16180980090272,3412.2501500000008,3412.2501500000008,0.0,1.720363735,68.44144606590271,66.921649171,66.64449328900001,223,209,1321,393,283,281,366,265.0,,
dp_w20,mcp4-n070-r10-05,55.10605125394287,3104.0001,3104.0001,0.0,1.888721275,53.21732997894287,52.52815805099996,52.301499505999985,195,188,724,401,290,289,348,287.0,,
dp_w20,mcp4-n070-r10-06,25.79385708321216,3933.0002000000018,3933.0002000000018,0.0,0.518710122,25.275146961212158,25.048926826,24.936459462,97,92,205,401,290,289,256,126.0,,
dp_w20,mcp4-n070-r10-07,36.893719214171384,3412.0001,3412.0001,0.0,1.387506026,35.50621318817139,35.208392427,35.10679152800001,125,119,272,389,285,277,274,155.0,,
dp_w20,mcp4-n070-r10-08,37.291572631864746,3314.0001499999985,3314.000149999998,0.0,1.543999733,35.747572898864746,35.404098962999996,35.23750184899999,144,137,321,396,287,284,295,173.0,,
dp_w20,mcp4-n070-r10-09,54.991457920414916,3319.6668000000004,3319.6668000000004,0.0,2.889209967,52.10224795341492,50.955636393999995,50.73897325600001,180,173,1038,390,292,278,337,213.0,,
dp_w20,mcp4-n070-r10-10,51.455695187050296,4003.5001500000017,4003.5001500000017,0.0,1.156902348,50.29879283905029,48.353909053000024,48.16418960399999,154,148,2022,402,289,290,310,183.0,,
dp_w20,mcp4-n070-r12-01,50.71732808747815,2717.0001800000005,2717.0001800000005,0.0,1.599177138,49.11815094947815,47.91797807300002,47.549099584,225,218,753,398,271,286,377,295.0,,
dp_w20,mcp4-n070-r12-02,19.02605924842212,2701.333466666667,2701.333466666667,0.0,1.405432322,17.62062692642212,17.432659435999998,17.256727081,102,98,64,397,277,285,262,143.0,,
dp_w20,mcp4-n070-r12-03,37.448041245771606,2729.0001,2729.0001,0.0,1.182455108,36.265586137771606,35.75479609199998,35.487796031,150,139,585,384,273,272,296,193.0,,
dp_w20,mcp4-n070-r12-04,32.30660743607141,2555.000100000001,2555.000100000001,0.0,1.988914441,30.31769299507141,29.835297819999994,29.637267244000007,129,126,424,382,270,270,281,181.0,,
dp_w20,mcp4-n070-r12-05,59.75790295156433,2196.0001400000037,2196.0001400000037,0.0,2.60626802,57.15163493156433,55.545993843000005,55.27773579299999,222,213,2633,390,273,278,369,266.0,,
dp_w20,mcp4-n070-r12-06,18.81563265259448,2249.0000999999993,2249.0000999999993,0.0,1.547959637,17.267673015594482,17.079467296999997,16.938975199000005,81,78,128,390,281,278,242,129.0,,
dp_w20,mcp4-n070-r12-07,44.049441835351075,2338.500199999998,2338.500199999998,0.0,2.098724863,41.950716972351074,41.37020738799998,41.14001010700002,167,158,682,393,285,281,326,226.0,,
dp_w20,mcp4-n070-r12-08,63.41891175117285,2860.333466666666,2860.333466666666,0.0,1.516878899,61.90203285217285,59.043670189000025,58.706260585,212,203,1437,391,262,279,353,237.0,,
dp_w20,mcp4-n070-r12-09,27.083095435913453,2674.0001,2674.0000999999997,0.0,1.387409334,25.695686101913452,25.463891617999998,25.283841143000018,122,119,158,392,266,280,269,155.0,,
dp_w20,mcp4-n070-r12-10,20.13783367891516,2880.0002000000013,2880.0002000000013,0.0,1.288951719,18.84888195991516,18.577229948000003,18.48621975,90,87,357,401,270,289,243,134.0,,
dp_w20,mcp4-n070-r14-01,27.186332905730346,2391.666799999999,2391.666799999999,0.0,1.550136054,25.636196851730347,22.978548933,22.861302267999996,137,132,3530,399,260,287,285,189.0,,
dp_w20,mcp4-n070-r14-02,36.943681529608035,1915.5001499999998,1915.5001499999998,0.0,1.292020372,35.65166115760803,35.31112926299999,35.109469747999995,171,163,332,369,250,257,307,212.0,,
dp_w20,mcp4-n070-r14-03,38.830782785785644,2035.5715714285716,2035.5715714285716,0.0,0.896924868,37.933857917785645,36.79511283600001,36.54244155900002,191,180,968,395,252,283,331,227.0,,
dp_w20,mcp4-n070-r14-04,12.441448543667358,2220.00015,2220.00015,0.0,0.471981619,11.969466924667358,11.852219875000003,11.750033520000002,71,68,33,393,256,281,215,113.0,,
dp_w20,mcp4-n070-r14-05,11.703211097172607,1797.5001500000008,1797.5001500000008,0.0,1.740195064,9.963016033172607,9.783368069,9.727090138999996,59,56,174,369,258,257,205,99.0,,
dp_w20,mcp4-n070-r14-06,29.42860800964453,2060.0001999999995,2060.1204518796103,5.8374693172750767e-5,1.848033974,27.58057403564453,26.31755505999999,26.148083713999988,137,129,1205,398,256,286,280,158.0,,
dp_w20,mcp4-n070-r14-07,17.885347737950926,2126.000100000001,2126.000100000001,0.0,1.024212732,16.861135005950928,16.654597766000002,16.541579434,92,88,157,375,254,263,233,122.0,,
dp_w20,mcp4-n070-r14-08,28.00588728919739,1959.0001,1959.0001,0.0,1.31957819,26.686309099197388,26.406702471000003,26.25484014799999,139,134,277,384,262,272,286,180.0,,
dp_w20,mcp4-n070-r14-09,34.93028456644629,1995.0001000000002,1995.0001000000002,0.0,1.112617559,33.81766700744629,33.469251207,33.300758418,161,155,231,390,251,278,300,217.0,,
dp_w20,mcp4-n070-r14-10,34.907629196872435,2080.0001,2080.0001,0.0,1.630831187,33.27679800987244,32.703377553,32.51902505,166,156,939,384,248,272,301,194.0,,
dp_w20,mcp4-n070-r16-01,21.335193633097656,2000.0000999999993,2000.0000999999993,0.0,0.644481658,20.690711975097656,20.457259184999995,20.334686539000003,121,114,128,383,253,271,267,161.0,,
dp_w20,mcp4-n070-r16-02,14.149623662078492,1713.0001000000004,1713.0001000000004,0.0,0.535989791,13.613633871078491,13.429022891000002,13.329843868999996,109,103,167,395,246,283,247,174.0,,
dp_w20,mcp4-n070-r16-03,35.02335375457019,1780.000133333334,1780.000133333334,0.0,1.140002667,33.88335108757019,32.304221727000005,32.061464398,183,173,1865,386,248,274,323,235.0,,
dp_w20,mcp4-n070-r16-04,31.599339382910156,2174.000150000001,2174.000150000001,0.0,0.887997525,30.711341857910156,29.261344713999996,29.00872725900002,201,188,1650,379,240,267,327,229.0,,
dp_w20,mcp4-n070-r16-05,23.05657745448523,1872.0001000000002,1872.0001000000002,0.0,0.890532504,22.16604495048523,21.411903710000004,21.236704420999992,128,122,758,398,243,286,263,149.0,,
dp_w20,mcp4-n070-r16-06,29.15953654087146,1821.2501249999982,1821.2501249999982,0.0,0.947399557,28.21213698387146,27.734328900999984,27.59750176599999,155,148,777,367,242,255,286,180.0,,
dp_w20,mcp4-n070-r16-07,24.547831693423095,1802.500150000001,1802.500150000001,0.0,1.630121866,22.917709827423096,21.855200215000004,21.684822983999997,135,126,1290,377,242,265,267,184.0,,
dp_w20,mcp4-n070-r16-08,9.735339925115479,1836.0001000000004,1836.0001000000004,0.0,1.025697038,8.709642887115479,8.590029200000002,8.526874005,63,59,37,380,243,268,199,113.0,,
dp_w20,mcp4-n070-r16-09,8.855516760917359,1988.0001000000002,1988.0001000000002,0.0,1.108217805,7.747298955917358,7.640537866999999,7.562635404000001,49,46,37,394,252,282,195,73.0,,
dp_w20,mcp4-n070-r16-10,17.482041215447754,1810.0001666666676,1810.0001666666676,0.0,0.688476419,16.793564796447754,16.496767573999996,16.385110798000007,117,111,488,400,252,288,263,134.0,,
dp_w20,mcp4-n080-r08-01,312.2829358064131,4810.833483333328,4810.833483333328,0.0,5.226243683,307.0566921234131,301.1013430689998,300.1360340280002,448,439,5652,448,350,320,623,491.0,,
dp_w20,mcp4-n080-r08-02,228.16388537187035,5122.000300000003,5122.000300000003,0.0,4.703691261,223.46019411087036,222.84125928000017,222.304406712,253,240,389,454,341,326,417,288.0,,
dp_w20,mcp4-n080-r08-03,385.59192338253405,6000.000100000001,6000.000100000001,0.0,4.821733382,380.77019000053406,376.18708943100006,375.55697578999997,334,322,5280,462,343,334,506,391.0,,
dp_w20,mcp4-n080-r08-04,160.90794634558605,5927.11126666667,5927.11126666667,0.0,4.258033273,156.64991307258606,147.04164084599998,146.79267681299999,190,185,13802,458,338,330,359,221.0,,
dp_w20,mcp4-n080-r08-05,239.2088584702102,5400.000100000002,5400.000100000002,0.0,5.904830436,233.3040280342102,229.369218929,228.84936236700005,274,262,1066,454,340,326,435,328.0,,
dp_w20,mcp4-n080-r08-06,310.73037813187767,4848.0001999999995,4848.0001999999995,0.0,5.312570076,305.4178080558777,293.6698379389997,293.0018866340002,393,379,17944,451,346,323,558,412.0,,
dp_w20,mcp4-n080-r08-07,296.3244030842808,4926.000150000002,4926.000150000002,0.0,4.888654984,291.43574810028076,289.16381681900015,288.7520866219999,274,263,2881,460,344,332,444,305.0,,
dp_w20,mcp4-n080-r08-08,238.88881502794433,5168.000100000001,5168.000100000001,0.0,5.361602885,233.52721214294434,231.90780268200015,231.534603362,260,248,855,455,340,327,427,304.0,,
dp_w20,mcp4-n080-r08-09,391.3863134290759,5038.500150000003,5039.000100000001,9.92259571528512e-5,5.939973345,385.4463400840759,373.4562791089999,372.9360895239999,352,340,6879,457,341,329,514,481.0,,
dp_w20,mcp4-n080-r08-10,304.95441898872537,4610.000100000001,4610.000100000001,0.0,6.092480989,298.86193799972534,296.3073674670001,295.82550642800004,276,267,1789,451,343,323,446,312.0,,
dp_w20,mcp4-n080-r10-01,158.27630517847888,3691.000150000001,3691.000150000001,0.0,3.942666272,154.33363890647888,153.7488212439999,153.307013425,252,244,548,438,308,310,407,296.0,,
dp_w20,mcp4-n080-r10-02,169.00297064541638,3995.250150000001,3995.250150000001,0.0,3.934590528,165.06838011741638,164.26053981800013,163.81524720499996,300,290,807,455,312,327,463,325.0,,
dp_w20,mcp4-n080-r10-03,121.28902116232898,4124.000099999999,4124.000099999999,0.0,3.761709122,117.52731204032898,113.96938896699996,113.582618597,225,219,3880,442,319,314,393,242.0,,
dp_w20,mcp4-n080-r10-04,116.58375786558703,4292.0001999999995,4292.0001999999995,0.0,2.697308767,113.88644909858704,112.46257791899995,112.14615896600002,214,207,1667,460,318,332,378,248.0,,
dp_w20,mcp4-n080-r10-05,241.74035867004517,3823.0001999999995,3823.0001999999995,0.0,4.061309655,237.67904901504517,232.87386690900001,232.30307463999998,382,373,4443,447,311,319,544,458.0,,
dp_w20,mcp4-n080-r10-06,156.27968803104395,4038.0001,4038.0001,0.0,3.840644986,152.43904304504395,151.837617686,151.40963028300004,261,251,412,453,316,325,423,432.0,,
dp_w20,mcp4-n080-r10-07,42.32817204039954,3943.0001,3943.0001,0.0,3.231639934,39.096532106399536,38.90131926099999,38.785486221,99,96,96,447,310,319,257,147.0,,
dp_w20,mcp4-n080-r10-08,118.22527503086023,4339.0001,4339.0001,0.0,3.370021096,114.85525393486023,114.46407980800002,114.12355324199997,184,175,356,449,311,321,338,226.0,,
dp_w20,mcp4-n080-r10-09,161.8886644281227,3860.000100000004,3860.000100000004,0.0,4.299314443,157.58934998512268,156.88335778899997,156.548848593,252,241,629,453,316,325,416,272.0,,
dp_w20,mcp4-n080-r10-10,143.0468752220996,4385.500150000002,4385.500150000002,0.0,3.508091195,139.5387840270996,138.69909662400002,138.4229597679999,228,221,605,447,317,319,396,250.0,,
dp_w20,mcp4-n080-r12-01,130.01130483421338,3733.0000999999997,3733.0000999999997,0.0,1.447323778,128.56398105621338,126.94310406299998,126.37033158100002,233,227,2015,453,301,325,399,349.0,,
dp_w20,mcp4-n080-r12-02,68.97232297308508,3525.500149999999,3525.500149999999,0.0,2.366563114,66.60575985908508,63.68327720699998,63.41188882799999,188,185,4674,452,301,324,355,220.0,,
dp_w20,mcp4-n080-r12-03,80.20100384642468,3056.0001000000025,3056.0001000000025,0.0,3.077145633,77.12385821342468,76.56413041499997,76.13578123799999,244,237,398,427,289,299,397,267.0,,
dp_w20,mcp4-n080-r12-04,93.9607220919801,3247.0002,3247.0002,0.0,2.159538153,91.8011839389801,91.39247483599996,90.95352834500001,204,196,335,459,298,331,360,230.0,,
dp_w20,mcp4-n080-r12-05,121.36092481204102,3280.000100000001,3280.000100000001,0.0,2.84828672,118.51263809204102,117.27401950299993,116.75701878500004,285,276,767,446,297,318,439,405.0,,
dp_w20,mcp4-n080-r12-06,123.43026251578198,3081.3334666666674,3081.3334666666674,0.0,2.341422508,121.08884000778198,119.37346245200003,119.039896582,277,265,1480,454,307,326,439,316.0,,
dp_w20,mcp4-n080-r12-07,83.13576101689576,2996.000200000003,2996.000200000003,0.0,3.05297398,80.08278703689575,79.66273587500004,79.44330886100003,186,177,313,452,296,324,341,231.0,,
dp_w20,mcp4-n080-r12-08,101.42570600395959,2750.0001,2750.0001,0.0,3.939434861,97.4862711429596,96.028712186,95.64650663599998,239,234,1688,436,298,308,404,291.0,,
dp_w20,mcp4-n080-r12-09,25.969076192088867,3034.000100000003,3034.000100000003,0.0,2.184532201,23.784543991088867,23.573532580000002,23.48402749900001,76,71,105,452,292,324,229,101.0,,
dp_w20,mcp4-n080-r12-10,76.8181693170321,3249.000100000001,3249.000100000001,0.0,2.965387306,73.8527820110321,72.30749444900003,72.02392483999996,192,184,1418,447,291,319,344,241.0,,
dp_w20,mcp4-n080-r14-01,68.82689362748646,2692.000100000001,2692.0001000000016,0.0,2.092717707,66.73417592048645,66.40789872,66.10275522200001,164,156,227,444,287,316,317,221.0,,
dp_w20,mcp4-n080-r14-02,42.018088150251465,2471.0002000000004,2471.0002000000004,0.0,2.215530205,39.802557945251465,39.53127709500001,39.391034338000004,131,124,182,440,279,312,280,168.0,,
dp_w20,mcp4-n080-r14-03,73.9690380533761,2417.500150000002,2417.500150000002,0.0,1.883354946,72.0856831073761,70.82054161699998,70.488592748,239,231,1068,441,275,313,381,292.0,,
dp_w20,mcp4-n080-r14-04,69.97146240979639,2289.0001,2289.0001,0.0,1.988442581,67.98301982879639,65.70714510500001,65.42333644899999,206,202,2807,448,280,320,358,263.0,,
dp_w20,mcp4-n080-r14-05,61.57612552031018,2817.0001000000007,2817.0001000000007,0.0,1.569905418,60.00622010231018,59.661591424,59.38393831400002,183,175,277,458,280,330,331,224.0,,
dp_w20,mcp4-n080-r14-06,15.913312548301025,2750.5001499999985,2750.5001499999985,0.0,1.621199721,14.292112827301025,14.132455314,14.082162772999995,47,44,59,446,269,318,186,77.0,,
dp_w20,mcp4-n080-r14-07,66.63217661447864,2926.0001,2926.0001,0.0,1.503179527,65.12899708747864,62.536344052,62.254839055999994,222,213,3624,468,277,340,367,238.0,,
dp_w20,mcp4-n080-r14-08,70.1630946954115,2455.500149999999,2455.500149999999,0.0,1.746144708,68.4169499874115,67.87467529999996,67.57363695300002,213,205,771,450,277,322,362,249.0,,
dp_w20,mcp4-n080-r14-09,47.75939540657922,2462.5001500000008,2462.5001500000008,0.0,2.122656391,45.636739015579224,44.397902712000004,44.235365660999975,163,154,981,445,285,317,322,219.0,,
dp_w20,mcp4-n080-r14-10,16.836143830710448,2858.0001333333335,2858.000133333334,0.0,1.01985679,15.81628704071045,15.716193991,15.653761756,64,61,14,425,276,297,211,101.0,,
dp_w20,mcp4-n080-r16-01,67.46902534723364,2328.0001000000007,2328.0001000000007,0.0,1.185398314,66.28362703323364,65.940003498,65.61485753400002,241,231,290,436,265,308,385,285.0,,
dp_w20,mcp4-n080-r16-02,33.8724482682384,2142.500149999999,2142.500149999999,0.0,1.552407327,32.3200409412384,31.69787832800001,31.482110598000013,136,129,1050,433,269,305,281,160.0,,
dp_w20,mcp4-n080-r16-03,31.46209266603711,1936.5001499999996,1936.5001499999996,0.0,1.237395553,30.22469711303711,29.786097470999987,29.572557495000005,140,136,476,444,269,316,295,178.0,,
dp_w20,mcp4-n080-r16-04,58.39329648424341,2156.75015,2156.75015,0.0,0.826340441,57.56695604324341,54.28208946900001,53.827414931000014,293,288,3876,460,266,332,445,364.0,,
dp_w20,mcp4-n080-r16-05,40.53695514611438,2229.0001,2229.0001,0.0,1.813630132,38.72332501411438,38.351463683000006,38.14289279000001,141,137,486,444,261,316,284,202.0,,
dp_w20,mcp4-n080-r16-06,24.80978122765991,2299.0001,2299.0001,0.0,1.348491345,23.461289882659912,23.26221257799999,23.115422390999996,110,105,41,446,269,318,259,160.0,,
dp_w20,mcp4-n080-r16-07,39.39589933358313,2319.6668333333314,2319.6668333333314,0.0,1.658719339,37.73717999458313,34.71350918900002,34.515931898000005,146,143,3771,427,261,299,290,207.0,,
dp_w20,mcp4-n080-r16-08,17.376591654492554,1812.0001000000002,1812.0001000000002,0.0,1.565432759,15.811158895492554,15.652828266999997,15.560066598999999,66,62,67,435,268,307,214,108.0,,
dp_w20,mcp4-n080-r16-09,37.202828665564695,1992.0001000000004,1992.0001000000004,0.0,1.842863818,35.3599648475647,35.00898756699998,34.81038989399999,159,154,203,420,260,292,295,183.0,,
dp_w20,mcp4-n080-r16-10,41.570052174660404,1627.0001000000004,1627.0001000000004,0.0,1.644791154,39.9252610206604,39.400766169,39.143195803,199,187,571,448,268,320,342,234.0,,
dp_w20,mcp4-n090-r08-01,723.4028119177688,6051.333466666676,6051.333466666676,0.0,9.173223886,714.2295880317688,709.3602049800004,708.5300654779992,460,451,3470,446,376,302,637,520.0,,
dp_w20,mcp4-n090-r08-02,464.14169951694277,6350.000100000001,6350.4627865671655,7.286402517763466e-5,7.53547951,456.60622000694275,455.142658421,454.5698066419996,357,352,865,433,361,289,526,383.0,,
dp_w20,mcp4-n090-r08-03,626.1382662570204,6544.400120000002,6544.400120000002,0.0,8.698135308,617.4401309490204,601.526715708,600.9791373329998,409,401,18442,448,361,304,573,624.0,,
dp_w20,mcp4-n090-r08-04,758.4009320641261,5604.000200000002,5604.000200000002,0.0,9.891909113,748.5090229511261,742.9778586530001,742.4206501770002,313,306,5176,446,372,302,490,338.0,,
dp_w20,mcp4-n090-r08-05,960.0387586992579,5733.500150000009,5733.500150000009,0.0,9.70066971,950.3380889892578,940.2746910710003,939.4394146799999,479,472,8365,443,363,299,647,498.0,,
dp_w20,mcp4-n090-r08-06,639.9501467833211,6854.833483333332,6854.833483333332,0.0,9.922326673,630.027820110321,627.7743286169999,627.2407815030002,286,280,1091,456,361,312,456,312.0,,
dp_w20,mcp4-n090-r08-07,779.9656414660134,6628.500150000002,6628.665921949794,2.5008968249407475e-5,8.505263296,771.4603781700134,766.4857364400003,765.6371234809998,409,400,3686,446,368,302,577,458.0,,
dp_w20,mcp4-n090-r08-08,1023.2455475687218,5870.00015,5870.00015,0.0,9.914392507,1013.3311550617218,1005.2483590400001,1004.4236515109994,396,385,8018,457,363,313,559,467.0,,
dp_w20,mcp4-n090-r08-09,803.8967877824964,5690.500149999998,5691.000200000006,8.787452540666957e-5,8.782062908,795.1147248744965,755.5368703579993,754.7870982589999,426,418,26921,438,361,294,588,446.0,,
dp_w20,mcp4-n090-r08-10,1065.8525757143761,6615.000100000001,6615.000100000001,0.0,9.95461076,1055.8979649543762,1045.6340892430003,1044.8396143569996,438,431,8934,451,368,307,614,580.0,,
dp_w20,mcp4-n090-r10-01,315.36576549257813,5127.500150000002,5127.500150000002,0.0,6.811047475,308.5547180175781,304.15873600399993,303.7457840980001,328,324,4356,448,333,304,496,386.0,,
dp_w20,mcp4-n090-r10-02,427.4909197196863,4945.0001999999995,4945.0001999999995,0.0,5.94979776,421.5411219596863,418.511063229,417.9228229660002,400,387,2224,434,336,290,556,407.0,,
dp_w20,mcp4-n090-r10-03,407.03856040737793,4279.0001,4279.072847057665,1.7000947876784502e-5,7.48154022,399.55702018737793,395.330410808,394.9740236589999,321,315,4082,434,325,290,478,337.0,,
dp_w20,mcp4-n090-r10-04,404.4648135620043,4416.0001,4416.0001,0.0,6.419714542,398.0450990200043,394.22654327000004,393.70615637599985,404,392,1503,434,328,290,554,484.0,,
dp_w20,mcp4-n090-r10-05,504.6190465363976,4297.000099999999,4297.000099999999,0.0,7.415508357,497.2035381793976,494.645612477,494.0846837479999,370,360,1748,427,326,283,516,454.0,,
dp_w20,mcp4-n090-r10-06,372.3670778154512,4412.000200000001,4412.0002,0.0,7.011261928,365.3558158874512,364.20230879800005,363.75555441200004,293,285,894,447,332,303,452,316.0,,
dp_w20,mcp4-n090-r10-07,439.5131141063953,4309.0001,4309.0001,0.0,6.151134145,433.36197996139526,421.5392466740002,421.08451837800004,365,358,7661,434,334,290,525,541.0,,
dp_w20,mcp4-n090-r10-08,114.8026219549419,4828.0001333333275,4828.0001333333275,0.0,4.821828002,109.9807939529419,109.21257361500003,109.05453417399998,164,161,574,448,340,304,335,246.0,,
dp_w20,mcp4-n090-r10-09,293.5452647383048,5061.000099999999,5061.000099999999,0.0,5.808742779,287.7365219593048,287.2887254170001,287.030460517,245,240,201,441,327,297,401,317.0,,
dp_w20,mcp4-n090-r10-10,397.1810641137511,4562.400139999994,4562.400139999994,0.0,6.468672022,390.7123920917511,386.1741121279998,385.7474123419999,301,292,4162,453,339,309,468,460.0,,
dp_w20,mcp4-n090-r12-01,199.84604714769617,3706.400140000001,3706.400140000001,0.0,4.756189331,195.08985781669617,193.24852066799997,192.74802759500005,270,265,2285,437,313,293,429,341.0,,
dp_w20,mcp4-n090-r12-02,244.73325617846496,3871.0001499999994,3871.0001499999994,0.0,4.536857205,240.19639897346497,239.31463429099995,238.67304794500004,336,327,801,443,311,299,489,411.0,,
dp_w20,mcp4-n090-r12-03,183.78459197877027,3755.0001000000007,3755.0001000000007,0.0,5.213871783,178.57072019577026,177.88896780899992,177.41191694599982,294,282,497,443,309,299,440,411.0,,
dp_w20,mcp4-n090-r12-04,220.434004690171,3608.0001500000044,3608.0001500000044,0.0,5.360730793,215.07327389717102,209.6285813699999,209.14024026200005,342,333,5907,439,313,295,498,381.0,,
dp_w20,mcp4-n090-r12-05,89.91512360001477,3550.0001,3550.0001,0.0,5.076285738,84.83883786201477,84.44932814200003,84.23976243500003,181,177,244,448,317,304,344,243.0,,
dp_w20,mcp4-n090-r12-06,88.02996459963256,3339.0001999999995,3339.0001999999995,0.0,4.95926157,83.07070302963257,82.72875542800001,82.441241328,128,122,217,444,312,300,282,175.0,,
dp_w20,mcp4-n090-r12-07,202.11824067485742,3782.5001499999985,3782.5001499999985,0.0,4.093906721,198.02433395385742,190.384573418,190.0332169799999,282,278,9322,445,323,301,450,340.0,,
dp_w20,mcp4-n090-r12-08,241.53995854977174,3672.0001,3672.0001,0.0,6.071465565,235.46849298477173,229.97476099399992,229.4739465960001,314,304,7456,434,313,290,468,348.0,,
dp_w20,mcp4-n090-r12-09,149.22099394880541,4184.000100000001,4184.0001,0.0,3.340054942,145.88093900680542,145.01966860100003,144.58158174599996,290,285,566,446,315,302,448,363.0,,
dp_w20,mcp4-n090-r12-10,199.73650474331322,3350.333466666667,3350.333466666667,0.0,5.257222841,194.47928190231323,190.75689616299994,190.25687694399997,333,321,1606,445,313,301,479,373.0,,
dp_w20,mcp4-n090-r14-01,161.20100887131505,3413.0001000000007,3413.0001000000007,0.0,2.859764889,158.34124398231506,155.91710872199994,155.41756257100005,335,324,2987,440,298,296,483,371.0,,
dp_w20,mcp4-n090-r14-02,134.1185239199142,3182.000150000001,3182.000150000001,0.0,3.381177986,130.73734593391418,129.983550967,129.711272029,226,220,559,438,289,294,366,279.0,,
dp_w20,mcp4-n090-r14-03,113.87439694665271,3149.0001999999977,3149.0001999999977,0.0,3.929532912,109.94486403465271,109.64428823299998,109.35363605399994,215,209,151,434,295,290,361,383.0,,
dp_w20,mcp4-n090-r14-04,73.8267915812539,3646.0001000000007,3646.0001000000007,0.0,3.122346696,70.7044448852539,70.35711611300003,70.18265690899996,173,165,276,441,303,297,325,193.0,,
dp_w20,mcp4-n090-r14-05,62.07013931610181,3044.0001,3044.0001,0.0,3.916141418,58.15399789810181,57.786916212999984,57.664420236,137,132,242,426,294,282,287,194.0,,
dp_w20,mcp4-n090-r14-06,161.50069700856176,3399.333466666667,3399.333466666667,0.0,3.629637114,157.87105989456177,155.39627459900004,155.15021425000006,237,232,3305,442,300,298,398,268.0,,
dp_w20,mcp4-n090-r14-07,184.7469568913076,2659.666833333332,2659.666833333332,0.0,3.443186826,181.30377006530762,179.56455373700007,179.171360314,324,316,1964,441,298,297,473,372.0,,
dp_w20,mcp4-n090-r14-08,89.6828814658374,2623.5001333333307,2623.5001333333307,0.0,4.484098545,85.1987829208374,84.71305209800002,84.47936121400002,186,179,640,429,296,285,334,274.0,,
dp_w20,mcp4-n090-r14-09,137.9283377232954,2984.0002000000004,2984.0002000000004,0.0,4.186736733,133.7416009902954,125.86644759499995,125.56502231499998,287,282,7900,425,293,281,435,325.0,,
dp_w20,mcp4-n090-r14-10,76.38498941077722,2664.0001,2664.0001,0.0,3.740766436,72.64422297477722,71.86636597099998,71.675853587,200,194,608,434,295,290,349,226.0,,
dp_w20,mcp4-n090-r16-01,98.8546739446919,2082.333466666667,2082.333466666667,0.0,3.341165148,95.5135087966919,94.08261855900001,93.75823230000003,240,233,1281,436,293,292,392,330.0,,
dp_w20,mcp4-n090-r16-02,114.32409043902283,2594.0001500000008,2594.0001500000008,0.0,2.9937913,111.33029913902283,108.95035251400003,108.61152906199997,298,289,2986,424,293,280,449,364.0,,
dp_w20,mcp4-n090-r16-03,136.85230429412366,2573.3334666666647,2573.3334666666647,0.0,3.026418283,133.82588601112366,129.782051643,129.44130159499997,311,303,4926,430,287,286,457,370.0,,
dp_w20,mcp4-n090-r16-04,88.43538073712745,2174.000140000003,2174.000140000003,0.0,3.245163719,85.19021701812744,82.336729016,82.11289900100002,181,175,3362,432,283,288,321,207.0,,
dp_w20,mcp4-n090-r16-05,95.96782824710498,2710.000149999999,2710.000149999999,0.0,2.399580452,93.56824779510498,92.65132191600001,92.40692418500011,244,237,900,430,286,286,390,277.0,,
dp_w20,mcp4-n090-r16-06,72.40305943012598,2677.0001,2677.0001,0.0,3.286396451,69.11666297912598,68.72702147699997,68.53740948800001,185,175,252,436,277,292,315,239.0,,
dp_w20,mcp4-n090-r16-07,90.11932960118884,2343.0001500000017,2343.0001500000017,0.0,2.351343542,87.76798605918884,87.43426383400002,87.20114416099999,205,196,194,431,291,287,350,264.0,,
dp_w20,mcp4-n090-r16-08,68.69201750873364,2537.0001,2537.0001,0.0,2.026554538,66.66546297073364,66.358618791,66.15009041899998,186,182,145,428,290,284,339,236.0,,
dp_w20,mcp4-n090-r16-09,100.88808342792663,2431.0002000000004,2431.0002000000004,0.0,3.75502035,97.13306307792664,93.24319084800003,93.00877175099997,189,180,2608,444,288,300,338,251.0,,
dp_w20,mcp4-n090-r16-10,169.8829976814575,2754.0001,2754.0001,0.0,2.286572625,167.59642505645752,165.41149845000007,165.06747599500002,337,329,3296,442,278,298,474,363.0,,
dp_w20,mcp4-n100-r08-01,1549.5133210152617,6727.000199999994,6727.000199999994,0.0,13.105822894,1536.4074981212616,1530.9071110069997,1529.6465706560014,477,470,4492,497,387,337,651,533.0,,
dp_w20,mcp4-n100-r08-02,1972.3671062121225,7489.764852941167,7489.764852941167,0.0,11.215038074,1961.1520681381226,1957.2519372440017,1956.1111656100004,612,603,2520,506,394,346,790,625.0,,
dp_w20,mcp4-n100-r08-03,2734.9117499365098,7652.50015,7652.50015,0.0,12.263944961,2722.6478049755096,2716.988869395,2715.7827081020014,599,591,3190,505,394,345,778,613.0,,
dp_w20,mcp4-n100-r08-04,506.59964390133206,6973.666799999995,6973.666799999995,0.0,12.110988811,494.48865509033203,493.28297652999987,492.86439203099985,231,223,1112,494,387,334,399,269.0,,
dp_w20,mcp4-n100-r08-05,1359.0182593524933,7837.000099999997,7837.0000999999975,0.0,10.89395625,1348.1243031024933,1345.272199503001,1343.9961883449998,530,519,1159,504,389,344,700,603.0,,
dp_w20,mcp4-n100-r08-06,3469.154525559471,6773.400140000006,6773.907299475128,7.48751682521483e-5,14.849675458,3454.304850101471,3441.1923332709994,3439.679763147998,636,623,8612,499,389,339,808,720.0,,
dp_w20,mcp4-n100-r08-07,3215.026936888283,7155.000149999995,7155.000149999995,0.0,15.468816876,3199.5581200122833,3156.1060658690008,3154.0465846509983,930,922,31773,493,393,333,1110,1055.0,,
dp_w20,mcp4-n100-r08-08,744.5493720591583,7455.000166666666,7455.000166666665,0.0,13.529363972,731.0200080871582,728.001284857,727.4111780039999,297,289,1037,504,396,344,479,344.0,,
dp_w20,mcp4-n100-r08-09,2094.4367391952674,8006.0001,8006.797047237101,9.954374558408256e-5,12.320744265,2082.1159949302673,2025.172694960001,2023.9554616359997,524,517,56786,487,383,327,696,549.0,,
dp_w20,mcp4-n100-r08-10,1053.994662812483,7545.000100000001,7545.000100000001,0.0,11.900862983,1042.093799829483,1040.8550659389998,1040.2247240750007,349,342,691,496,394,336,529,394.0,,
dp_w20,mcp4-n100-r10-01,744.3739987921668,5748.000100000003,5748.000100000003,0.0,9.107760818,735.2662379741669,734.044661942,733.4712344639998,370,362,762,483,347,323,526,400.0,,
dp_w20,mcp4-n100-r10-02,552.5101920438536,5565.500149999996,5566.000099999998,8.983020151426515e-5,9.066985972,543.4432060718536,542.196311087,541.673368791,342,332,1042,492,351,332,501,358.0,,
dp_w20,mcp4-n100-r10-03,577.4391874533367,5742.000199999991,5742.000199999991,0.0,8.540853427,568.8983340263367,567.8102690700002,567.471258173,286,278,897,501,360,341,452,339.0,,
dp_w20,mcp4-n100-r10-04,687.0456806687979,5337.000099999996,5337.412217387314,7.72189206663452e-5,8.957856801,678.0878238677979,643.979004162,642.9083416750003,648,643,35452,494,357,334,820,794.0,,
dp_w20,mcp4-n100-r10-05,1112.3310668350737,5641.600120000005,5642.163006537936,9.977427076686577e-5,8.411831844,1103.9192349910736,1043.2736236169999,1042.0895065739999,810,801,49551,502,365,342,986,1047.0,,
dp_w20,mcp4-n100-r10-06,895.1082215879653,4740.285857142861,4740.285857142861,0.0,8.849000511,886.2592210769653,881.3754403999997,880.531605534,515,502,3792,506,357,346,674,552.0,,
dp_w20,mcp4-n100-r10-07,696.6018227776163,4962.0001,4962.0001,0.0,9.336089774,687.2657330036163,679.475910253,678.7712227909997,400,393,6817,506,360,346,571,472.0,,
dp_w20,mcp4-n100-r10-08,531.7473305318061,5207.200240000001,5207.200240000001,0.0,10.355981693,521.3913488388062,515.9377835009999,515.5536484129999,285,282,5744,506,361,346,460,315.0,,
dp_w20,mcp4-n100-r10-09,624.864091615792,5493.000200000002,5493.000200000002,0.0,9.832202654,615.031888961792,614.1511006940003,613.6264795179998,319,311,716,494,355,334,480,387.0,,
dp_w20,mcp4-n100-r10-10,901.1595559471725,5179.000099999999,5179.000099999999,0.0,8.168978011,892.9905779361725,891.498359633,890.6993849480001,493,481,776,500,365,340,665,518.0,,
dp_w20,mcp4-n100-r12-01,180.0706866017151,4715.000099999999,4715.000099999999,0.0,6.1396425,173.9310441017151,173.53176909,173.1000717060002,212,209,151,500,338,340,384,255.0,,
dp_w20,mcp4-n100-r12-02,500.1341278087611,4416.750150000001,4416.750150000001,0.0,8.369311763,491.7648160457611,489.7205275440001,488.98144381999987,422,416,1867,503,339,343,587,454.0,,
dp_w20,mcp4-n100-r12-03,552.4405005006159,4371.0001,4371.000099999999,0.0,6.713175538,545.727324962616,538.0735261919999,537.164709031,507,502,7024,500,332,340,673,553.0,,
dp_w20,mcp4-n100-r12-04,677.2481668135536,4026.0001000000007,4026.3652987110668,9.071006010807447e-5,8.614443793,668.6337230205536,650.8085465049998,649.5225241950003,605,592,14866,500,336,340,762,668.0,,
dp_w20,mcp4-n100-r12-05,352.6578858763977,4321.000100000001,4321.000100000001,0.0,7.22019085,345.4376950263977,343.35169057600007,342.70038917299996,378,372,1283,500,334,340,539,428.0,,
dp_w20,mcp4-n100-r12-06,530.5929678583691,4808.0001,4808.0001,0.0,7.01047503,523.5824928283691,516.4812862240001,515.3154912969998,546,532,6224,482,335,322,703,600.0,,
dp_w20,mcp4-n100-r12-07,360.72509120887315,4274.000200000002,4274.000200000002,0.0,6.949602117,353.77548909187317,350.1556664549997,349.4029161140001,365,360,3945,487,343,327,532,425.0,,
dp_w20,mcp4-n100-r12-08,480.25035106650137,4097.000133333326,4097.000133333326,0.0,6.997867937,473.25248312950134,472.20525511200003,471.40358113100035,359,347,808,487,334,327,516,452.0,,
dp_w20,mcp4-n100-r12-09,110.66940195077319,4716.000099999999,4716.0001,0.0,9.094151802,101.5752501487732,101.29360001999997,101.16989254,85,82,127,495,333,335,245,119.0,,
dp_w20,mcp4-n100-r12-10,214.4693361745785,3990.0001000000007,3990.0001000000007,0.0,6.956288241,207.5130479335785,206.88598866000012,206.33231495500007,241,234,318,493,345,333,410,271.0,,
dp_w20,mcp4-n100-r14-01,275.0634405601747,3127.0000999999997,3127.0000999999997,0.0,7.719367503,267.3440730571747,266.69005472399994,266.151833775,295,286,519,490,318,330,453,352.0,,
dp_w20,mcp4-n100-r14-02,415.91642869721096,3279.000100000002,3279.000100000002,0.0,6.646912706,409.26951599121094,402.06231935400035,401.14160058299996,504,493,7023,497,319,337,659,560.0,,
dp_w20,mcp4-n100-r14-03,321.493303292665,3916.0001,3916.3874873873956,9.892425370351562e-5,5.781410211,315.71189308166504,313.36337300200006,312.7522515689998,438,428,1747,478,304,318,576,463.0,,
dp_w20,mcp4-n100-r14-04,177.40039720462158,3715.0000999999984,3715.0000999999984,0.0,4.040529155,173.35986804962158,172.83304025199996,172.511636247,204,198,617,504,321,344,361,238.0,,
dp_w20,mcp4-n100-r14-05,203.5609950010674,3551.000100000003,3551.000100000003,0.0,4.329852957,199.23114204406738,198.89123327199997,198.60276442800006,247,239,150,501,329,341,414,263.0,,
dp_w20,mcp4-n100-r14-06,337.88600356088574,3210.00015,3210.0001500000003,0.0,7.607593603,330.27840995788574,326.8493657999999,326.30656868900013,427,418,2894,465,319,305,583,575.0,,
dp_w20,mcp4-n100-r14-07,308.4101835463055,3198.000200000003,3198.000200000003,0.0,5.674970505,302.73521304130554,301.75568277900004,301.22772589200014,426,415,660,495,320,335,586,609.0,,
dp_w20,mcp4-n100-r14-08,66.19050540291833,3560.0001,3560.0001000000007,0.0,4.782842296,61.407663106918335,61.16842663899998,61.063577417000005,70,67,87,486,313,326,222,91.0,,
dp_w20,mcp4-n100-r14-09,286.6370921620049,3627.7501625000014,3627.7501625000014,0.0,4.893865157,281.7432270050049,278.88302575299997,278.3497408759998,431,422,3293,479,318,319,582,498.0,,
dp_w20,mcp4-n100-r14-10,192.2086784745331,3540.600139999998,3540.6001399999986,0.0,6.176977625,186.03170084953308,183.877387585,183.37384901300007,290,284,1642,486,325,326,455,365.0,,
dp_w20,mcp4-n100-r16-01,315.39827606212793,3241.0001,3241.0001,0.0,3.558541031,311.83973503112793,308.5461738039998,307.63672418199997,490,478,2523,502,309,342,647,504.0,,
dp_w20,mcp4-n100-r16-02,236.4676232338219,2910.00015,2910.00015,0.0,4.153244257,232.3143789768219,231.46215988700004,230.9720511839999,356,345,716,477,305,317,505,379.0,,
dp_w20,mcp4-n100-r16-03,117.51058536413574,3159.000100000002,3159.000100000002,0.0,3.376218375,114.13436698913574,113.78454680200008,113.47524939199998,231,225,213,489,299,329,376,253.0,,
dp_w20,mcp4-n100-r16-04,170.35102569318883,3067.0001,3067.0001,0.0,4.881867759,165.46915793418884,162.79106163400007,162.39469534800008,266,261,3667,481,299,321,411,316.0,,
dp_w20,mcp4-n100-r16-05,127.39675697397278,2811.0001,2811.0001,0.0,5.242640105,122.15411686897278,121.67076562799998,121.38560463499996,245,235,390,489,307,329,392,287.0,,
dp_w20,mcp4-n100-r16-06,123.59782471881323,2984.0001,2984.0001,0.0,4.408581879,119.18924283981323,118.69600261100003,118.42498814299992,217,209,319,501,311,341,372,252.0,,
dp_w20,mcp4-n100-r16-07,98.05786606134912,2678.0000999999997,2678.0000999999997,0.0,5.466939891,92.59092617034912,92.158383401,91.91617893900002,169,161,326,481,306,321,320,213.0,,
dp_w20,mcp4-n100-r16-08,160.906988618443,3016.0002000000004,3016.0002000000004,0.0,4.39983773,156.507150888443,153.08614552100008,152.58163944400005,315,309,3755,494,307,334,473,381.0,,
dp_w20,mcp4-n100-r16-09,286.80432099683424,2889.0001600000032,2889.0001600000032,0.0,4.941662973,281.86265802383423,280.1469702689997,279.52135107000004,455,444,948,478,303,318,601,476.0,,
dp_w20,mcp4-n100-r16-10,200.85432691600477,2992.0001000000016,2992.0001000000016,0.0,3.521038008,197.33328890800476,195.57716295400007,194.99344810300013,408,399,1311,505,318,345,568,449.0,,
dp_w20,mcp4-n110-r08-01,1558.020627282844,7634.000200000007,7634.000200000007,0.0,21.466437124,1536.554190158844,1534.6552816560006,1534.1790691870006,325,320,1200,478,408,304,499,379.0,,
dp_w20,mcp4-n110-r08-02,3676.761005263508,7183.000133333338,14188.841347963918,0.9753363614904256,24.229723077,3652.531282186508,3623.1423622070056,3621.3771113059975,790,785,22732,493,415,319,978,826.0,,
dp_w20,mcp4-n110-r08-03,3509.018580245177,8261.00015000001,8261.00015000001,0.0,22.369622039,3486.6489582061768,3483.5401838700022,3482.616756043,538,532,963,474,403,300,708,640.0,,
dp_w20,mcp4-n110-r08-04,3696.705079660126,8120.000100000001,8120.000100000001,0.0,21.980994806,3674.724084854126,3673.0411321890006,3672.349220950999,394,386,1112,476,403,302,563,425.0,,
dp_w20,mcp4-n110-r08-05,3444.72015289744,7733.333499999996,7733.333499999996,0.0,24.915233893,3419.8049190044403,3381.9181992839995,3380.7898293950007,639,631,19004,484,410,310,813,668.0,,
dp_w20,mcp4-n110-r08-06,3610.62636290727,7043.466793333321,16259.483770585864,1.308448985090063,26.644291746,3583.98207116127,3577.1245979199994,3576.1636815139996,413,406,2222,483,412,309,590,499.0,,
dp_w20,mcp4-n110-r08-07,3687.765339766054,6666.500149999998,14044.47221762597,1.1067234533289516,30.807075892,3656.958263874054,3645.457605625998,3644.5541024590007,402,399,8446,488,407,314,578,421.0,,
dp_w20,mcp4-n110-r08-08,2588.2180043677513,8720.333500000004,8720.333500000004,0.0,25.132565401,2563.085438966751,2560.923175154,2560.2263722260013,417,409,1356,493,411,319,592,457.0,,
dp_w20,mcp4-n110-r08-09,3605.576997687295,7614.091072727268,14694.474471232597,0.9299052678613718,25.865337779,3579.7116599082947,3551.012786588001,3549.752466282003,640,631,26759,484,408,310,819,711.0,,
dp_w20,mcp4-n110-r08-10,3626.686558451511,7713.000133333335,12540.365151645541,0.6258738409000856,24.954997506,3601.731560945511,3534.138756982,3533.014955182998,684,678,53531,489,418,315,872,718.0,,
dp_w20,mcp4-n110-r10-01,2623.5525628295095,5975.0001,5975.0001,0.0,14.906492826,2608.6460700035095,2603.9234267819993,2602.9988751729998,669,656,2766,475,364,301,823,731.0,,
dp_w20,mcp4-n110-r10-02,1260.1146303166622,5588.000100000002,5588.000100000002,0.0,15.426798438,1244.687831878662,1242.7827746480007,1242.0237254970007,424,418,1426,482,375,308,595,492.0,,
dp_w20,mcp4-n110-r10-03,2001.3940432757677,6293.200140000001,6293.360100000003,2.541791083125706e-5,15.105851242,1986.2881920337677,1982.4583597109995,1981.6414632880003,551,541,2344,478,381,304,726,580.0,,
dp_w20,mcp4-n110-r10-04,2591.180708659662,5736.000100000003,5736.000100000003,0.0,15.281284822,2575.8994238376617,2560.0321132510003,2558.8661574989987,694,685,13884,481,378,307,865,726.0,,
dp_w20,mcp4-n110-r10-05,1908.8479512928395,6081.666800000001,6081.666800000001,0.0,16.250751376,1892.5971999168396,1888.9229416780017,1888.1235644479993,465,458,2285,480,371,306,634,570.0,,
dp_w20,mcp4-n110-r10-06,920.3986943056213,6171.000099999998,6171.000099999998,0.0,12.1360462,908.2626481056213,901.0678902679998,900.3433706269998,378,372,4051,487,373,313,549,397.0,,
dp_w20,mcp4-n110-r10-07,1995.1306089647803,6631.000100000001,6631.000100000001,0.0,14.91957419,1980.2110347747803,1970.1898543599984,1969.1259251130004,624,619,8612,483,375,309,795,720.0,,
dp_w20,mcp4-n110-r10-08,2354.925502922995,6140.000149999996,6140.000149999996,0.0,18.536997941,2336.3885049819946,2322.1801173040017,2321.244976114001,820,806,14220,472,373,298,985,951.0,,
dp_w20,mcp4-n110-r10-09,1129.101749802712,6376.000150000006,6376.000150000006,0.0,16.989470626,1112.112279176712,1109.3536479879997,1108.92810985,294,290,893,474,374,300,464,369.0,,
dp_w20,mcp4-n110-r10-10,2877.5561399203234,6065.000139999998,6065.546212579092,9.003669686536254e-5,17.345401023,2860.2107388973236,2691.1662173739996,2689.958298644997,695,685,163424,474,378,300,866,707.0,,
dp_w20,mcp4-n110-r12-01,1071.989245089411,5279.500150000006,5279.500150000006,0.0,9.655625018,1062.3336200714111,1056.0930702239991,1055.2270931339997,453,443,4890,474,350,300,612,586.0,,
dp_w20,mcp4-n110-r12-02,1073.4790092873068,4376.0001,4376.0001,0.0,12.302618401,1061.1763908863068,1059.4087346420001,1058.2829335939994,566,558,1091,479,356,305,737,698.0,,
dp_w20,mcp4-n110-r12-03,945.063680383099,5184.0001000000075,5184.0001000000075,0.0,12.457399341,932.606281042099,925.4059065220002,924.6837344310001,516,509,5115,484,351,310,685,542.0,,
dp_w20,mcp4-n110-r12-04,679.2067915090804,4269.000100000001,4269.000100000001,0.0,11.979460586,667.2273309230804,666.2499747829993,665.706402294,385,374,652,479,353,305,547,468.0,,
dp_w20,mcp4-n110-r12-05,806.2348574581017,4786.500149999996,4786.687234615383,3.9085889381408156e-5,13.799391407,792.4354660511017,758.4390560729996,757.5955849070007,584,576,34627,473,352,299,747,654.0,,
dp_w20,mcp4-n110-r12-06,779.4035321706584,4867.666800000002,4867.666800000002,0.0,12.623218202,766.7803139686584,765.4699592379997,764.8700030580002,443,433,975,477,351,303,600,472.0,,
dp_w20,mcp4-n110-r12-07,780.3522933928641,5195.500150000002,5195.500150000002,0.0,12.019645354,768.3326480388641,752.4141070999998,751.6417748259989,556,549,15408,485,352,311,724,621.0,,
dp_w20,mcp4-n110-r12-08,671.1007430581179,4649.555700000002,4649.555700000002,0.0,13.954056981,657.1466860771179,646.0046096919998,645.5545068529998,372,369,14713,470,355,296,540,408.0,,
dp_w20,mcp4-n110-r12-09,1439.5121685203655,4766.000166666666,4766.000166666666,0.0,12.116490477,1427.3956780433655,1423.5952766989994,1422.6855735680008,672,663,2079,467,351,293,838,749.0,,
dp_w20,mcp4-n110-r12-10,1028.673117756079,4922.000100000002,4922.000100000002,0.0,13.003497719,1015.6696200370789,1011.7017137320005,1010.9144748119999,518,508,2724,474,352,300,681,619.0,,
dp_w20,mcp4-n110-r14-01,480.9551373498577,4101.80018,4102.000100000004,4.8739575608399834e-5,6.942958452,474.01217889785767,467.80133016699983,467.1661652820002,378,373,6261,471,335,297,545,483.0,,
dp_w20,mcp4-n110-r14-02,573.2338769903126,4067.0001333333366,4067.1468164859475,3.6066670224240666e-5,9.794519948,563.4393570423126,541.3499270349994,540.675800949,493,487,29788,478,337,304,656,579.0,,
dp_w20,mcp4-n110-r14-03,667.1434793634352,4554.000100000003,4554.000200000001,2.1958716773695756e-8,8.134085433,659.0093939304352,639.6620104060003,638.7891397439995,610,600,17933,486,336,312,773,670.0,,
dp_w20,mcp4-n110-r14-04,323.78223140350417,4383.000100000002,4383.000100000002,0.0,7.091406418,316.69082498550415,316.0721818130001,315.64335983200016,318,312,301,475,340,301,482,342.0,,
dp_w20,mcp4-n110-r14-05,609.1467781991194,3578.0001000000007,3578.0001000000007,0.0,9.897241208,599.2495369911194,597.6866502250004,596.9934426609999,454,444,1102,478,337,304,616,466.0,,
dp_w20,mcp4-n110-r14-06,649.8939960361587,3597.0001999999936,3597.0001999999936,0.0,11.038923061,638.8550729751587,636.2081473690001,635.4980054420004,433,426,1606,479,332,305,590,573.0,,
dp_w20,mcp4-n110-r14-07,528.0373704881832,4315.166799999998,4315.166799999998,0.0,8.980052516,519.0573179721832,488.66840467699967,488.01227586100003,448,441,36834,467,333,293,608,465.0,,
dp_w20,mcp4-n110-r14-08,444.2023806226315,4166.6668,4166.6668,0.0,8.432448591,435.76993203163147,434.96135062399975,434.44337277500034,413,403,564,471,334,297,571,438.0,,
dp_w20,mcp4-n110-r14-09,454.5680295421438,4067.0002000000018,4067.0002000000018,0.0,7.991029401,446.5770001411438,445.515608309,444.93445494199995,435,426,783,471,334,297,595,487.0,,
dp_w20,mcp4-n110-r14-10,780.4647782720643,3643.000199999988,3643.3205237329375,8.792855211740578e-5,11.212557403,769.2522208690643,724.0393093960002,723.2364296630006,562,554,55365,477,332,303,716,591.0,,
dp_w20,mcp4-n110-r16-01,303.6940844984017,3365.0001,3365.0001,0.0,5.589760396,298.10432410240173,297.55190339100017,297.0777557319998,317,310,309,487,326,313,478,335.0,,
dp_w20,mcp4-n110-r16-02,449.23320017847817,3295.0001,3295.0001,0.0,6.300596104,442.93260407447815,438.007989275,437.2806485570004,465,454,4546,476,319,302,617,478.0,,
dp_w20,mcp4-n110-r16-03,250.29580524261206,3681.0002000000013,3681.0002000000013,0.0,6.717749384,243.57805585861206,231.509791196,231.20846039799994,277,270,17030,461,315,287,426,342.0,,
dp_w20,mcp4-n110-r16-04,419.33099400294554,3299.3334999999997,3299.3334999999997,0.0,7.73955714,411.59143686294556,410.81490169500034,410.26075887500014,417,408,506,472,316,298,571,455.0,,
dp_w20,mcp4-n110-r16-05,315.8934505635841,3513.000100000002,3513.000100000002,0.0,5.279109543,310.6143410205841,310.1610256,309.8104837910002,269,260,311,478,319,304,421,287.0,,
dp_w20,mcp4-n110-r16-06,563.2295954142395,3310.5001499999976,3310.565400040484,1.9710024929695955e-5,6.108783475,557.1208119392395,525.769429152,524.6643999919995,669,659,30906,475,316,301,820,686.0,,
dp_w20,mcp4-n110-r16-07,543.3737765686398,3346.0001,3346.0001,0.0,6.036647691,537.3371288776398,535.69488623,535.2567085609999,414,406,1241,465,324,291,570,515.0,,
dp_w20,mcp4-n110-r16-08,376.2633268354762,3322.0001500000017,3322.0001500000017,0.0,5.770591688,370.4927351474762,368.91008677199994,368.3337613760001,393,386,1269,474,320,300,548,446.0,,
dp_w20,mcp4-n110-r16-09,235.6451098309027,3576.0001000000016,3576.0001000000016,0.0,7.020070015,228.6250398159027,227.874963227,227.49794605799994,281,275,616,467,311,293,428,344.0,,
dp_w20,mcp4-n110-r16-10,482.24471218635415,3257.0001,3257.0000999999997,0.0,8.176402164,474.0683100223541,473.2097982310001,472.652341635,398,390,565,462,314,288,547,426.0,,
dp_w20,mcp4-n120-r08-01,3627.6299950235007,5992.888777777772,18460.337165960384,2.0803737313485864,36.890311157,3590.739683866501,3584.939367847002,3583.9486391620003,650,642,3088,525,444,335,834,707.0,,
dp_w20,mcp4-n120-r08-02,3621.7526481994482,8684.000149999989,18123.896490819923,1.08704470034123,37.852752293,3583.8998959064484,3572.571754163,3571.814250633996,506,495,7497,522,435,332,680,569.0,,
dp_w20,mcp4-n120-r08-03,3610.2599160503105,7092.50015,17315.708625063304,1.4414111045261386,36.392585976,3573.8673300743103,3565.312802024994,3564.395077034997,616,611,4808,541,443,351,804,791.0,,
dp_w20,mcp4-n120-r08-04,4923.794428659363,7224.500200000004,17760.18539165348,1.4583272060333625,40.446685625,4883.347743034363,4873.10343903,4872.0232334859975,654,648,6991,513,422,323,820,683.0,,
dp_w20,mcp4-n120-r08-05,4220.882274674507,7750.000200000002,19650.695582283824,1.5355735580863363,36.500510501,4184.381764173508,4181.685630906002,4181.002351211,419,413,914,527,443,337,606,456.0,,
dp_w20,mcp4-n120-r08-06,3600.3838802192035,7335.454681818174,17042.589500039623,1.3233174001172383,41.946978173,3558.4369020462036,3548.0553519559962,3547.2034223410014,580,576,6651,539,438,349,765,687.0,,
dp_w20,mcp4-n120-r08-07,3601.0210504280494,5592.500199999994,18000.233162892302,2.218637911339247,47.87871549,3553.1423349380493,3543.2868613339974,3542.471645637,523,517,6385,531,440,341,709,584.0,,
dp_w20,mcp4-n120-r08-08,3683.8519802349847,7238.333466666677,18035.974013250943,1.491730188490015,47.18408611,3636.6678941249847,3624.9758503049998,3623.9629893799975,596,590,7208,540,440,350,782,698.0,,
dp_w20,mcp4-n120-r08-09,3620.904686790389,6496.833566666672,18602.671766253614,1.863344362351902,53.367736679,3567.536950111389,3558.5036041870026,3557.7911445540003,464,457,2173,531,434,341,641,493.0,,
dp_w20,mcp4-n120-r08-10,3913.931536466288,8164.000100000001,28985.60707663797,2.5504172858398135,29.758877546,3884.172658920288,3883.245081706999,3882.8616605539996,335,328,438,533,435,343,511,366.0,,
dp_w20,mcp4-n120-r10-01,3985.9069424180707,6691.80018,10341.14597802925,0.5453459009335287,22.210769227,3963.6961731910706,3946.7675207999996,3945.596084611,678,670,12395,535,405,345,856,730.0,,
dp_w20,mcp4-n120-r10-02,4528.945902471344,6604.047628448276,12652.724237931034,0.9159044497842287,23.850156431,4505.095746040344,4501.305106639001,4500.369169450003,674,659,1420,529,405,339,846,757.0,,
dp_w20,mcp4-n120-r10-03,3984.3168409886366,5970.000216666665,12105.777134287484,1.0277682906093284,25.452992064,3958.863848924637,3934.7839367959996,3933.3147417110004,768,763,18109,521,387,331,930,841.0,,
dp_w20,mcp4-n120-r10-04,3729.492132971677,6773.3335000000025,13326.703704806407,0.9675251048551502,21.923367093,3707.5687658786774,3698.3355011000012,3697.28994124,654,646,6709,528,400,338,823,683.0,,
dp_w20,mcp4-n120-r10-05,2593.8386342382114,6967.0001,6967.0001,0.0,24.221898303,2569.616735935211,2568.1146945549986,2567.236936669,400,394,1084,524,398,334,577,466.0,,
dp_w20,mcp4-n120-r10-06,2506.072694275682,7058.000100000002,7058.070780399442,1.0014224771671464e-5,24.765906308,2481.306787967682,2473.856896371002,2472.929563323001,602,590,5164,530,403,340,777,631.0,,
dp_w20,mcp4-n120-r10-07,1550.6874209307691,7019.0000999999975,7019.0000999999975,0.0,26.778799858,1523.9086210727692,1522.7022287960003,1521.9819890529996,380,373,649,531,409,341,566,419.0,,
dp_w20,mcp4-n120-r10-08,3697.991953929505,5617.000200000002,12807.624117957357,1.2801537585769271,23.08195289,3674.910001039505,3668.4216805919996,3667.341353109002,782,773,4638,514,395,324,952,1107.0,,
dp_w20,mcp4-n120-r10-09,4190.919563952091,5846.000250000004,7722.433122205624,0.3209772138147992,24.447976771,4166.471587181091,4164.367735131,4163.547573916997,524,516,626,523,402,333,697,609.0,,
dp_w20,mcp4-n120-r10-10,3633.940565037665,5733.000150000004,11336.961902780886,0.9774919947945365,24.497985053,3609.442579984665,3587.4162488289962,3586.3163752710043,872,862,15172,531,402,341,1046,895.0,,
dp_w20,mcp4-n120-r12-01,1292.0712426291238,5697.000099999999,5697.561841966594,9.860311685706949e-5,15.306121646,1276.7651209831238,1258.8209580830003,1258.0556051150006,512,507,18445,519,381,329,687,632.0,,
dp_w20,mcp4-n120-r12-02,1547.8968176318235,5520.000199999998,5520.000199999998,0.0,17.534711547,1530.3621060848236,1528.0958259779995,1527.0728427929994,586,577,1036,524,367,334,747,668.0,,
dp_w20,mcp4-n120-r12-03,1757.4666162221442,5226.000150000002,5226.096662280873,1.84677149064258e-5,17.710801193,1739.7558150291443,1727.344491773001,1726.316037528999,534,529,12248,533,372,343,708,552.0,,
dp_w20,mcp4-n120-r12-04,1712.6568147589342,5197.000149999996,5197.000149999996,0.0,18.033152764,1694.623661994934,1638.251337414999,1637.3041987759993,655,649,62753,536,374,346,825,756.0,,
dp_w20,mcp4-n120-r12-05,3029.546698833724,5477.000100000001,5477.000100000001,0.0,18.64872172,3010.8979771137238,3005.4329773359987,3004.346850126002,744,731,4924,516,367,326,897,820.0,,
dp_w20,mcp4-n120-r12-06,3692.993107437941,4926.000099999999,8038.156165233682,0.6317815676117594,18.217599511,3674.775507926941,3630.7176302570015,3629.148272117001,1104,1084,30976,521,384,331,1271,1171.0,,
dp_w20,mcp4-n120-r12-07,1241.1047265974512,5552.000099999999,5552.000099999999,0.0,19.03016071,1222.0745658874512,1220.5537662170007,1220.0535429290005,420,413,955,512,378,322,597,473.0,,
dp_w20,mcp4-n120-r12-08,3600.1620355591604,5772.6668000000045,6650.39813738386,0.15204954101696194,18.682845448,3581.4791901111603,3444.692458045997,3443.769983217999,872,860,109436,516,372,326,1038,1001.0,,
dp_w20,mcp4-n120-r12-09,1262.6611440316788,5736.000099999999,5736.2501,4.3584378598757266e-5,18.565480961,1244.0956630706787,1243.2672583750004,1242.904721544,342,336,435,516,367,326,503,362.0,,
dp_w20,mcp4-n120-r12-10,1969.9396800364166,5593.000100000001,5593.000100000001,0.0,18.6822831,1951.2573969364166,1912.9465904280005,1912.1095645799994,591,582,26340,528,378,338,762,608.0,,
dp_w20,mcp4-n120-r14-01,1448.2503518349104,4963.0001,4963.0001,0.0,15.344133783,1432.9062180519104,1409.4787385459988,1408.2767882159997,615,607,27134,526,360,336,783,772.0,,
dp_w20,mcp4-n120-r14-02,917.8740309385324,4841.000149999997,4841.259359259261,5.354456749273717e-5,12.226004949,905.6480259895325,833.1066221679995,831.911371352001,686,682,60203,521,361,331,858,828.0,,
dp_w20,mcp4-n120-r14-03,1268.2228006598486,4269.33346666667,4269.621738089326,6.752141169269014e-5,15.821649718,1252.4011509418488,1219.3857806600006,1218.5743042690005,513,504,30580,515,344,325,660,624.0,,
dp_w20,mcp4-n120-r14-04,1751.3893023851456,4003.000149999998,4003.012350159422,3.0477539262852187e-6,19.376121414,1732.0131809711456,1712.247218394,1711.6124541870006,493,485,26588,532,357,342,662,528.0,,
dp_w20,mcp4-n120-r14-05,1082.4333505262857,4559.000100000003,4559.000100000003,0.0,13.990703546,1068.4426469802856,1067.1002212350002,1066.4132390080006,467,459,633,510,350,320,632,496.0,,
dp_w20,mcp4-n120-r14-06,1805.0429837429779,4695.0001199999915,4695.217245088854,4.624602413477764e-5,14.732013675,1790.310970067978,1748.0546042509995,1747.2465752090015,627,616,35196,524,357,334,787,688.0,,
dp_w20,mcp4-n120-r14-07,1712.7641946351587,4324.333466666671,4324.607461963188,6.336127836338508e-5,14.801481632,1697.9627130031586,1681.1133140560016,1680.0862853320004,723,715,17584,497,355,307,886,753.0,,
dp_w20,mcp4-n120-r14-08,1467.7454669731458,4333.000200000002,4333.000200000002,0.0,13.025691058,1454.7197759151459,1452.7718385889987,1452.1462313789982,467,457,826,525,356,335,626,498.0,,
dp_w20,mcp4-n120-r14-09,1237.7418228382492,4077.0000999999997,4077.229625943019,5.6297752609651764e-5,15.103306889,1222.6385159492493,1219.0554875169998,1218.345687708,567,556,3313,524,361,334,732,576.0,,
dp_w20,mcp4-n120-r14-10,917.1481864294371,4344.000100000001,4344.000100000001,0.0,13.384470447,903.7637159824371,902.5319201930006,901.6853061300008,607,598,518,526,358,336,770,620.0,,
dp_w20,mcp4-n120-r16-01,311.9281017976401,3533.000100000001,3533.000100000001,0.0,10.068189879,301.85991191864014,301.24852705499995,300.9504512829998,234,229,462,526,342,336,393,274.0,,
dp_w20,mcp4-n120-r16-02,1185.3925521477695,4065.0001500000017,4065.023982599758,5.862877952448112e-6,9.916226159,1175.4763259887695,1151.7291196569997,1150.6819976300008,646,637,29240,511,337,321,801,743.0,,
dp_w20,mcp4-n120-r16-03,1261.445667399813,4025.400140000002,4025.400140000002,0.0,7.712801351,1253.7328660488129,1237.9849041280002,1236.7320763059997,824,805,13044,524,338,334,970,878.0,,
dp_w20,mcp4-n120-r16-04,610.6392413430557,3979.000100000001,3979.0001000000007,0.0,12.525828486,598.1134128570557,597.1953063659997,596.3873324120004,500,494,358,533,350,343,669,630.0,,
dp_w20,mcp4-n120-r16-05,675.1153244505894,3748.000100000003,3748.000100000003,0.0,9.922473384,665.1928510665894,664.0597219799997,663.4639309049994,425,413,720,503,336,313,573,445.0,,
dp_w20,mcp4-n120-r16-06,556.6476329145171,3716.0001499999994,3716.0001499999994,0.0,13.335400897,543.3122320175171,542.4280428830002,541.9312968470001,347,341,562,507,337,317,500,373.0,,
dp_w20,mcp4-n120-r16-07,1079.1686288771662,3743.5001999999968,3743.555655555556,1.4813824655089472e-5,10.729206985,1068.4394218921661,1065.0899797149987,1064.1440485140001,657,645,1935,510,341,320,816,675.0,,
dp_w20,mcp4-n120-r16-08,1054.4132304306438,3480.333466666667,3480.333466666667,0.0,13.766894352,1040.6463360786438,1037.3565069279996,1036.3304783680005,647,641,2836,518,344,328,816,715.0,,
dp_w20,mcp4-n120-r16-09,804.5204346221891,3623.0001,3623.0001,0.0,9.731400494,794.7890341281891,793.1121573330005,792.1276797759998,623,605,751,519,346,329,781,668.0,,
dp_w20,mcp4-n120-r16-10,875.809882891806,3788.0001333333284,3788.000133333328,0.0,12.968878997,862.8410038948059,857.3899821109995,856.5623645679995,703,695,4061,515,333,325,852,715.0,,
dp_w30,mcp4-n070-r08-01,61.60830658508533,4283.000133333333,4283.000133333333,0.0,3.530326782,58.07797980308533,57.70155095900002,57.41021104899998,158,153,246,522,391,410,398,331.0,,
dp_w30,mcp4-n070-r08-02,41.29120700181628,4517.50015,4517.50015,0.0,3.451167987,37.840039014816284,37.45561024500001,37.339100130000006,71,65,219,542,399,430,316,150.0,,
dp_w30,mcp4-n070-r08-03,68.38099122143848,3691.0002000000013,3691.0002000000013,0.0,3.547409297,64.83358192443848,59.21436037999998,58.89240128899999,171,166,7564,531,397,419,419,321.0,,
dp_w30,mcp4-n070-r08-04,50.98038123335706,4690.000100000005,4690.000100000005,0.0,2.610666258,48.369714975357056,48.05862756300002,47.85596897399998,99,92,198,530,394,418,339,176.0,,
dp_w30,mcp4-n070-r08-05,90.47159385879603,3845.000100000002,3845.000100000002,0.0,3.788700821,86.68289303779602,81.68084654199998,81.29395458100002,187,183,6191,521,393,409,436,285.0,,
dp_w30,mcp4-n070-r08-06,44.06614666673047,4825.000150000002,4825.000150000002,0.0,3.395011718,40.67113494873047,38.73598647099998,38.494211445999994,114,111,2790,535,396,423,361,172.0,,
dp_w30,mcp4-n070-r08-07,95.12001884225427,3732.0001,3732.25007234884,6.69807990733834e-5,4.033415916,91.08660292625427,87.80676483900004,87.45981125799999,199,189,4715,533,402,421,443,383.0,,
dp_w30,mcp4-n070-r08-08,46.821815753013915,4167.0001,4167.0001,0.0,3.838872695,42.982943058013916,42.544014880000006,42.34467514500002,110,103,252,531,396,419,354,221.0,,
dp_w30,mcp4-n070-r08-09,113.08842258533375,4190.000100000001,4190.000100000001,0.0,3.384071637,109.70435094833374,108.26513128999994,107.96752264399998,174,165,917,532,405,420,428,385.0,,
dp_w30,mcp4-n070-r08-10,26.647774292276246,4291.0001,4291.0001,0.0,3.137548281,23.510226011276245,23.210045731000005,23.05548689,71,67,128,534,402,422,322,146.0,,
dp_w30,mcp4-n070-r10-01,62.560578104518434,3716.0002000000018,3716.0002000000018,0.0,2.02418327,60.53639483451843,54.73431323200002,54.41803098399998,183,176,7349,520,367,408,419,269.0,,
dp_w30,mcp4-n070-r10-02,56.36275587673779,3023.00015,3023.00015,0.0,2.698850733,53.66390514373779,52.99108260200001,52.691504794000004,147,138,746,523,365,411,373,254.0,,
dp_w30,mcp4-n070-r10-03,63.2580548558042,3403.0001,3403.0001,0.0,2.869074944,60.3889799118042,57.35432945899994,56.97563032799998,198,191,4464,529,368,417,432,317.0,,
dp_w30,mcp4-n070-r10-04,69.07219748524463,3412.2501500000017,3412.2501500000017,0.0,1.874610472,67.19758701324463,63.61019406900003,63.18407092399997,227,216,3291,528,363,416,457,323.0,,
dp_w30,mcp4-n070-r10-05,40.2522373745791,3104.0001,3104.0001,0.0,1.945358331,38.3068790435791,37.040634967,36.78392488600001,130,126,803,534,375,422,373,295.0,,
dp_w30,mcp4-n070-r10-06,33.67735445748633,3933.0002000000004,3933.0002000000004,0.0,0.599210384,33.07814407348633,32.056316693999996,31.842491634999995,117,109,1072,528,373,416,357,158.0,,
dp_w30,mcp4-n070-r10-07,38.084454538697756,3412.0001,3412.0000999999997,0.0,1.450557711,36.633896827697754,36.15840602499999,35.91365359300001,140,134,481,521,360,409,369,277.0,,
dp_w30,mcp4-n070-r10-08,40.36502890585608,3314.000149999998,3314.000149999998,0.0,1.629310894,38.73571801185608,38.346188534999996,38.10510895800001,153,146,233,525,365,413,385,202.0,,
dp_w30,mcp4-n070-r10-09,64.59477605121472,3319.6668000000036,3319.6668000000036,0.0,3.115225928,61.47955012321472,57.499493234,57.17037931999999,176,162,6101,529,375,417,412,263.0,,
dp_w30,mcp4-n070-r10-10,40.91695399991638,4003.5001500000026,4003.5001500000026,0.0,1.24994107,39.66701292991638,39.280858521000006,39.036584110999996,127,120,315,532,373,420,368,190.0,,
dp_w30,mcp4-n070-r12-01,36.936177089057864,2717.0001799999977,2717.0001799999977,0.0,1.627472236,35.30870485305786,32.47509823200001,32.15917605300001,156,153,821,533,354,421,393,329.0,,
dp_w30,mcp4-n070-r12-02,22.1159972226333,2701.3334666666665,2701.3334666666665,0.0,1.470431236,20.6455659866333,19.887230760000005,19.696557951000006,103,100,791,530,353,418,338,234.0,,
dp_w30,mcp4-n070-r12-03,19.194948379229125,2729.0001000000016,2729.0001000000016,0.0,1.274343435,17.920604944229126,17.657908746999997,17.533839775,89,84,131,511,343,399,312,195.0,,
dp_w30,mcp4-n070-r12-04,38.719749086932495,2555.000100000001,2555.000100000001,0.0,2.091297978,36.628451108932495,36.11278428100002,35.920693693000004,140,134,507,509,342,397,358,244.0,,
dp_w30,mcp4-n070-r12-05,54.166744867883914,2196.0001399999956,2196.0001399999956,0.0,2.717093865,51.44965100288391,50.60658377099998,50.247466176999986,213,201,959,527,344,415,435,325.0,,
dp_w30,mcp4-n070-r12-06,38.679675368880496,2249.0001,2249.0001,0.0,1.634072332,37.04560303688049,35.802328798000005,35.597300622000006,141,134,1142,523,362,411,381,237.0,,
dp_w30,mcp4-n070-r12-07,26.687451045521605,2338.500200000001,2338.5002000000013,0.0,2.156728189,24.530722856521606,24.259075804000002,24.103600813,112,107,233,529,359,417,351,195.0,,
dp_w30,mcp4-n070-r12-08,18.50738009697656,2860.333466666667,2860.333466666667,0.0,1.578775971,16.928604125976562,16.717293392000002,16.586397638000005,75,71,173,514,336,402,293,145.0,,
dp_w30,mcp4-n070-r12-09,39.68406014928589,2674.0001,2674.0001,0.0,1.394193225,38.28986692428589,36.84785631399999,36.631128035,128,122,1370,526,342,414,352,188.0,,
dp_w30,mcp4-n070-r12-10,19.99974896844739,2880.0001999999995,2880.0001999999995,0.0,1.303185963,18.696563005447388,18.50305286999999,18.379804783,77,73,123,526,340,414,297,164.0,,
dp_w30,mcp4-n070-r14-01,33.3740232469613,2391.666800000002,2391.666800000002,0.0,1.607603121,31.766420125961304,29.17279005499999,28.811736858000003,186,177,2464,536,327,424,399,255.0,,
dp_w30,mcp4-n070-r14-02,27.982467924872804,1915.5001499999998,1915.5001499999998,0.0,1.354761874,26.627706050872803,26.370553577999992,26.17316227700001,140,133,268,494,319,382,344,264.0,,
dp_w30,mcp4-n070-r14-03,49.79302808930652,2035.5715714285702,2035.5715714285702,0.0,0.897450897,48.89557719230652,47.712076998000015,47.28352340299997,229,219,917,520,325,408,444,378.0,,
dp_w30,mcp4-n070-r14-04,19.604799039520262,2220.000149999997,2220.000149999997,0.0,0.485739,19.119060039520264,18.624471254000003,18.448687309000007,102,98,751,528,330,416,321,177.0,,
dp_w30,mcp4-n070-r14-05,22.24661746117578,1797.500149999999,1797.500149999999,0.0,1.758023406,20.48859405517578,20.126880274999998,19.940176603000005,102,96,394,492,332,380,322,209.0,,
dp_w30,mcp4-n070-r14-06,21.70731106285559,2060.000200000003,2060.000200000003,0.0,1.917986064,19.78932499885559,19.497655281,19.325510535000006,112,107,234,522,327,410,327,262.0,,
dp_w30,mcp4-n070-r14-07,8.029374242641236,2126.000100000001,2126.000100000001,0.0,1.054238201,6.975136041641235,6.783489593,6.727114248999999,42,39,82,504,326,392,254,102.0,,
dp_w30,mcp4-n070-r14-08,35.5688002733186,1959.0001,1959.0001,0.0,1.306148353,34.2626519203186,32.954566509,32.71952704900001,143,137,1305,511,333,399,365,234.0,,
dp_w30,mcp4-n070-r14-09,32.75728385158679,1995.0001000000013,1995.0001000000013,0.0,1.188757822,31.568526029586792,31.292974143999995,31.040880872000006,161,155,155,523,320,411,371,257.0,,
dp_w30,mcp4-n070-r14-10,27.197685106478758,2080.0001,2080.0001,0.0,1.643124922,25.55456018447876,25.160534648999988,24.962413268000002,127,122,432,495,314,383,330,214.0,,
dp_w30,mcp4-n070-r16-01,23.107492680288573,2000.0001000000016,2000.0001000000016,0.0,0.691565747,22.415926933288574,22.163349371,21.881981908,138,132,127,518,329,406,364,238.0,,
dp_w30,mcp4-n070-r16-02,19.155314926076784,1713.0000999999997,1713.0000999999997,0.0,0.571830038,18.583484888076782,18.150725280999996,17.900410811999997,144,138,519,526,317,414,360,291.0,,
dp_w30,mcp4-n070-r16-03,14.741659990602905,1780.0001333333337,1780.0001333333337,0.0,1.059352032,13.682307958602905,12.803647114999999,12.653889631999998,80,75,876,503,316,391,290,173.0,,
dp_w30,mcp4-n070-r16-04,13.545495700871582,2174.000149999999,2174.000149999999,0.0,0.84529562,12.700200080871582,12.528057809999998,12.37189818,102,96,98,505,306,393,298,176.0,,
dp_w30,mcp4-n070-r16-05,14.26189575341919,1872.0001000000002,1872.0001000000002,0.0,0.940720655,13.32117509841919,13.126614434000002,12.990876083,80,76,130,515,312,403,289,153.0,,
dp_w30,mcp4-n070-r16-06,31.515914373625,1821.2501249999998,1821.2501249999998,0.0,1.019576483,30.496337890625,29.966083022999992,29.722068527999987,166,158,706,497,313,385,373,237.0,,
dp_w30,mcp4-n070-r16-07,21.704376742680665,1802.5001499999985,1802.5001499999985,0.0,1.684469745,20.019906997680664,19.094940350999998,18.844488508999998,123,115,1093,502,306,390,323,193.0,,
dp_w30,mcp4-n070-r16-08,27.085645301218385,1836.000100000002,1836.000100000002,0.0,1.059905393,26.025739908218384,25.73530733799999,25.466668678999998,168,157,192,514,309,402,367,259.0,,
dp_w30,mcp4-n070-r16-09,15.308700571548584,1988.0001000000002,1988.0001000000002,0.0,1.185564528,14.123136043548584,13.954200547,13.850247211000003,83,78,48,523,319,411,297,148.0,,
dp_w30,mcp4-n070-r16-10,12.737714989391357,1810.0001666666658,1810.0001666666656,0.0,0.757426007,11.980288982391357,11.81936525,11.693768671,94,89,119,519,321,407,310,163.0,,
dp_w30,mcp4-n080-r08-01,221.99530269251136,4810.8334833333265,4810.8334833333265,0.0,5.489223734,216.50607895851135,201.7095713330001,200.6051192929999,370,366,18829,603,437,475,644,477.0,,
dp_w30,mcp4-n080-r08-02,219.13546790804162,5122.000300000002,5122.000300000002,0.0,4.971576831,214.16389107704163,213.43702676000012,212.75867491800014,262,254,420,611,435,483,522,392.0,,
dp_w30,mcp4-n080-r08-03,289.17214988868506,6000.000099999999,6000.000099999999,0.0,5.152283899,284.01986598968506,279.8109764740001,279.0165939750002,291,284,4395,626,433,498,560,401.0,,
dp_w30,mcp4-n080-r08-04,240.58217663454042,5927.111266666667,5927.111266666667,0.0,4.290127465,236.2920491695404,235.0589802009999,234.582321924,230,219,554,605,425,477,483,363.0,,
dp_w30,mcp4-n080-r08-05,147.1487076405294,5400.0001,5400.0001,0.0,5.727649701,141.42105793952942,137.57793284799996,137.10189391400002,176,170,1413,615,428,487,430,285.0,,
dp_w30,mcp4-n080-r08-06,214.8636959779248,4848.000200000001,4848.122756928719,2.527989349464972e-5,5.215641855,209.6480541229248,207.31857097399993,206.81708386600005,239,229,1614,600,429,472,490,292.0,,
dp_w30,mcp4-n080-r08-07,248.56796227186376,4926.000150000002,4926.000150000002,0.0,4.959269149,243.60869312286377,240.87482629600007,240.21772458099997,297,287,1608,620,430,492,556,388.0,,
dp_w30,mcp4-n080-r08-08,90.28775678860437,5168.000100000002,5168.000100000002,0.0,5.360019791,84.92773699760437,84.46832641900002,84.207841836,127,122,342,609,427,481,386,217.0,,
dp_w30,mcp4-n080-r08-09,359.0622946997253,5038.500150000005,5038.500150000005,0.0,5.9972317,353.06506299972534,344.877623681,344.21008657700014,306,299,4648,626,433,498,567,475.0,,
dp_w30,mcp4-n080-r08-10,200.05494024525368,4610.000100000006,4610.000100000006,0.0,6.275840304,193.77909994125366,192.762156559,192.4029669020001,173,167,961,606,430,478,432,266.0,,
dp_w30,mcp4-n080-r10-01,89.29046752207165,3691.0001500000017,3691.0001500000017,0.0,4.106023333,85.18444418907166,84.80987845699997,84.45349588300003,141,134,294,586,390,458,377,226.0,,
dp_w30,mcp4-n080-r10-02,119.17203828228784,3995.2501500000003,3995.2501500000003,0.0,4.141521181,115.03051710128784,114.20979819499996,113.69389684800001,213,207,771,614,395,486,459,283.0,,
dp_w30,mcp4-n080-r10-03,136.24099013923083,4124.0001,4124.0001,0.0,3.930861212,132.31012892723083,127.70999572700008,127.109924431,220,209,4374,602,406,474,472,283.0,,
dp_w30,mcp4-n080-r10-04,125.93265823535766,4292.0002,4292.0002,0.0,2.782784025,123.14987421035767,122.302177633,121.79577570999997,214,206,541,606,407,478,465,346.0,,
dp_w30,mcp4-n080-r10-05,202.4007441165475,3823.0002,3823.0002,0.0,4.203379071,198.19736504554749,194.96118970599997,194.19900376300006,342,331,2559,599,392,471,582,535.0,,
dp_w30,mcp4-n080-r10-06,128.2067326355376,4038.0001,4038.075099999999,1.857355080276214e-5,3.798337822,124.4083948135376,123.83803017199997,123.30966367599999,228,216,392,603,400,475,476,504.0,,
dp_w30,mcp4-n080-r10-07,37.08699901772583,3943.0001,3943.0001,0.0,3.23374613,33.85325288772583,33.52342718300001,33.32376683999999,91,86,99,594,394,466,331,186.0,,
dp_w30,mcp4-n080-r10-08,19.19735357562866,4339.0001,4339.0001,0.0,3.508341525,15.689012050628662,15.448996576000003,15.389589647,32,29,62,600,398,472,277,120.0,,
dp_w30,mcp4-n080-r10-09,119.90263712869128,3860.0000999999993,3860.0000999999993,0.0,4.475928192,115.42670893669128,114.99600896699998,114.60984166299997,180,175,225,604,399,476,432,288.0,,
dp_w30,mcp4-n080-r10-10,39.644765159576416,4385.500150000002,4385.500150000002,0.0,3.526446125,36.118319034576416,35.831669567000006,35.639099094,77,75,117,594,399,466,325,131.0,,
dp_w30,mcp4-n080-r12-01,99.20678300303553,3733.0001,3733.0001,0.0,1.512453026,97.69432997703552,96.43766598399996,95.90535994300002,188,183,615,606,388,478,446,410.0,,
dp_w30,mcp4-n080-r12-02,91.73103062213147,3525.500149999997,3525.500149999997,0.0,2.467934528,89.26309609413147,87.03838257699996,86.54433332899998,227,222,2708,601,382,473,477,328.0,,
dp_w30,mcp4-n080-r12-03,36.793110070287476,3056.0000999999997,3056.0000999999997,0.0,3.068579135,33.724530935287476,33.366230159,33.135298996,106,102,213,569,367,441,338,171.0,,
dp_w30,mcp4-n080-r12-04,18.60397691854187,3247.000199999999,3247.000199999999,0.0,2.27352996,16.33044695854187,16.091774878999995,16.001260537,51,48,54,603,379,475,293,125.0,,
dp_w30,mcp4-n080-r12-05,95.46960719173059,3280.0000999999993,3280.0000999999993,0.0,3.015487271,92.45411992073059,91.789060023,91.25564122400003,246,236,643,594,376,466,483,433.0,,
dp_w30,mcp4-n080-r12-06,106.89200402138256,3081.3334666666674,3081.5739890418977,7.805788559797698e-5,2.427258023,104.46474599838257,101.040816703,100.57376832700007,267,258,4482,608,385,480,513,421.0,,
dp_w30,mcp4-n080-r12-07,52.12304314665393,2996.0002000000004,2996.0002000000004,0.0,2.955751267,49.16729187965393,48.719514941999996,48.44392782500001,138,132,361,608,377,480,377,220.0,,
dp_w30,mcp4-n080-r12-08,78.80354968043042,2750.0001,2750.0001,0.0,3.984866533,74.81868314743042,74.26944960600001,73.91496785299996,170,163,419,578,382,450,419,276.0,,
dp_w30,mcp4-n080-r12-09,32.27360778388355,3034.0000999999947,3034.0000999999947,0.0,2.251036697,30.022571086883545,29.738299874,29.529528658999993,102,98,200,596,374,468,339,164.0,,
dp_w30,mcp4-n080-r12-10,91.57197509571716,3249.0001,3249.0001,0.0,2.91612397,88.65585112571716,87.94452975399997,87.48570080600001,207,196,628,579,370,451,432,284.0,,
dp_w30,mcp4-n080-r14-01,44.45166095966162,2692.000100000001,2692.000100000001,0.0,2.069597094,42.38206386566162,42.041274972,41.8020954,112,107,221,583,363,455,348,205.0,,
dp_w30,mcp4-n080-r14-02,50.77452032471032,2471.0001999999995,2471.0001999999995,0.0,2.100593256,48.67392706871033,48.25174893000002,47.925740601,169,162,335,586,357,458,399,260.0,,
dp_w30,mcp4-n080-r14-03,83.26236953284717,2417.50015,2417.50015,0.0,1.795882602,81.46648693084717,79.71950614899998,79.07930070400002,296,286,1543,579,347,451,511,432.0,,
dp_w30,mcp4-n080-r14-04,56.01330468168628,2289.0001000000007,2289.0001000000007,0.0,1.925307722,54.08799695968628,52.920456366,52.52034831800001,191,182,1237,599,360,471,418,264.0,,
dp_w30,mcp4-n080-r14-05,12.239296071818115,2817.0001,2817.0001,0.0,1.492373102,10.746922969818115,10.581025113000003,10.473499880000004,42,39,35,606,362,478,274,93.0,,
dp_w30,mcp4-n080-r14-06,75.60095985593323,2750.5001500000017,2750.500150000002,0.0,1.58514579,74.01581406593323,72.21180368600001,71.780702373,221,212,1832,598,342,470,434,316.0,,
dp_w30,mcp4-n080-r14-07,50.04046123128369,2926.0001000000007,2926.000100000001,0.0,1.475183178,48.56527805328369,48.056870072,47.660602313999995,201,193,539,618,350,490,423,317.0,,
dp_w30,mcp4-n080-r14-08,65.42429281504468,2455.50015,2455.5902341930387,3.66866982430523e-5,1.754136813,63.67015600204468,61.106305626,60.66747077899998,205,200,2953,606,353,478,432,323.0,,
dp_w30,mcp4-n080-r14-09,30.71248288595288,2462.5001500000008,2462.5001500000008,0.0,2.036478953,28.67600393295288,28.324533086000002,28.104830596000017,125,120,224,584,362,456,359,223.0,,
dp_w30,mcp4-n080-r14-10,41.691542232931155,2858.000133333333,2858.000133333333,0.0,1.011863316,40.67967891693115,36.97106143399999,36.697061809000004,144,139,4100,570,349,442,364,206.0,,
dp_w30,mcp4-n080-r16-01,12.850826819127075,2328.0001,2328.0001,0.0,1.277142842,11.573683977127075,11.444477994000001,11.374954385,51,48,43,577,337,449,266,124.0,,
dp_w30,mcp4-n080-r16-02,38.45030996180603,2142.5001500000003,2142.5001500000003,0.0,1.62124297,36.82906699180603,34.748549818,34.435947624,131,124,2667,583,340,455,347,196.0,,
dp_w30,mcp4-n080-r16-03,48.4772933885542,1936.5001500000021,1936.5001500000021,0.0,1.303645508,47.1736478805542,46.69824282300003,46.259446059,214,202,343,589,345,461,440,255.0,,
dp_w30,mcp4-n080-r16-04,63.23898218209717,2156.7501500000008,2156.7501500000008,0.0,0.852085095,62.38689708709717,58.90689887099999,58.23211135700002,293,284,3890,610,339,482,510,531.0,,
dp_w30,mcp4-n080-r16-05,24.675735402472778,2229.000100000001,2229.000100000001,0.0,1.905407596,22.77032780647278,22.532516948000005,22.36279896,92,86,138,589,342,461,312,184.0,,
dp_w30,mcp4-n080-r16-06,21.6961276432865,2299.0001,2299.0001,0.0,1.438601484,20.2575261592865,20.046359554999995,19.910216499,96,89,56,589,351,461,326,188.0,,
dp_w30,mcp4-n080-r16-07,66.64026552868555,2319.666833333332,2319.666833333332,0.0,1.691584651,64.94868087768555,62.52997197800003,62.10403762899998,227,214,2496,560,337,432,442,371.0,,
dp_w30,mcp4-n080-r16-08,14.831113662381957,1812.0001000000002,1812.0001000000002,0.0,1.580120649,13.250993013381958,13.082596512999999,12.969245557999997,61,58,93,576,337,448,279,131.0,,
dp_w30,mcp4-n080-r16-09,22.97184738267932,1992.0001000000002,1992.0001,0.0,1.849931327,21.12191605567932,20.881203434999996,20.71961683899999,86,83,96,568,330,440,294,168.0,,
dp_w30,mcp4-n080-r16-10,28.686324282535278,1627.000100000001,1627.000100000001,0.0,1.662456437,27.02386784553528,26.634981059999998,26.35319794199999,134,125,344,601,344,473,361,260.0,,
dp_w30,mcp4-n090-r08-01,920.1459102976579,6051.333466666663,6051.333466666663,0.0,9.046364342,911.099545955658,896.3484424589992,895.2357949660002,559,547,12073,594,461,450,824,698.0,,
dp_w30,mcp4-n090-r08-02,759.9743780912817,6350.000099999998,6350.000099999998,0.0,7.288203937,752.6861741542816,750.4431067400008,749.3037633979994,457,447,971,569,441,425,702,521.0,,
dp_w30,mcp4-n090-r08-03,744.4722277111847,6544.400120000006,6545.019214343613,9.459909728253054e-5,8.5444807,735.9277470111847,694.9354664759996,693.7747042459999,422,412,41300,591,448,447,677,746.0,,
dp_w30,mcp4-n090-r08-04,912.6267331706774,5604.000200000002,5604.128876928538,2.2961620974987027e-5,9.663436042,902.9632971286774,881.5026835709999,880.6468419329999,373,363,10576,587,455,443,639,424.0,,
dp_w30,mcp4-n090-r08-05,816.4285237668284,5733.500150000001,5733.500150000001,0.0,10.014596927,806.4139268398285,802.8176596729992,801.7825906410003,395,388,1633,586,443,442,642,468.0,,
dp_w30,mcp4-n090-r08-06,1085.0692874120193,6854.833483333332,6855.222322222226,5.672477527557757e-5,9.848114364,1075.2211730480194,1067.2325091960001,1066.2302674339999,404,391,6478,597,442,453,650,442.0,,
dp_w30,mcp4-n090-r08-07,868.0561031829935,6628.500150000001,6628.500150000001,0.0,8.450791074,859.6053121089935,851.7212449329998,850.5840951289995,498,490,6175,585,450,441,752,672.0,,
dp_w30,mcp4-n090-r08-08,561.7664568435475,5870.000150000003,5870.000150000003,0.0,10.008544923,551.7579119205475,524.0074652910001,523.4538277890002,250,246,36281,592,443,448,501,399.0,,
dp_w30,mcp4-n090-r08-09,918.6522820252299,5690.500149999996,5690.500149999996,0.0,8.481032874,910.1712491512299,887.2496611590004,886.1939173039997,469,458,14934,584,444,440,710,536.0,,
dp_w30,mcp4-n090-r08-10,573.5474257763028,6615.0000999999975,6615.000099999998,0.0,9.315225869,564.2321999073029,561.4626434680001,560.7992328569999,288,282,974,591,444,447,540,410.0,,
dp_w30,mcp4-n090-r10-01,604.0965508054925,5127.500149999995,5127.670972440438,3.331495571830693e-5,7.115251882,596.9812989234924,590.9466094000002,590.008408332,446,436,4645,589,409,445,686,565.0,,
dp_w30,mcp4-n090-r10-02,429.70042620545007,4945.000199999999,4945.000199999999,0.0,6.172725066,423.5277011394501,420.9132706729996,420.02864671699973,381,368,2577,568,418,424,622,398.0,,
dp_w30,mcp4-n090-r10-03,316.38206342240017,4279.000099999999,4279.000099999999,0.0,7.415528331,308.96653509140015,307.1170969899999,306.61993077199986,233,227,1133,573,407,429,474,275.0,,
dp_w30,mcp4-n090-r10-04,372.5264406264746,4416.0001,4416.0001,0.0,6.595322615,365.9311180114746,364.11608749899966,363.5892416260002,297,286,1255,570,406,426,529,460.0,,
dp_w30,mcp4-n090-r10-05,510.77482548080235,4297.0001,4297.0001,0.0,7.560307649,503.21451783180237,493.3150573780001,492.537782921,388,379,9709,569,403,425,619,552.0,,
dp_w30,mcp4-n090-r10-06,375.904714098063,4412.000200000002,4412.000200000002,0.0,6.878609171,369.026104927063,364.884532802,364.213483677,313,306,4973,577,411,433,558,385.0,,
dp_w30,mcp4-n090-r10-07,428.3990911282595,4309.000099999999,4309.000099999999,0.0,6.593353156,421.8057379722595,416.4558458220003,415.74346800300003,334,322,1543,582,416,438,574,581.0,,
dp_w30,mcp4-n090-r10-08,314.465277763363,4828.000133333335,4828.000133333335,0.0,5.239064785,309.22621297836304,307.2907085559999,306.7072389350002,276,267,1451,594,420,450,518,437.0,,
dp_w30,mcp4-n090-r10-09,357.14838092676575,5061.0001,5061.0001,0.0,6.427010945,350.72136998176575,349.51320321700024,348.82491691700017,363,354,645,583,405,439,597,451.0,,
dp_w30,mcp4-n090-r10-10,335.3218174846046,4562.400140000003,4562.4001400000025,0.0,6.810532418,328.5112850666046,326.22498550499995,325.57896277200007,296,286,1496,586,419,442,541,554.0,,
dp_w30,mcp4-n090-r12-01,290.5694985294491,3706.4001400000016,3706.4001400000016,0.0,4.860364666,285.7091338634491,283.95938817200005,283.04350930199996,391,380,1281,572,390,428,624,545.0,,
dp_w30,mcp4-n090-r12-02,164.93210986941725,3871.0001499999967,3871.3637363636367,9.392569091996155e-5,4.660178698,160.27193117141724,159.497584898,159.02867892100005,254,246,725,574,381,430,478,362.0,,
dp_w30,mcp4-n090-r12-03,246.03214486066602,3755.0001000000016,3755.0001000000016,0.0,5.368872003,240.66327285766602,239.96899637399991,239.43360388400032,354,344,449,571,386,427,584,524.0,,
dp_w30,mcp4-n090-r12-04,329.6832511431648,3608.0001499999994,3608.0001499999994,0.0,5.407445193,324.2758059501648,319.14907434200023,318.23187691900006,425,414,4267,582,393,438,660,536.0,,
dp_w30,mcp4-n090-r12-05,216.5660756562942,3550.000100000002,3550.000100000002,0.0,5.017605636,211.5484700202942,208.93010005899993,208.1645411490001,315,307,3265,594,395,450,557,421.0,,
dp_w30,mcp4-n090-r12-06,102.71802233669813,3339.000200000003,3339.000200000003,0.0,4.994936218,97.72308611869812,97.28224445999997,96.87090062399999,166,159,339,585,390,441,399,257.0,,
dp_w30,mcp4-n090-r12-07,265.16223991833493,3782.5001499999994,3782.5001499999994,0.0,4.090929875,261.07131004333496,252.77778179400002,252.1262257959999,357,347,8607,573,393,429,590,565.0,,
dp_w30,mcp4-n090-r12-08,156.7726627014309,3672.0001,3672.0001,0.0,6.148211541,150.6244511604309,149.801160161,149.31198620499993,230,223,703,568,382,424,460,298.0,,
dp_w30,mcp4-n090-r12-09,89.29663158989258,4184.000099999999,4184.000099999999,0.0,3.286297575,86.01033401489258,85.57417452499999,85.18305673400002,182,177,279,584,389,440,417,249.0,,
dp_w30,mcp4-n090-r12-10,133.45544827574255,3350.333466666667,3350.333466666667,0.0,5.243410474,128.21203780174255,127.51569073199998,127.120975742,214,210,710,582,395,438,450,298.0,,
dp_w30,mcp4-n090-r14-01,108.5264307793822,3413.000100000002,3413.000100000002,0.0,3.037592822,105.4888379573822,104.901207272,104.37236145699997,227,217,370,584,379,440,459,292.0,,
dp_w30,mcp4-n090-r14-02,252.23192762960863,3182.0001500000008,3182.1572958238044,4.938586310362146e-5,3.477841612,248.75408601760864,246.57618875100002,245.67434082699992,366,353,2426,581,360,437,575,486.0,,
dp_w30,mcp4-n090-r14-03,139.58803662350988,3149.000199999999,3149.000199999999,0.0,4.184808579,135.4032280445099,134.92230363899992,134.45257780299997,235,227,291,566,370,422,457,362.0,,
dp_w30,mcp4-n090-r14-04,184.24074314954382,3646.0001000000007,3646.0001000000007,0.0,3.296599139,180.94414401054382,179.96356116799998,179.228765955,299,284,574,570,372,426,514,351.0,,
dp_w30,mcp4-n090-r14-05,153.0272908387412,3044.0001,3044.0001,0.0,4.088243979,148.9390468597412,146.98163472299998,146.390300398,293,282,1451,559,371,415,516,362.0,,
dp_w30,mcp4-n090-r14-06,191.195525735662,3399.3334666666688,3399.3334666666688,0.0,3.788725704,187.406800031662,184.18560731400015,183.61538401800004,276,267,3820,575,373,431,507,332.0,,
dp_w30,mcp4-n090-r14-07,210.75769235271338,2659.666833333334,2659.666833333334,0.0,3.766953484,206.99073886871338,205.37286374200008,204.4401390350001,402,391,1105,583,375,439,626,488.0,,
dp_w30,mcp4-n090-r14-08,183.68466581249072,2623.500133333332,2623.500133333332,0.0,4.356562747,179.32810306549072,177.58279493900008,176.78313388699996,330,319,928,557,366,413,548,478.0,,
dp_w30,mcp4-n090-r14-09,192.55179765164684,2984.0002000000004,2984.0002000000004,0.0,4.336696648,188.21510100364685,182.82755162199985,182.22615597699996,308,300,4784,569,371,425,537,396.0,,
dp_w30,mcp4-n090-r14-10,112.08450665524707,2664.000100000001,2664.000100000001,0.0,3.904954577,108.17955207824707,107.61440757499999,107.12486590300003,226,216,401,557,363,413,444,282.0,,
dp_w30,mcp4-n090-r16-01,132.77961598094396,2082.333466666667,2082.333466666667,0.0,3.495890004,129.28372597694397,126.05654740399999,125.41132504999999,305,295,3248,570,365,426,529,527.0,,
dp_w30,mcp4-n090-r16-02,94.33322903499256,2594.000150000002,2594.000150000002,0.0,3.200781077,91.13244795799255,86.950331662,86.42684112699997,274,266,5480,566,363,422,499,395.0,,
dp_w30,mcp4-n090-r16-03,88.90958601352881,2573.333466666667,2573.333466666667,0.0,3.032359184,85.87722682952881,81.71537860400004,81.29257214500002,252,247,4336,556,359,412,473,426.0,,
dp_w30,mcp4-n090-r16-04,99.50848608879468,2174.0001399999965,2174.0001399999965,0.0,3.348583993,96.15990209579468,94.80056006199997,94.43695060700004,200,191,1017,561,353,417,413,265.0,,
dp_w30,mcp4-n090-r16-05,97.41249669892152,2710.0001500000008,2710.0001500000008,0.0,2.24488057,95.16761612892151,93.751353506,93.414456153,238,230,1158,559,362,415,462,347.0,,
dp_w30,mcp4-n090-r16-06,67.05933927268701,2677.0001000000007,2677.0001000000007,0.0,3.191401231,63.86793804168701,63.415248208,63.11856484099997,179,172,470,554,345,410,381,248.0,,
dp_w30,mcp4-n090-r16-07,77.90263079081885,2343.0001500000035,2343.000150000003,0.0,2.360141739,75.54248905181885,75.18027051400001,74.853144566,211,204,200,559,357,415,428,293.0,,
dp_w30,mcp4-n090-r16-08,22.265160323194458,2537.0001,2537.0001,0.0,2.085334302,20.179826021194458,19.967473187000007,19.888875197999997,65,63,73,564,358,420,285,135.0,,
dp_w30,mcp4-n090-r16-09,77.72571255884131,2431.0002000000013,2431.0002000000013,0.0,3.674535534,74.05117702484131,70.767485422,70.43323175699999,188,181,4883,574,358,430,408,283.0,,
dp_w30,mcp4-n090-r16-10,137.09763253152613,2754.0001,2754.0001,0.0,2.217559461,134.88007307052612,134.18537472300005,133.69195249599997,312,304,677,569,341,425,514,362.0,,
dp_w30,mcp4-n100-r08-01,1753.3037886445459,6727.000199999994,6727.400100000009,5.9447002843094265e-5,12.964697582,1740.3390910625458,1732.2862744680003,1730.5182296980006,535,528,6153,656,481,496,801,644.0,,
dp_w30,mcp4-n100-r08-02,2659.352896386538,7489.764852941167,7489.764852941167,0.0,11.218157226,2648.1347391605377,2625.81124336,2624.288455339002,644,634,16555,673,487,513,917,742.0,,
dp_w30,mcp4-n100-r08-03,2565.1435233119287,7652.500149999999,7652.500149999998,0.0,12.33252821,2552.8109951019287,2541.05554964,2539.1772177140024,680,667,8307,669,484,509,952,738.0,,
dp_w30,mcp4-n100-r08-04,1109.686646602064,6973.666800000001,6974.228721428588,8.057761357154085e-5,11.562677524,1098.123969078064,1044.8120895020006,1043.4330042269999,520,507,58256,650,478,490,777,608.0,,
dp_w30,mcp4-n100-r08-05,418.8405780804168,7837.000100000005,7837.000100000005,0.0,10.985743047,407.85483503341675,407.15307072499996,406.65451922700004,185,181,331,669,478,509,449,291.0,,
dp_w30,mcp4-n100-r08-06,3437.752134049776,6773.400139999996,6773.760237681779,5.3163503460532784e-5,14.738760198,3423.013373851776,3408.6024879419983,3406.8030884999985,611,599,12309,659,472,499,872,694.0,,
dp_w30,mcp4-n100-r08-07,1497.739722391984,7155.000149999999,7155.230969230766,3.22598498851657e-5,14.773644349,1482.966078042984,1367.180178622999,1365.8876359940002,563,558,100793,664,492,504,846,674.0,,
dp_w30,mcp4-n100-r08-08,2311.029860021852,7455.000166666669,7455.00016666667,0.0,12.798879864,2298.230980157852,2277.1507605330003,2275.6731458450013,600,583,16399,671,487,511,873,688.0,,
dp_w30,mcp4-n100-r08-09,234.72208314667625,8006.000100000002,8006.000100000002,0.0,11.670885141,223.05119800567627,222.623522038,222.49559154699998,64,62,171,648,473,488,328,102.0,,
dp_w30,mcp4-n100-r08-10,1612.1804594281336,7545.000100000003,7545.000100000002,0.0,11.284571338,1600.8958880901337,1599.6718359590002,1598.9407763689994,340,333,623,654,491,494,618,427.0,,
dp_w30,mcp4-n100-r10-01,925.994138587484,5748.000099999999,5748.513467502418,8.931236838687373e-5,9.755599607,916.238538980484,895.273724862,894.2009862520005,422,418,19036,644,432,484,665,515.0,,
dp_w30,mcp4-n100-r10-02,1153.7883048202539,5565.500149999998,5565.857292857142,6.417084673765153e-5,9.411766782,1144.3765380382538,1108.3328565130005,1107.1144771610002,526,514,33537,651,428,491,761,598.0,,
dp_w30,mcp4-n100-r10-03,1237.702071580098,5742.000200000004,5742.000200000004,0.0,9.238358411,1228.463713169098,1224.6450140099996,1223.508038865,472,462,3222,667,446,507,725,662.0,,
dp_w30,mcp4-n100-r10-04,457.62608011820436,5337.000100000001,5337.000100000001,0.0,9.28423699,448.34184312820435,445.9211742380002,444.7972280400002,391,384,1504,652,443,492,646,548.0,,
dp_w30,mcp4-n100-r10-05,1158.6320561025818,5641.600120000001,5641.953990489916,6.272519894846743e-5,9.134882078,1149.497174024582,1049.0683276400002,1047.4625787350003,682,673,71429,663,455,503,948,986.0,,
dp_w30,mcp4-n100-r10-06,286.5650650420829,4740.285857142857,4740.285857142857,0.0,9.746394054,276.8186709880829,275.98918660899994,275.55078768799984,178,173,786,668,443,508,428,324.0,,
dp_w30,mcp4-n100-r10-07,667.5930122170703,4962.000100000002,4962.000100000002,0.0,10.18546522,657.4075469970703,655.3049136849995,654.2687897109996,391,382,1520,663,449,503,648,495.0,,
dp_w30,mcp4-n100-r10-08,1065.5607321029659,5207.200239999998,5207.200239999998,0.0,11.247914291,1054.312817811966,1053.0710958750005,1052.1281550859997,435,418,726,667,447,507,685,515.0,,
dp_w30,mcp4-n100-r10-09,1147.7100002104544,5493.000199999998,5493.264206366992,4.80623261208294e-5,10.449918204,1137.2600820064545,1112.2844141410003,1111.0163147429998,574,563,26959,649,438,489,825,721.0,,
dp_w30,mcp4-n100-r10-10,709.2806294560603,5179.000099999995,5179.000099999995,0.0,8.738006413,700.5426230430603,699.15451517,698.0348241209997,512,498,733,668,457,508,778,601.0,,
dp_w30,mcp4-n100-r12-01,327.6913492393592,4715.000100000001,4715.000100000001,0.0,6.454467268,321.23688197135925,320.77555994500017,320.2685373359999,245,237,145,663,423,503,496,295.0,,
dp_w30,mcp4-n100-r12-02,91.21170607499145,4416.750150000002,4416.750150000002,0.0,8.53823224,82.67347383499146,82.02509052100002,81.69186668699999,110,108,636,663,423,503,363,164.0,,
dp_w30,mcp4-n100-r12-03,295.49559104963527,4371.000099999996,4371.000099999996,0.0,6.832031136,288.66355991363525,287.8059614000001,287.22116683599995,262,256,556,659,412,499,505,317.0,,
dp_w30,mcp4-n100-r12-04,834.5302919906708,4026.000100000002,4026.304545321938,7.561979989416114e-5,8.6880271,825.8422648906708,804.8221768290009,803.2128674569999,596,587,20627,661,426,501,850,824.0,,
dp_w30,mcp4-n100-r12-05,330.6165097108607,4321.000100000001,4321.000100000001,0.0,7.312909638,323.3036000728607,317.27106521599984,316.25473164100003,437,431,5839,661,419,501,684,523.0,,
dp_w30,mcp4-n100-r12-06,314.03263393015476,4808.0001,4808.0001,0.0,7.201830059,306.8308038711548,305.15178618599987,304.23904581800014,377,366,1091,638,416,478,615,422.0,,
dp_w30,mcp4-n100-r12-07,352.3738862921742,4274.0002,4274.404239386187,9.453424597100471e-5,6.603159373,345.7707269191742,335.70119282699983,334.66306377900025,360,354,12202,650,429,490,620,504.0,,
dp_w30,mcp4-n100-r12-08,505.86978009242495,4097.000133333335,4097.000133333335,0.0,7.261983185,498.6077969074249,497.56354606500014,496.5352433820006,372,363,633,642,412,482,608,451.0,,
dp_w30,mcp4-n100-r12-09,608.9434040487173,4716.0001,4716.0001,0.0,9.504567951,599.4388360977173,596.5258009459999,595.628236362,387,378,1894,654,421,494,634,579.0,,
dp_w30,mcp4-n100-r12-10,298.3968977792854,3990.0001,3990.0001,0.0,7.112017618,291.2848801612854,290.55903092099993,289.74419055299995,294,283,276,661,429,501,545,373.0,,
dp_w30,mcp4-n100-r14-01,236.8466015742965,3127.000100000002,3127.000100000002,0.0,7.601104586,229.2454969882965,226.35735281299992,225.5483845660001,293,286,2178,650,402,490,536,416.0,,
dp_w30,mcp4-n100-r14-02,210.76927362439002,3279.0001,3279.0001,0.0,6.436975584,204.33229804039001,198.67995136899998,197.63496419500004,347,343,7107,660,405,500,596,478.0,,
dp_w30,mcp4-n100-r14-03,179.71074057760657,3916.0001,3916.0001,0.0,5.681461584,174.02927899360657,173.464759063,172.66669249699996,300,292,350,633,381,473,517,362.0,,
dp_w30,mcp4-n100-r14-04,184.93039115115013,3715.0001,3715.0001,0.0,3.976063091,180.95432806015015,180.29193010299994,179.727239829,213,207,646,656,398,496,449,280.0,,
dp_w30,mcp4-n100-r14-05,135.2210958710619,3551.0000999999997,3551.0001,0.0,4.339511942,130.8815839290619,130.50915014900005,130.114816676,156,149,83,666,406,506,400,190.0,,
dp_w30,mcp4-n100-r14-06,438.3613026543976,3210.000150000002,3210.000150000002,0.0,7.567920725,430.7933819293976,425.97333435099995,424.93726438800013,471,462,3654,623,402,463,714,736.0,,
dp_w30,mcp4-n100-r14-07,303.66286094352756,3198.0001999999986,3198.0001999999986,0.0,5.711186959,297.9516739845276,295.09229481899985,293.9008757380001,457,444,2274,650,401,490,697,1039.0,,
dp_w30,mcp4-n100-r14-08,65.02993351050891,3560.000100000001,3560.000100000001,0.0,4.677694617,60.35223889350891,60.06252657700001,59.899666666,66,63,83,650,394,490,302,103.0,,
dp_w30,mcp4-n100-r14-09,261.47411914500674,3627.7501625000023,3627.7501625000023,0.0,4.761508185,256.7126109600067,250.21386405299987,249.2951251830001,390,381,5901,639,402,479,629,565.0,,
dp_w30,mcp4-n100-r14-10,200.651666510104,3540.6001399999973,3540.6001399999973,0.0,6.083626616,194.568039894104,193.49041180200007,192.697235494,295,288,627,648,410,488,544,419.0,,
dp_w30,mcp4-n100-r16-01,218.75159518154393,3241.0001,3241.0001,0.0,3.838919324,214.91267585754395,214.064299768,213.179206894,332,323,584,660,382,500,566,372.0,,
dp_w30,mcp4-n100-r16-02,277.09488693609546,2910.000149999999,2910.000149999999,0.0,4.535013832,272.55987310409546,271.04295471299974,270.047218881,410,400,659,629,384,469,640,506.0,,
dp_w30,mcp4-n100-r16-03,73.75943494579553,3159.000100000001,3159.000100000001,0.0,3.317856796,70.44157814979553,70.17609124799999,69.91002262600004,149,146,106,637,374,477,371,221.0,,
dp_w30,mcp4-n100-r16-04,203.9757645824408,3067.0001,3067.0001,0.0,4.78890569,199.1868588924408,198.63856104000013,198.09345668400007,249,239,371,641,375,481,468,333.0,,
dp_w30,mcp4-n100-r16-05,134.60455835360656,2811.0001,2811.0001,0.0,5.09090436,129.51365399360657,129.05987934400002,128.63504315900002,240,234,236,641,385,481,471,333.0,,
dp_w30,mcp4-n100-r16-06,85.62845057317969,2984.000100000001,2984.000100000001,0.0,4.398790539,81.22966003417969,80.82382060900002,80.52781624200003,180,173,207,656,386,496,412,263.0,,
dp_w30,mcp4-n100-r16-07,36.2031719149436,2678.000100000001,2678.000100000001,0.0,5.334807104,30.868364810943604,30.599168015000018,30.461287104999997,64,61,126,641,380,481,290,126.0,,
dp_w30,mcp4-n100-r16-08,132.749243152604,3016.0002,3016.0002,0.0,4.283742321,128.465500831604,127.36772703099997,126.78713967199994,258,253,923,643,384,483,496,351.0,,
dp_w30,mcp4-n100-r16-09,274.5705511453766,2889.0001600000005,2889.0001600000005,0.0,4.79042815,269.7801229953766,267.785715628,266.8011702159997,451,441,1162,635,380,475,680,519.0,,
dp_w30,mcp4-n100-r16-10,162.52519870317357,2992.0000999999993,2992.0000999999997,0.0,3.479943519,159.04525518417358,158.43611021899997,157.89523410699996,268,259,430,665,400,505,509,352.0,,
dp_w30,mcp4-n110-r08-01,2993.8638977042947,7634.000200000007,7634.000200000006,0.0,23.025502824,2970.838394880295,2960.3991118130007,2959.2931110359987,473,465,5918,632,506,458,740,790.0,,
dp_w30,mcp4-n110-r08-02,3756.6299740903364,6865.000100000001,14432.790257798906,1.1023729129732867,25.098173105,3731.5318009853363,3718.3204150960005,3716.758731826997,578,572,8387,647,504,473,851,657.0,,
dp_w30,mcp4-n110-r08-03,3505.5470305650715,8261.000150000009,8261.78114173553,9.453961037886292e-5,22.697869417,3482.8491611480713,3429.178109612002,3427.6689702270014,703,698,45288,624,484,450,955,930.0,,
dp_w30,mcp4-n110-r08-04,2477.610575365661,8120.0001,8120.0001,0.0,22.612404513,2454.998170852661,2453.4031845520008,2452.8184045860003,286,279,1172,625,493,451,544,396.0,,
dp_w30,mcp4-n110-r08-05,3615.3709054112883,6793.000099999999,14083.09811608425,1.0731779638990806,24.321293366,3591.049612045288,3561.181675538001,3560.2139459220007,572,562,22628,631,501,457,835,698.0,,
dp_w30,mcp4-n110-r08-06,3440.876506424413,8346.66680000002,8346.666800000019,0.0,25.66898737,3415.207519054413,3410.110295060001,3409.2350282679995,416,409,2382,638,503,464,687,604.0,,
dp_w30,mcp4-n110-r08-07,3702.3095977881553,5530.500150000005,13925.646916189755,1.5179724325999235,29.766557751,3672.543040037155,3652.6262412730007,3651.638395288999,454,445,14976,641,505,467,723,598.0,,
dp_w30,mcp4-n110-r08-08,3627.662673638625,8720.333500000008,9304.865524952018,0.067030925474583,24.833005832,3602.8296678066254,3599.941016747002,3598.9114522739983,539,530,1619,643,502,469,808,727.0,,
dp_w30,mcp4-n110-r08-09,4538.824606521001,8865.83346666666,10609.25425715531,0.19664488364726007,25.889724357,4512.9348821640015,4489.162109835998,4488.2010585470025,545,541,20690,637,498,463,817,702.0,,
dp_w30,mcp4-n110-r08-10,3766.0425714373596,7566.0001999999995,12886.367915314415,0.7031942340306065,24.638593328,3741.4039781093597,3589.094574267,3587.87378448,683,678,117398,641,507,467,963,768.0,,
dp_w30,mcp4-n110-r10-01,1453.7060258349577,5975.000100000003,5975.000100000003,0.0,15.319779869,1438.3862459659576,1435.6921643719998,1434.7376445480008,409,403,1520,631,455,457,658,490.0,,
dp_w30,mcp4-n110-r10-02,2064.5651098480753,5588.0001,5588.077379947396,1.3829625270794835e-5,15.787600874,2048.7775089740753,2028.3669379089981,2026.8428083990007,596,586,14783,634,461,460,848,743.0,,
dp_w30,mcp4-n110-r10-03,2517.337246497937,6293.200139999994,6293.778766876093,9.194477582583394e-5,15.945382675,2501.391863822937,2359.3025447030022,2357.106645126001,821,810,102873,627,464,453,1081,978.0,,
dp_w30,mcp4-n110-r10-04,2106.1897013336516,5736.000099999999,5736.134428358212,2.3418472083494155e-5,15.594218269,2090.5954830646515,2072.556173678001,2070.452986307999,795,783,11348,630,464,456,1049,867.0,,
dp_w30,mcp4-n110-r10-05,1185.2874113314408,6081.666799999986,6081.666799999986,0.0,16.704286217,1168.583125114441,1163.2858045910002,1162.2989732450005,373,368,4098,630,458,456,630,521.0,,
dp_w30,mcp4-n110-r10-06,1564.750562219438,6171.000100000001,6171.000100000001,0.0,12.843842058,1551.906720161438,1546.6042126589994,1545.2630399060004,457,448,4761,642,460,468,712,557.0,,
dp_w30,mcp4-n110-r10-07,1870.9935258647313,6631.0001,6631.500100000001,7.540340709705456e-5,15.491886737,1855.5016391277313,1838.8279915889987,1837.145634036,627,623,15775,633,453,459,876,755.0,,
dp_w30,mcp4-n110-r10-08,2135.8826154702115,6140.00015,6140.240676476888,3.917369234731859e-5,18.651081466,2117.2315340042114,2111.3029144839998,2109.9742946319984,674,664,3157,630,462,456,927,815.0,,
dp_w30,mcp4-n110-r10-09,1365.1586820349166,6376.00015,6376.454645454547,7.12822214326977e-5,17.388807939,1347.7698740959167,1341.7669246430005,1340.9468040250006,330,324,3956,623,458,449,585,479.0,,
dp_w30,mcp4-n110-r10-10,2013.8603380924426,6065.000140000002,6065.48245469729,7.95242681212089e-5,17.627705217,1996.2326328754425,1969.1221542280002,1967.551093809999,613,605,24111,625,461,451,870,698.0,,
dp_w30,mcp4-n110-r12-01,1166.5922218318788,5279.500150000003,5279.500150000003,0.0,9.016220903,1157.5760009288788,1154.1410900639999,1153.0475167439997,445,435,2872,620,435,446,688,695.0,,
dp_w30,mcp4-n110-r12-02,656.5924700949635,4376.0000999999975,4376.0000999999975,0.0,13.181539223,643.4109308719635,641.8412140810001,640.8581433630001,371,362,909,630,445,456,628,563.0,,
dp_w30,mcp4-n110-r12-03,669.0808355285633,5184.000099999998,5184.000099999998,0.0,12.354971595,656.7258639335632,654.668059206,653.9674531860001,358,352,798,636,437,462,610,421.0,,
dp_w30,mcp4-n110-r12-04,1096.8119020711888,4269.0001,4269.000099999999,0.0,12.094479109,1084.7174229621887,1082.2393956259998,1080.9573355469995,541,526,1578,630,432,456,782,748.0,,
dp_w30,mcp4-n110-r12-05,789.1332496006197,4786.500150000002,4786.759078571424,5.4095594548780064e-5,14.992765506,774.1404840946198,663.6576310859997,662.4776787409996,448,445,101363,628,435,454,702,545.0,,
dp_w30,mcp4-n110-r12-06,683.0486922556676,4867.6668,4867.6668,0.0,13.620677262,669.4280149936676,666.7291006190001,665.7210629079998,403,398,1381,628,431,454,653,496.0,,
dp_w30,mcp4-n110-r12-07,1201.616913588654,5195.500150000005,5195.656410240284,3.007607271039016e-5,13.527528556,1188.0893850326538,1161.257671544,1159.45706678,714,700,19135,634,436,460,960,891.0,,
dp_w30,mcp4-n110-r12-08,958.7285364946651,4649.555699999999,4649.555699999999,0.0,15.065689691,943.6628468036652,941.5114490089998,940.3917011709997,449,440,1334,616,431,442,692,555.0,,
dp_w30,mcp4-n110-r12-09,1059.1806144678878,4766.000166666668,4766.0001666666685,0.0,13.316287514,1045.864326953888,1039.3893709020006,1038.4494970580001,494,483,4253,624,437,450,742,653.0,,
dp_w30,mcp4-n110-r12-10,749.4679324540409,4922.0001,4922.0001,0.0,13.865232459,735.6026999950409,734.662404921,733.9458735040001,365,356,481,622,428,448,603,504.0,,
dp_w30,mcp4-n110-r14-01,592.6353274542646,4101.80018,4102.14295714286,8.35674893504031e-5,6.565314408,586.0700130462646,572.8577100069999,571.7211237740001,447,439,14345,619,414,445,693,712.0,,
dp_w30,mcp4-n110-r14-02,466.33694494261135,4067.0001333333353,4067.0001333333357,0.0,9.534923916,456.8020210266113,455.48120568300016,454.82194372400016,320,314,899,625,417,451,562,456.0,,
dp_w30,mcp4-n110-r14-03,310.00002742329457,4554.0001,4554.0001,0.0,7.817446237,302.18258118629456,300.47576891300014,299.79975318999976,321,312,880,633,415,459,561,438.0,,
dp_w30,mcp4-n110-r14-04,436.40222487272706,4383.000100000001,4383.000100000001,0.0,7.023809765,429.37841510772705,428.23352789599994,427.3121626369999,470,462,542,621,415,447,715,636.0,,
dp_w30,mcp4-n110-r14-05,617.9793329146564,3578.0001,3578.0001,0.0,9.51757597,608.4617569446564,607.2939933219997,606.3699495299999,432,427,774,622,420,448,681,489.0,,
dp_w30,mcp4-n110-r14-06,656.5359194797717,3597.0001999999968,3597.0001999999968,0.0,10.59672337,645.9391961097717,641.7849012009997,640.9073071399998,400,389,3034,628,411,454,635,593.0,,
dp_w30,mcp4-n110-r14-07,291.85152782150357,4315.166799999997,4315.166799999997,0.0,8.858830821,282.99269700050354,272.0899757369999,271.48447690499995,308,304,10929,610,405,436,541,364.0,,
dp_w30,mcp4-n110-r14-08,480.1700001452479,4166.666800000001,4166.666800000001,0.0,8.070100138,472.0999000072479,467.6594304410001,466.7512930769995,504,496,3461,621,415,447,747,615.0,,
dp_w30,mcp4-n110-r14-09,324.70555473290136,4067.0002,4067.3611760161284,8.875731457511637e-5,7.773427734,316.93212699890137,306.96721328500007,306.0696844179999,424,422,11416,615,410,441,666,512.0,,
dp_w30,mcp4-n110-r14-10,979.4241206939215,3643.000199999995,3643.1219064775714,3.340830933154527e-5,11.13345769,968.2906630039215,943.2221256889999,941.7523029169993,676,663,24355,629,408,455,905,742.0,,
dp_w30,mcp4-n110-r16-01,443.7724867482185,3365.0000999999997,3365.0000999999997,0.0,5.682511868,438.0899748802185,428.8355598669999,427.6125250709999,449,440,6480,643,402,469,688,583.0,,
dp_w30,mcp4-n110-r16-02,418.8683150588669,3295.0001,3295.0001,0.0,7.673497039,411.19481801986694,408.4291465479995,407.47154072999996,418,409,1785,622,394,448,651,495.0,,
dp_w30,mcp4-n110-r16-03,181.45097971774183,3681.0002000000013,3681.0002000000013,0.0,6.749351748,174.70162796974182,174.18373710499998,173.74129825700007,229,223,334,601,392,427,455,348.0,,
dp_w30,mcp4-n110-r16-04,559.3003074006608,3299.3335000000006,3299.3335000000006,0.0,7.744841464,551.5554659366608,539.667238213,538.718434887,379,372,14147,624,394,450,611,498.0,,
dp_w30,mcp4-n110-r16-05,350.16312891172,3513.0000999999997,3513.0000999999997,0.0,6.270107805,343.89302110671997,343.23370578899966,342.5434103040002,282,272,376,625,400,451,514,337.0,,
dp_w30,mcp4-n110-r16-06,357.8606862851852,3310.5001500000017,3310.5001500000017,0.0,6.062718136,351.7979681491852,312.13262460399983,310.8929247090003,453,445,33741,626,395,452,686,520.0,,
dp_w30,mcp4-n110-r16-07,618.8169332665543,3346.0001,3346.0001,0.0,6.997019164,611.8199141025543,597.4821747019998,596.4815750439998,388,380,14437,613,399,439,618,533.0,,
dp_w30,mcp4-n110-r16-08,278.44093797874865,3322.0001500000017,3322.0001500000017,0.0,5.821839077,272.61909890174866,270.98719321100015,270.29452420999996,338,328,1308,627,396,453,567,509.0,,
dp_w30,mcp4-n110-r16-09,399.9511459859469,3576.0001000000007,3576.0001000000007,0.0,7.024218181,392.9269278049469,391.886967282,390.89804079399994,385,378,590,614,384,440,605,508.0,,
dp_w30,mcp4-n110-r16-10,370.3209652423087,3257.0001,3257.0001,0.0,9.392205429,360.9287598133087,360.25966172200026,359.5418418090002,275,267,322,610,394,436,503,344.0,,
dp_w30,mcp4-n120-r08-01,3628.3887965661934,6081.500149999997,17872.819345864875,1.9388833190877885,37.117381571,3591.2714149951935,3585.467849845,3583.8428127530046,614,611,3070,692,537,502,898,761.0,,
dp_w30,mcp4-n120-r08-02,3867.8427345475293,8684.000150000007,17677.444757227448,1.0356338613406673,39.327708455,3828.5150260925293,3820.355753444998,3819.0330776249984,550,542,4156,683,528,493,821,662.0,,
dp_w30,mcp4-n120-r08-03,3645.7957257192475,7046.25015,20296.915841978785,1.8805272889692664,36.060405628,3609.7353200912476,3606.1611395619993,3604.9145783100003,429,423,1235,705,540,515,715,621.0,,
dp_w30,mcp4-n120-r08-04,3618.1374027065185,6843.500250000006,19087.982820472775,1.7892134321866586,39.98599165,3578.1514110565186,3575.278325827002,3574.0421749620014,485,479,1585,677,514,487,740,521.0,,
dp_w30,mcp4-n120-r08-05,3849.2461692368415,7897.500150000005,18670.863572207938,1.3641485555663997,36.113397268,3813.1327719688416,3808.8234208029985,3807.663433582998,417,411,1898,693,536,503,701,497.0,,
dp_w30,mcp4-n120-r08-06,3877.971609475961,8605.000200000006,17179.285989435837,0.9964306322079836,42.216035488,3835.755573987961,3833.1325506659973,3831.9393540780015,459,455,1149,695,528,505,733,569.0,,
dp_w30,mcp4-n120-r08-07,3682.446135336153,6971.0001666666685,18754.317701283067,1.6903338477828271,46.661105448,3635.785029888153,3629.0370651969993,3627.8299193850044,500,495,3435,692,531,502,778,579.0,,
dp_w30,mcp4-n120-r08-08,4764.46674866333,7554.333466666671,27831.609658241337,2.6841913030511164,45.175120541,4719.29162812233,4718.105847037003,4717.003354267001,409,404,456,699,530,509,686,557.0,,
dp_w30,mcp4-n120-r08-09,3636.761654370341,4736.500249999997,17517.73641517814,2.698455714254032,52.549344533,3584.2123098373413,3577.6857877720017,3576.0583457080015,660,653,3508,695,527,505,929,719.0,,
dp_w30,mcp4-n120-r08-10,2941.236570484661,9149.000100000001,9149.000100000001,0.0,29.943259604,2911.293310880661,2906.0713200590008,2905.0936836640008,373,366,1841,692,527,502,644,482.0,,
dp_w30,mcp4-n120-r10-01,4081.988199715464,6709.50015,7133.344653022078,0.0631708016314864,22.809368615,4059.178831100464,4045.1160941979997,4043.283517011999,681,672,9231,697,497,507,955,796.0,,
dp_w30,mcp4-n120-r10-02,4471.94815235179,5312.000200000002,11749.800100000002,1.2119351765084643,25.636073399,4446.312078952789,4434.562873943999,4432.887529017998,861,853,7283,697,498,507,1131,1164.0,,
dp_w30,mcp4-n120-r10-03,3600.5017320124084,7147.000149999996,10985.137024731594,0.5370276751332654,27.547860047,3572.9538719654083,3490.5675395540034,3489.173063081999,557,548,60121,674,475,484,802,695.0,,
dp_w30,mcp4-n120-r10-04,3719.219936322256,6578.333500000003,11112.440113584411,0.689248517665516,23.191511344,3696.028424978256,3661.682558602001,3659.8145140059996,816,807,27529,687,493,497,1082,997.0,,
dp_w30,mcp4-n120-r10-05,314.08983423045936,6967.000100000003,6967.000100000003,0.0,25.381447094,288.70838713645935,288.0342946630001,287.86498732099994,82,79,553,679,486,489,342,139.0,,
dp_w30,mcp4-n120-r10-06,3485.09102705435,7058.000100000001,7058.000100000001,0.0,26.126627955,3458.96439909935,3453.1155395709993,3451.5703280230014,670,659,2864,694,494,504,940,756.0,,
dp_w30,mcp4-n120-r10-07,1952.8788720780044,7019.000100000001,7019.000100000001,0.0,27.830303114,1925.0485689640045,1923.979347546,1922.9302618560005,335,327,537,696,504,506,613,389.0,,
dp_w30,mcp4-n120-r10-08,2117.2857333992,7300.000100000003,7300.000100000003,0.0,24.508302388,2092.7774310112,2089.5688308000013,2088.759023316,401,398,2824,676,481,486,659,684.0,,
dp_w30,mcp4-n120-r10-09,3666.5057973478065,5777.500150000002,11859.785886802032,1.0527538864368577,25.247697315,3641.2581000328064,3607.468369418001,3605.707401600002,706,702,26168,676,491,486,974,813.0,,
dp_w30,mcp4-n120-r10-10,3604.0015426969208,6135.500149999998,11394.235225075166,0.8570996571608217,24.916165719,3579.0853769779205,3544.742143061002,3543.2331285749992,620,617,28000,691,492,501,894,775.0,,
dp_w30,mcp4-n120-r12-01,1375.2898658841461,5697.000100000003,5697.000100000003,0.0,16.566620025,1358.7232458591461,1357.3745622249992,1356.115204575,557,549,701,681,466,491,813,704.0,,
dp_w30,mcp4-n120-r12-02,2054.999669702605,5520.0001999999995,5520.0002,0.0,18.45192972,2036.547739982605,2032.0866509820016,2030.7788696110008,565,558,2908,686,450,496,813,700.0,,
dp_w30,mcp4-n120-r12-03,702.2689128002677,5226.00015,5226.00015,0.0,18.971931704,683.2969810962677,682.7023699150006,682.0544846330004,218,214,315,695,453,505,468,329.0,,
dp_w30,mcp4-n120-r12-04,2559.8674118348235,5197.000149999997,5197.000149999997,0.0,19.34905575,2540.5183560848236,2536.8519692599994,2535.225214453001,690,680,2007,696,461,506,943,830.0,,
dp_w30,mcp4-n120-r12-05,3596.708838636412,5477.000100000003,5477.000100000003,0.0,19.828135664,3576.880702972412,3567.470808826001,3565.7441230979994,731,721,8894,676,449,486,973,823.0,,
dp_w30,mcp4-n120-r12-06,2776.5095358235053,5150.3001499999955,5150.3001499999955,0.0,19.545501743,2756.9640340805054,2708.5760479149985,2706.9474271229988,833,820,34260,675,473,485,1094,944.0,,
dp_w30,mcp4-n120-r12-07,1959.73719407646,5552.000099999996,5552.000099999996,0.0,20.021867052,1939.7153270244598,1937.6015756610002,1936.6020872429995,529,517,1208,670,464,480,787,656.0,,
dp_w30,mcp4-n120-r12-08,3269.859557047919,5772.666800000006,5772.666800000006,0.0,19.592529193,3250.2670278549194,3223.2664643579997,3221.5170158319966,972,957,19169,680,459,490,1220,1245.0,,
dp_w30,mcp4-n120-r12-09,2224.663130093934,5736.000100000001,5736.000100000001,0.0,19.273843099,2205.389286994934,2201.2705269949997,2200.0768489529987,638,625,3126,673,453,483,885,761.0,,
dp_w30,mcp4-n120-r12-10,1209.7537695571082,5593.000100000002,5593.000100000002,0.0,19.455083768,1190.2986857891083,1188.9073597350007,1187.8408224330003,452,447,878,690,464,500,710,513.0,,
dp_w30,mcp4-n120-r14-01,1234.6761770007984,4963.0001,4963.4673212483185,9.414089036957912e-5,15.544522023,1219.1316549777985,1203.655084341001,1202.0479429580002,604,596,15651,686,443,496,854,864.0,,
dp_w30,mcp4-n120-r14-02,929.8969865370287,4841.000150000001,4841.270933333335,5.593541106052088e-5,12.104502492,917.7924840450287,862.1246640730002,860.4985465700004,719,711,43774,672,436,482,968,904.0,,
dp_w30,mcp4-n120-r14-03,1580.234020997684,4269.333466666672,4269.57984683544,5.770928195018922e-5,15.325472881,1564.908548116684,1509.27857094,1507.6516322629989,634,621,48260,674,427,484,862,872.0,,
dp_w30,mcp4-n120-r14-04,1111.8789908478052,4003.0001500000035,4003.068915120271,1.7178395625958555e-5,20.146053035,1091.7329378128052,1079.6587038010011,1078.6212435939997,407,398,13227,693,440,503,656,479.0,,
dp_w30,mcp4-n120-r14-05,673.6111675645466,4559.0001,4559.0001,0.0,14.804853573,658.8063139915466,656.2209428660002,655.3978003400001,282,272,1563,670,436,480,532,343.0,,
dp_w30,mcp4-n120-r14-06,1233.4054220725343,4695.00012,4695.0001999999995,1.7039403142341012e-8,16.0866221,1217.3187999725342,1213.886156398,1212.7876154659994,505,497,2593,681,435,491,749,637.0,,
dp_w30,mcp4-n120-r14-07,1976.9697786617705,4324.333466666662,4324.556905983904,5.167023287253727e-5,15.7415098,1961.2282688617706,1873.721750970998,1871.803754611,773,764,69013,656,436,466,1013,865.0,,
dp_w30,mcp4-n120-r14-08,1912.6114683136238,4333.000200000002,4333.09306087634,2.143108055658728e-5,13.993808268,1898.6176600456238,1894.9616253699985,1893.5490762679992,596,584,1882,676,437,486,836,761.0,,
dp_w30,mcp4-n120-r14-09,1040.5090646505687,4077.0001,4077.0001,0.0,15.654345727,1024.8547189235687,1015.0437511509991,1013.8749433439991,505,500,9939,668,442,478,759,537.0,,
dp_w30,mcp4-n120-r14-10,864.5104771741057,4344.000099999999,4344.000099999999,0.0,13.785335172,850.7251420021057,849.8174778980001,848.8281217489993,381,373,381,680,443,490,629,427.0,,
dp_w30,mcp4-n120-r16-01,746.1711929716689,3533.0001,3533.0001,0.0,9.718233911,736.452959060669,734.5310081539999,733.2535951160002,480,472,779,680,423,490,719,679.0,,
dp_w30,mcp4-n120-r16-02,756.1424374137328,4065.00015,4065.0001500000003,0.0,10.350447372,745.7919900417328,743.3186736350002,742.012541246,516,509,1768,674,421,484,757,752.0,,
dp_w30,mcp4-n120-r16-03,653.3841235577576,4025.4001400000025,4025.4001400000025,0.0,7.6539967,645.7301268577576,587.362095791,586.2310602170002,438,431,48375,688,417,498,674,541.0,,
dp_w30,mcp4-n120-r16-04,708.9288123355424,3979.0000999999997,3979.0000999999997,0.0,12.025019239,696.9037930965424,695.649029202,694.5175184529992,452,445,508,690,431,500,706,584.0,,
dp_w30,mcp4-n120-r16-05,718.9188362543618,3748.000100000001,3748.0001000000016,0.0,10.325207371,708.5936288833618,707.6059118720007,706.7708571520005,383,372,473,663,412,473,615,423.0,,
dp_w30,mcp4-n120-r16-06,1661.8028027065266,3716.000149999998,3716.034632758615,9.279536389908963e-6,13.96439972,1647.8384029865265,1608.9123727409988,1606.412859237002,955,940,27087,662,411,472,1176,1015.0,,
dp_w30,mcp4-n120-r16-07,757.2655600569892,3743.5001999999995,3743.5001999999995,0.0,11.207300093,746.0582599639893,739.6091486800002,738.4648148340003,490,482,3792,671,428,481,742,560.0,,
dp_w30,mcp4-n120-r16-08,1036.3883407970734,3480.3334666666656,3480.4690922480613,3.8969134048422196e-5,14.58195075,1021.8063900470734,1008.3817971580006,1006.5952716359991,649,640,12581,670,420,480,888,769.0,,
dp_w30,mcp4-n120-r16-09,624.3525028702147,3623.000100000001,3623.000100000001,0.0,10.470608997,613.8818938732147,612.1473596110001,611.126942167,445,431,875,688,435,498,694,538.0,,
dp_w30,mcp4-n120-r16-10,795.9026365325628,3788.000133333332,3788.000133333332,0.0,13.74643064,782.1562058925629,778.2777977190008,777.1093561110006,590,583,2192,667,419,477,828,745.0,,
dp_w50,mcp4-n070-r08-01,63.35992610659656,4283.00013333333,4283.00013333333,0.0,3.711196067,59.64873003959656,58.989104842000025,58.426257536000016,135,124,461,794,545,682,525,419.0,,
dp_w50,mcp4-n070-r08-02,95.46937624323157,4517.50015,4517.50015,0.0,3.582431234,91.88694500923157,88.69755259299998,87.90837226300005,154,147,2139,810,570,698,578,503.0,,
dp_w50,mcp4-n070-r08-03,36.802792085506226,3691.000199999996,3691.000199999996,0.0,3.963331951,32.839460134506226,32.07733063700001,31.50577509,105,101,767,802,563,690,518,328.0,,
dp_w50,mcp4-n070-r08-04,51.76468727493872,4690.000100000001,4690.000100000001,0.0,2.963768219,48.80091905593872,48.35592171400001,47.87023376300002,96,89,164,776,554,664,497,270.0,,
dp_w50,mcp4-n070-r08-05,79.84158471209021,3845.0001,3845.0001,0.0,4.221549779,75.62003493309021,71.98960344999999,71.261126761,160,154,4157,787,555,675,567,395.0,,
dp_w50,mcp4-n070-r08-06,123.11417925026794,4825.000150000002,4825.000150000002,0.0,3.90747821,119.20670104026794,110.87792432799998,109.642903118,220,211,9810,803,551,691,627,631.0,,
dp_w50,mcp4-n070-r08-07,34.79400879490808,3732.0001,3732.0001,0.0,4.350442711,30.44356608390808,29.813398864999996,29.475193379000004,71,66,362,792,557,680,474,302.0,,
dp_w50,mcp4-n070-r08-08,58.63001608930298,4167.000100000003,4167.000100000003,0.0,4.31795621,54.31205987930298,51.948998917,51.31270492700001,131,126,1681,781,553,669,539,375.0,,
dp_w50,mcp4-n070-r08-09,104.91367271224634,4190.000099999999,4190.000099999999,0.0,3.732811716,101.18086099624634,100.53249993000006,99.38562332799997,179,170,408,807,579,695,606,557.0,,
dp_w50,mcp4-n070-r08-10,26.205241009762084,4291.000100000003,4291.000100000003,0.0,3.533967063,22.671273946762085,22.267781920000004,21.952061404,61,59,145,799,564,687,476,258.0,,
dp_w50,mcp4-n070-r10-01,34.40176633121362,3716.000199999999,3716.000199999999,0.0,2.037440331,32.36432600021362,30.607373702,30.072736997999993,124,120,1322,786,522,674,518,362.0,,
dp_w50,mcp4-n070-r10-02,67.84608471806128,3023.0001500000003,3023.0001500000003,0.0,2.725128774,65.12095594406128,61.38849348800002,60.76040645100002,180,172,3523,785,524,673,565,484.0,,
dp_w50,mcp4-n070-r10-03,63.65344016020141,3403.0001,3403.0001,0.0,2.84933011,60.804110050201416,59.16646959400002,58.360284116999985,211,202,806,800,517,688,594,568.0,,
dp_w50,mcp4-n070-r10-04,54.35687064756592,3412.2501500000008,3412.2501500000017,0.0,2.01861858,52.33825206756592,50.896855534000004,50.09149203800002,184,176,1253,788,521,676,575,482.0,,
dp_w50,mcp4-n070-r10-05,41.71514553278028,3104.000100000002,3104.000100000002,0.0,2.093954508,39.62119102478027,38.97888312599999,38.405323035,153,144,360,783,538,671,558,545.0,,
dp_w50,mcp4-n070-r10-06,7.870637697339966,3933.0002,3933.0002,0.0,0.739912552,7.130725145339966,6.981932213999999,6.912849076,24,20,36,785,535,673,423,145.0,,
dp_w50,mcp4-n070-r10-07,43.40183654256189,3412.0000999999997,3412.0000999999997,0.0,1.634510426,41.76732611656189,41.41027054300001,40.834497295999974,142,137,122,778,507,666,515,632.0,,
dp_w50,mcp4-n070-r10-08,21.70168620343994,3314.000149999999,3314.000149999999,0.0,1.808222115,19.89346408843994,19.417661192,19.118581534999993,81,78,385,797,517,685,471,191.0,,
dp_w50,mcp4-n070-r10-09,81.29432009616418,3319.6668,3319.6668,0.0,3.185392131,78.10892796516418,72.020896285,71.06856910499998,206,194,6024,782,532,670,604,396.0,,
dp_w50,mcp4-n070-r10-10,57.83157256400598,4003.500150000001,4003.500150000001,0.0,1.441871436,56.38970112800598,54.49233548600001,53.64116840799999,188,182,1259,789,535,677,592,355.0,,
dp_w50,mcp4-n070-r12-01,48.40980398155066,2717.000179999998,2717.000179999998,0.0,1.780610914,46.62919306755066,45.984505582999994,45.25185929500001,179,172,485,792,502,680,559,516.0,,
dp_w50,mcp4-n070-r12-02,15.285092536201294,2701.3334666666674,2701.3334666666674,0.0,1.701467458,13.583625078201294,13.306729984,13.106897116000003,69,65,94,792,500,680,451,293.0,,
dp_w50,mcp4-n070-r12-03,13.004756503192382,2729.0001,2729.0001,0.0,1.424737506,11.580018997192383,11.342505037,11.187906537,51,47,51,764,491,652,422,230.0,,
dp_w50,mcp4-n070-r12-04,43.553771615095826,2555.0001000000016,2555.0001000000016,0.0,2.254318595,41.299453020095825,40.52469906900002,40.01399884100001,169,164,638,758,490,646,539,437.0,,
dp_w50,mcp4-n070-r12-05,48.17768957259961,2196.0001400000006,2196.0001400000006,0.0,2.850819608,45.32686996459961,44.73473911700002,44.156360813,164,156,656,767,484,655,531,443.0,,
dp_w50,mcp4-n070-r12-06,21.0020343282146,2249.0000999999993,2249.0000999999993,0.0,1.760547302,19.2414870262146,18.981287881000004,18.71815284200001,83,78,106,779,512,667,473,257.0,,
dp_w50,mcp4-n070-r12-07,37.530557549019655,2338.500199999999,2338.500199999999,0.0,2.339117682,35.19143986701965,34.441456252,33.93942435599998,147,142,598,789,510,677,542,534.0,,
dp_w50,mcp4-n070-r12-08,43.9487449917583,2860.333466666666,2860.333466666666,0.0,1.735552052,42.2131929397583,41.443207605000005,40.90858946000002,153,144,611,771,478,659,511,373.0,,
dp_w50,mcp4-n070-r12-09,27.499043303018432,2674.000100000001,2674.000100000001,0.0,1.578859406,25.920183897018433,25.543818315000006,25.210358113999998,103,99,168,777,492,665,483,222.0,,
dp_w50,mcp4-n070-r12-10,33.66026776106238,2880.000200000002,2880.000200000002,0.0,1.504165819,32.15610194206238,29.636061638,29.263536734999995,123,119,3060,791,487,679,495,369.0,,
dp_w50,mcp4-n070-r14-01,25.67832297965796,2391.6668000000022,2391.6668000000022,0.0,1.924480149,23.75384283065796,22.367690675000002,21.776380726,130,121,1003,811,481,699,498,380.0,,
dp_w50,mcp4-n070-r14-02,22.25495503252124,1915.5001499999998,1915.5001499999998,0.0,1.715765217,20.53918981552124,20.231192113999995,19.61637307200001,106,100,131,754,466,642,464,331.0,,
dp_w50,mcp4-n070-r14-03,35.33620234692163,2035.5715714285711,2035.6868103869924,5.661257999413494e-5,1.231304371,34.10489797592163,31.24520997500001,30.529108603,151,144,2905,783,460,671,501,415.0,,
dp_w50,mcp4-n070-r14-04,17.229918472364012,2220.000149999999,2220.000149999999,0.0,0.720294468,16.509624004364014,16.282630867,15.976569947000002,81,76,49,768,460,656,433,231.0,,
dp_w50,mcp4-n070-r14-05,21.281537494108765,1797.500149999999,1797.500149999999,0.0,2.097005567,19.184531927108765,18.791772686,18.413840610999998,99,92,283,747,471,635,453,306.0,,
dp_w50,mcp4-n070-r14-06,6.907075803364746,2060.0001999999995,2060.0001999999995,0.0,2.101885717,4.805190086364746,4.583899825,4.467924622999999,25,22,71,769,467,657,378,159.0,,
dp_w50,mcp4-n070-r14-07,15.287405086474243,2126.000100000001,2126.000100000001,0.0,1.347820116,13.939584970474243,13.718712414999995,13.512018865,67,60,40,761,462,649,412,237.0,,
dp_w50,mcp4-n070-r14-08,32.2725776711936,1959.0001000000004,1959.0001000000004,0.0,1.671302704,30.601274967193604,30.11416428,29.557193944000012,130,123,391,761,472,649,496,303.0,,
dp_w50,mcp4-n070-r14-09,37.165547587196286,1995.0000999999997,1995.0000999999997,0.0,1.455790736,35.70975685119629,35.17924054,34.578591462000006,157,150,391,774,457,662,507,373.0,,
dp_w50,mcp4-n070-r14-10,30.906099679279176,2080.0000999999997,2080.0000999999997,0.0,2.01439059,28.891709089279175,28.511424647999995,28.063658502000003,130,121,232,731,447,619,465,390.0,,
dp_w50,mcp4-n070-r16-01,16.74964931351587,2000.0001000000002,2000.0001000000002,0.0,0.784845141,15.96480417251587,15.708317743,15.368095794,96,90,144,757,468,645,459,288.0,,
dp_w50,mcp4-n070-r16-02,14.804509255563477,1713.0001000000004,1713.0001000000004,0.0,0.635722253,14.168787002563477,13.668145218000003,13.351348577999998,102,98,667,776,454,664,455,349.0,,
dp_w50,mcp4-n070-r16-03,33.49998373180017,1780.0001333333341,1780.0001333333341,0.0,1.119429771,32.38055396080017,30.424420407000014,29.86242846499999,181,171,2066,756,448,644,521,410.0,,
dp_w50,mcp4-n070-r16-04,13.945760697287598,2174.0001499999985,2174.0001499999985,0.0,0.95386979,12.991890907287598,12.423526968,12.067173665999999,103,99,591,761,433,649,437,253.0,,
dp_w50,mcp4-n070-r16-05,20.892965866258912,1872.0001000000004,1872.0735978365385,3.926166272004e-5,1.052934004,19.84003186225891,19.539507820999994,19.092695116999995,131,126,206,751,433,639,464,327.0,,
dp_w50,mcp4-n070-r16-06,25.946922240974608,1821.2501250000014,1821.2501250000014,0.0,1.087093292,24.85982894897461,23.429975255999995,22.975187463000005,119,114,1321,751,443,639,462,281.0,,
dp_w50,mcp4-n070-r16-07,20.620595931001098,1802.5001500000005,1802.5001500000005,0.0,1.772949933,18.8476459980011,18.298188309000004,17.881662598000005,108,102,628,747,443,635,444,314.0,,
dp_w50,mcp4-n070-r16-08,21.086023098478517,1836.0001000000002,1836.0001000000002,0.0,1.130635983,19.955387115478516,19.62301119099999,19.133803892999993,129,123,241,775,452,663,479,325.0,,
dp_w50,mcp4-n070-r16-09,15.54903615332727,1988.0001000000018,1988.0001000000018,0.0,1.254998096,14.29403805732727,14.014220290999994,13.807434292999995,86,79,64,754,451,642,428,246.0,,
dp_w50,mcp4-n070-r16-10,21.9879889388313,1810.0001666666676,1810.0001666666678,0.0,0.866188993,21.1217999458313,19.21911676499999,18.799882361000012,143,138,2709,769,455,657,498,345.0,,
dp_w50,mcp4-n080-r08-01,168.80588555790882,4810.833483333327,4811.066094192858,4.8351467648294484e-5,5.678081517,163.1278040409088,137.57392926100002,135.8208226289999,261,258,26867,917,617,789,719,476.0,,
dp_w50,mcp4-n080-r08-02,186.84423686228345,5122.000300000003,5122.000300000003,0.0,5.391803753,181.45243310928345,180.2811712570001,178.99789140800002,239,232,506,932,611,804,681,578.0,,
dp_w50,mcp4-n080-r08-03,306.72826251984253,6000.0001,6000.0001,0.0,5.43903265,301.28922986984253,283.60504612200003,281.874838035,279,271,18375,933,615,805,731,438.0,,
dp_w50,mcp4-n080-r08-04,191.07903235856068,5927.11126666667,5927.11126666667,0.0,4.727493462,186.35153889656067,185.77840882199996,185.13923848299996,131,125,223,905,604,777,562,289.0,,
dp_w50,mcp4-n080-r08-05,75.68839709912133,5400.000100000002,5400.000100000002,0.0,6.153288056,69.53510904312134,68.940184676,68.35527174200001,97,92,160,915,593,787,522,284.0,,
dp_w50,mcp4-n080-r08-06,387.3504225916594,4848.000200000001,4848.42867142857,8.838106660322077e-5,5.601150722,381.7492718696594,371.48270334100005,369.4514556600006,362,349,7980,913,596,785,791,584.0,,
dp_w50,mcp4-n080-r08-07,147.4061230094679,4926.000149999997,4926.000149999997,0.0,5.435662833,141.9704601764679,141.244925286,140.546927176,146,138,422,930,606,802,579,391.0,,
dp_w50,mcp4-n080-r08-08,112.59981940585888,5168.000099999999,5168.000099999999,0.0,5.988259538,106.61155986785889,104.54971579099998,103.92288644599996,123,119,823,917,604,789,562,369.0,,
dp_w50,mcp4-n080-r08-09,253.24928312102332,5038.50015,5038.50015,0.0,6.630794094,246.61848902702332,239.94169622100014,238.58472259900014,219,212,3241,930,591,802,643,433.0,,
dp_w50,mcp4-n080-r08-10,319.3770140328379,4610.000100000001,4610.000100000001,0.0,6.651759974,312.7252540588379,308.98609913600006,307.31846578999995,309,298,2078,938,602,810,741,601.0,,
dp_w50,mcp4-n080-r10-01,72.68747027237951,3691.0001500000017,3691.0001500000017,0.0,4.133286074,68.55418419837952,68.029620516,67.46480637500001,114,108,234,889,546,761,507,279.0,,
dp_w50,mcp4-n080-r10-02,157.58171876882946,3995.2501499999953,3995.2501499999953,0.0,4.226177778,153.35554099082947,141.6283036249999,140.35690393500005,275,266,9255,922,551,794,674,459.0,,
dp_w50,mcp4-n080-r10-03,139.4583031809735,4124.0001,4124.0001,0.0,4.18049523,135.2778079509735,129.304499551,127.99560339100006,238,228,5277,894,568,766,656,443.0,,
dp_w50,mcp4-n080-r10-04,71.86270446277783,4292.000200000003,4292.000200000003,0.0,3.207853503,68.65485095977783,68.21038587299999,67.62897662099995,120,113,122,918,567,790,538,303.0,,
dp_w50,mcp4-n080-r10-05,190.93031707489624,3823.0001999999995,3823.209976543215,5.487222920244995e-5,4.40309015,186.52722692489624,182.74986867799996,181.134853126,298,290,2491,893,552,765,711,745.0,,
dp_w50,mcp4-n080-r10-06,148.6663759772572,4038.0001000000007,4038.0001000000007,0.0,4.010789973,144.6555860042572,141.1937262,139.9194194219999,262,253,2268,900,568,772,685,715.0,,
dp_w50,mcp4-n080-r10-07,159.5823369998479,3943.000100000001,3943.000100000001,0.0,3.427705862,156.1546311378479,154.26597118000004,153.12629285700004,262,253,967,907,563,779,672,624.0,,
dp_w50,mcp4-n080-r10-08,98.13100469735645,4339.000099999998,4339.000099999998,0.0,3.633245832,94.49775886535645,93.88506195599997,93.07502898800001,163,157,427,913,559,785,572,397.0,,
dp_w50,mcp4-n080-r10-09,142.1554205569403,3860.000100000001,3860.000100000001,0.0,4.683509365,137.4719111919403,136.35684762199998,135.20060546499997,265,255,670,899,562,771,676,651.0,,
dp_w50,mcp4-n080-r10-10,72.90330944300135,4385.5001500000035,4385.5001500000035,0.0,3.726021626,69.17728781700134,68.45824719400002,67.85667606499999,133,131,480,900,553,772,540,312.0,,
dp_w50,mcp4-n080-r12-01,131.1366494125486,3733.000100000001,3733.000100000001,0.0,1.747888369,129.38876104354858,125.11955700900003,123.96015023300004,196,186,3465,915,548,787,614,617.0,,
dp_w50,mcp4-n080-r12-02,115.45099282517981,3525.500149999997,3525.500149999997,0.0,2.705925944,112.74506688117981,108.53370625599999,107.44598408999998,260,252,3638,890,540,762,662,521.0,,
dp_w50,mcp4-n080-r12-03,85.00565665645667,3056.0001000000007,3056.0001000000007,0.0,3.300282654,81.70537400245667,80.770759652,79.78996000500003,234,226,735,847,516,719,612,454.0,,
dp_w50,mcp4-n080-r12-04,80.92933089394653,3247.000199999999,3247.000199999999,0.0,2.44706113,78.48226976394653,75.28309443300002,74.28346382799997,211,202,2523,902,534,774,610,519.0,,
dp_w50,mcp4-n080-r12-05,79.15046164898999,3280.000100000002,3280.000100000002,0.0,3.187260603,75.96320104598999,75.37395230300002,74.34237671,206,203,231,884,540,756,619,655.0,,
dp_w50,mcp4-n080-r12-06,122.54161606998376,3081.333466666668,3081.604956512144,8.810790796028931e-5,2.625882971,119.91573309898376,111.18935916999995,110.01090626600002,285,274,7705,911,534,783,684,676.0,,
dp_w50,mcp4-n080-r12-07,33.75471058262964,2996.0002000000013,2996.0002000000013,0.0,3.252990631,30.50171995162964,30.018672159999998,29.610595518,90,87,308,902,533,774,486,559.0,,
dp_w50,mcp4-n080-r12-08,111.75032599261755,2750.0001,2750.0001,0.0,4.074665144,107.67566084861755,103.621335213,102.27647889800005,281,268,3863,880,535,752,685,586.0,,
dp_w50,mcp4-n080-r12-09,38.94028934624328,3034.000100000002,3034.000100000002,0.0,2.3301464,36.610142946243286,36.258864626000005,35.834294015999994,103,99,77,889,535,761,505,242.0,,
dp_w50,mcp4-n080-r12-10,93.28271367462622,3249.0001,3249.0001,0.0,3.015119814,90.26759386062622,89.26431954100005,88.27391506799994,209,199,640,875,517,747,585,394.0,,
dp_w50,mcp4-n080-r14-01,40.046579990137815,2692.000100000001,2692.000100000001,0.0,2.423734102,37.62284588813782,36.510390226000005,35.922110337999996,114,107,706,859,510,731,498,299.0,,
dp_w50,mcp4-n080-r14-02,50.04812413721912,2471.0001999999986,2471.0001999999986,0.0,2.459240022,47.588884115219116,47.100781208,46.341835603000014,149,144,232,895,506,767,536,325.0,,
dp_w50,mcp4-n080-r14-03,64.48466755193836,2417.500150000001,2417.500150000001,0.0,2.095203412,62.389464139938354,59.056050262999996,58.09642613199997,188,181,3426,873,490,745,554,425.0,,
dp_w50,mcp4-n080-r14-04,73.17618367909351,2289.000100000001,2289.000100000001,0.0,2.261257627,70.9149260520935,69.20861357599998,68.24021505900001,215,204,980,889,519,761,604,440.0,,
dp_w50,mcp4-n080-r14-05,28.817689409519897,2817.000100000002,2817.000100000002,0.0,1.783912411,27.033776998519897,26.76063393399999,26.275785249,93,88,35,904,513,776,479,208.0,,
dp_w50,mcp4-n080-r14-06,80.26627976509656,2750.5001499999994,2750.5001499999994,0.0,1.981807538,78.28447222709656,76.79289140300001,75.59720276200008,247,234,1244,905,489,777,615,397.0,,
dp_w50,mcp4-n080-r14-07,14.159045298944946,2926.0001,2926.0001,0.0,1.843861421,12.315183877944946,12.094202742,11.896526018000001,49,46,52,916,495,788,415,216.0,,
dp_w50,mcp4-n080-r14-08,46.24326930422803,2455.50015,2455.5001499999994,0.0,2.094138483,44.14913082122803,43.761808522,43.11792457699998,142,135,236,910,495,782,513,320.0,,
dp_w50,mcp4-n080-r14-09,55.851710734972656,2462.5001500000008,2462.5001500000008,0.0,2.431750713,53.419960021972656,52.492722786999984,51.515676393000014,221,210,667,879,523,751,621,536.0,,
dp_w50,mcp4-n080-r14-10,43.76994656011743,2858.0001333333325,2858.0001333333325,0.0,1.239575371,42.53037118911743,42.14203258700001,41.56369716800001,139,129,254,847,489,719,496,285.0,,
dp_w50,mcp4-n080-r16-01,15.672698958479737,2328.0001,2328.0001,0.0,1.416758998,14.255939960479736,14.034342290999998,13.778801635000002,60,56,63,859,483,731,424,235.0,,
dp_w50,mcp4-n080-r16-02,39.9606389544082,2142.500149999999,2142.500149999999,0.0,1.727251961,38.2333869934082,37.709494913,37.14109527500001,135,125,439,859,487,731,499,278.0,,
dp_w50,mcp4-n080-r16-03,41.46722640922034,1936.5001499999994,1936.5001499999994,0.0,1.421539449,40.04568696022034,39.571902293000015,38.711596838000006,170,160,278,873,493,745,547,385.0,,
dp_w50,mcp4-n080-r16-04,68.22392392257788,2156.7501500000008,2156.7501500000008,0.0,1.032050849,67.19187307357788,63.04072984200001,61.53871030799997,304,293,4138,917,485,789,674,683.0,,
dp_w50,mcp4-n080-r16-05,29.63963851466919,2229.0001,2229.0001,0.0,2.04258451,27.59705400466919,27.165529452,26.660752913999985,103,98,403,887,483,759,469,284.0,,
dp_w50,mcp4-n080-r16-06,14.144202347490113,2299.0001,2299.0001,0.0,1.561102267,12.583100080490112,12.357161926999998,12.117620734999997,59,57,63,866,496,738,439,263.0,,
dp_w50,mcp4-n080-r16-07,56.59630515367981,2319.6668333333346,2319.6668333333346,0.0,1.840496085,54.75580906867981,50.143466822,49.277575216,186,178,4312,846,480,718,552,548.0,,
dp_w50,mcp4-n080-r16-08,43.19429930912732,1812.0001,1812.0001,0.0,1.757770388,41.43652892112732,41.045274071,40.331690897,183,171,141,875,482,747,544,468.0,,
dp_w50,mcp4-n080-r16-09,25.8523454404563,1992.0001000000002,1992.0001000000002,0.0,1.964676354,23.8876690864563,23.619029172999998,23.212857381999985,109,104,129,866,480,738,473,266.0,,
dp_w50,mcp4-n080-r16-10,32.217481875143314,1627.0001000000009,1627.0001000000009,0.0,1.838827872,30.37865400314331,29.67958178200001,28.889445563999995,153,147,579,895,499,767,537,413.0,,
dp_w50,mcp4-n090-r08-01,769.2517807931451,6051.333466666666,6051.333466666666,0.0,8.856867835,760.3949129581451,751.1468015819995,749.2337916380002,443,436,6178,881,633,737,885,774.0,,
dp_w50,mcp4-n090-r08-02,677.3061221029418,6350.000100000001,6350.000100000001,0.0,7.532141247,669.7739808559418,666.765759212,664.9210872,423,414,2165,854,618,710,846,720.0,,
dp_w50,mcp4-n090-r08-03,585.1595600845361,6544.400120000013,6545.000150000001,9.168601995377099e-5,8.43018806,576.7293720245361,559.3637935130002,557.1219842239998,499,488,16254,871,628,727,934,950.0,,
dp_w50,mcp4-n090-r08-04,617.1488051953119,5604.000200000008,5604.000200000008,0.0,9.45618611,607.6926190853119,601.0469590859999,599.6103295949997,306,297,4688,867,627,723,740,470.0,,
dp_w50,mcp4-n090-r08-05,572.7061677905074,5733.500150000004,5733.500150000004,0.0,9.679217908,563.0269498825073,559.6831765089998,558.3047265800001,304,297,1802,867,617,723,731,438.0,,
dp_w50,mcp4-n090-r08-06,670.5046288495241,6854.8334833333265,6855.047201449284,3.1177725392957625e-5,9.720674706,660.7839541435242,648.0736726910002,646.5130540020001,314,306,10132,882,613,738,732,568.0,,
dp_w50,mcp4-n090-r08-07,1259.0228966411696,6628.50015,6628.50015,0.0,8.304426783,1250.7184698581696,1247.65984318,1245.5183519879995,480,465,1476,861,619,717,898,811.0,,
dp_w50,mcp4-n090-r08-08,589.2315207059218,5870.00015,5870.500150000002,8.517887346251925e-5,9.937387758,579.2941329479218,559.2408355420002,557.468112736,427,421,19218,866,604,722,845,821.0,,
dp_w50,mcp4-n090-r08-09,842.698067314151,5690.500149999998,5690.801299378552,5.2921425290592094e-5,8.651516325,834.046550989151,804.1695189430001,802.3654421839998,372,360,27242,854,615,710,794,535.0,,
dp_w50,mcp4-n090-r08-10,472.0249938644031,6615.000100000002,6615.000100000002,0.0,9.75705382,462.2679400444031,456.3280936889997,455.5139894480003,187,181,1560,877,622,733,614,415.0,,
dp_w50,mcp4-n090-r10-01,267.61954713948865,5127.500150000001,5127.500150000001,0.0,7.141251098,260.47829604148865,259.21333858899993,258.02391396699994,270,263,781,858,579,714,681,498.0,,
dp_w50,mcp4-n090-r10-02,342.7776428436924,4945.000199999999,4945.000199999999,0.0,6.268912909,336.5087299346924,334.6371506989998,332.89373233099997,382,376,1200,836,580,692,794,551.0,,
dp_w50,mcp4-n090-r10-03,273.66799428279074,4279.000099999999,4279.000099999999,0.0,7.610486291,266.05750799179077,264.72977992299985,263.477160979,247,238,689,855,577,711,654,490.0,,
dp_w50,mcp4-n090-r10-04,323.90821702655677,4416.000100000005,4416.000100000005,0.0,6.750869109,317.15734791755676,316.1129688699999,315.0257548929998,270,259,643,858,569,714,668,509.0,,
dp_w50,mcp4-n090-r10-05,597.3839058853374,4297.000100000001,4297.3516624999975,8.181579981726366e-5,7.893130777,589.4907751083374,565.1438899109999,563.1361354370002,446,435,21849,838,557,694,837,683.0,,
dp_w50,mcp4-n090-r10-06,569.4978543084126,4412.000200000007,4412.000200000007,0.0,7.373883323,562.1239709854126,556.093528143,554.1163894419999,443,430,5805,855,573,711,848,634.0,,
dp_w50,mcp4-n090-r10-07,189.66408290171375,4309.0001,4309.0001,0.0,6.619310992,183.04477190971375,179.90607563599997,179.00119315200007,192,185,2192,866,578,722,602,428.0,,
dp_w50,mcp4-n090-r10-08,282.57033597285715,4828.000133333335,4828.000133333335,0.0,5.235018838,277.3353171348572,270.2849412670001,269.18113827900004,273,265,7686,872,584,728,687,443.0,,
dp_w50,mcp4-n090-r10-09,252.80368573527076,5061.000099999999,5061.000099999999,0.0,6.328564714,246.47512102127075,245.62799927399996,244.61534731299997,251,243,445,860,569,716,653,455.0,,
dp_w50,mcp4-n090-r10-10,516.7297221890027,4562.4001400000025,4562.4001400000025,0.0,6.72866218,510.0010600090027,495.9351961920002,494.11998459700004,394,382,12634,867,585,723,807,852.0,,
dp_w50,mcp4-n090-r12-01,215.39283395941078,3706.4001399999993,3706.4001399999993,0.0,5.314418804,210.07841515541077,202.37368998399998,201.18848477700016,256,252,6728,829,546,685,658,742.0,,
dp_w50,mcp4-n090-r12-02,124.43829879067285,3871.0001500000017,3871.0001500000017,0.0,4.873180001,119.56511878967285,118.46879407600004,117.73546649899998,208,203,700,845,532,701,593,427.0,,
dp_w50,mcp4-n090-r12-03,193.85926295816844,3755.0001,3755.0001,0.0,5.486485973,188.37277698516846,187.58435244400007,186.58602282100006,274,265,541,833,539,689,663,600.0,,
dp_w50,mcp4-n090-r12-04,170.4320157213242,3608.0001500000026,3608.0001500000026,0.0,5.614945714,164.81707000732422,163.55542256699997,162.4045190059999,299,291,758,847,547,703,695,578.0,,
dp_w50,mcp4-n090-r12-05,183.2307843567698,3550.000100000002,3550.000100000002,0.0,5.422863424,177.80792093276978,176.72573483999986,175.59929117500005,261,248,735,877,555,733,662,444.0,,
dp_w50,mcp4-n090-r12-06,157.03234147527894,3339.0002000000004,3339.0002000000004,0.0,5.37847733,151.65386414527893,149.99201151300005,148.69271683099996,253,247,1167,855,551,711,659,506.0,,
dp_w50,mcp4-n090-r12-07,210.4223462732782,3782.5001499999976,3782.5001499999976,0.0,4.50154821,205.9207980632782,195.49673428900002,194.43967475500008,304,300,10284,834,550,690,701,683.0,,
dp_w50,mcp4-n090-r12-08,204.2364033018479,3672.000100000001,3672.0491459498753,1.3356739798073098e-5,6.632553414,197.6038498878479,191.7290929189999,190.50116171800005,293,284,4724,841,541,697,678,531.0,,
dp_w50,mcp4-n090-r12-09,116.80698663902234,4184.000099999999,4184.000099999999,0.0,3.471908638,113.33507800102234,112.95479091999998,112.125333602,180,174,84,865,549,721,577,367.0,,
dp_w50,mcp4-n090-r12-10,191.73209340214464,3350.3334666666638,3350.3334666666638,0.0,5.299198457,186.43289494514465,182.17885811600001,181.04584879,280,273,3212,856,545,712,672,415.0,,
dp_w50,mcp4-n090-r14-01,66.77686436824573,3413.0000999999993,3413.0000999999993,0.0,3.028506357,63.74835801124573,63.29707740000002,62.76593400100001,130,124,305,847,528,703,513,242.0,,
dp_w50,mcp4-n090-r14-02,89.86902304384118,3182.000149999999,3182.000149999999,0.0,3.522705991,86.34631705284119,81.59866572899999,81.00415110899999,169,164,4417,852,505,708,532,331.0,,
dp_w50,mcp4-n090-r14-03,157.48389981130163,3149.0002000000013,3149.0002000000013,0.0,4.101080874,153.38281893730164,152.739711806,151.83116286999999,226,211,441,832,519,688,606,423.0,,
dp_w50,mcp4-n090-r14-04,107.80378481342944,3646.0001000000025,3646.0001000000025,0.0,3.254840817,104.54894399642944,103.84771866500003,103.03384442199996,201,194,391,835,520,691,578,357.0,,
dp_w50,mcp4-n090-r14-05,194.40189480134913,3044.0000999999997,3044.0965651697707,3.1690264980907425e-5,4.094171756,190.30772304534912,187.23550414599995,185.62057788000004,421,406,1908,835,527,691,800,577.0,,
dp_w50,mcp4-n090-r14-06,184.34910870765844,3399.333466666667,3399.333466666667,0.0,3.740669739,180.60843896865845,178.7061909370001,177.652058183,293,285,1642,838,529,694,683,475.0,,
dp_w50,mcp4-n090-r14-07,80.54688519185352,2659.6668333333337,2659.6668333333337,0.0,3.576117217,76.97076797485352,76.31133347300002,75.55784779599998,179,174,557,852,523,708,562,331.0,,
dp_w50,mcp4-n090-r14-08,152.0440260348872,2623.500133333331,2623.500133333331,0.0,4.506515163,147.5375108718872,146.67125365899992,145.51190091700002,275,266,554,831,518,687,650,505.0,,
dp_w50,mcp4-n090-r14-09,151.60383367710267,2984.0001999999995,2984.0001999999995,0.0,4.293159725,147.31067395210266,146.23824360499992,145.311859296,280,271,838,839,523,695,656,451.0,,
dp_w50,mcp4-n090-r14-10,84.88922915748327,2664.000100000002,2664.000100000002,0.0,3.774381259,81.11484789848328,79.61867737100002,78.90631691199994,199,195,692,824,514,680,574,368.0,,
dp_w50,mcp4-n090-r16-01,97.10570007763636,2082.333466666666,2082.333466666666,0.0,3.561291041,93.54440903663635,92.53677992,91.46226269299993,261,251,813,835,514,691,633,574.0,,
dp_w50,mcp4-n090-r16-02,66.62169809101367,2594.0001500000017,2594.0001500000017,0.0,3.237928102,63.38376998901367,62.63228820699998,61.803527534,203,198,645,835,511,691,582,444.0,,
dp_w50,mcp4-n090-r16-03,55.888102825835446,2573.333466666665,2573.333466666665,0.0,3.113563832,52.77453899383545,52.230590215000014,51.855830458000014,124,120,471,813,509,669,495,334.0,,
dp_w50,mcp4-n090-r16-04,108.33669075839954,2174.000140000003,2174.000140000003,0.0,3.492111777,104.84457898139954,102.79743010200009,101.90978616399998,243,233,2368,823,505,679,611,430.0,,
dp_w50,mcp4-n090-r16-05,40.107804337566286,2710.0001499999985,2710.0001499999985,0.0,2.465519229,37.642285108566284,37.34479121900001,37.033818776,108,104,72,819,497,675,473,244.0,,
dp_w50,mcp4-n090-r16-06,74.3756971506543,2677.0001,2677.0001,0.0,3.464919105,70.9107780456543,70.24218521399999,69.52815529799999,197,188,543,805,487,661,548,334.0,,
dp_w50,mcp4-n090-r16-07,90.24396128010547,2343.0001500000035,2343.000150000003,0.0,2.541820472,87.70214080810547,87.20871580200004,86.42953994900004,213,204,263,813,507,669,579,342.0,,
dp_w50,mcp4-n090-r16-08,39.281196914425415,2537.0001,2537.0001,0.0,2.227006994,37.054189920425415,36.73781650300001,36.385355473,103,100,108,831,498,687,470,236.0,,
dp_w50,mcp4-n090-r16-09,78.48417742097058,2431.0002000000027,2431.2402269753097,9.873589286707826e-5,3.851524423,74.63265299797058,73.197138686,72.495531003,185,179,960,831,503,687,566,365.0,,
dp_w50,mcp4-n090-r16-10,122.28011534102234,2754.0001,2754.1451040983593,5.265217614156776e-5,2.396209215,119.88390612602234,116.15818518900002,115.421292327,252,246,3355,838,495,694,610,409.0,,
dp_w50,mcp4-n100-r08-01,1689.1687442327268,6727.000199999994,6727.000199999994,0.0,12.936377194,1676.2323670387268,1661.104130135999,1656.7958092050005,592,582,8200,981,672,821,1051,901.0,,
dp_w50,mcp4-n100-r08-02,2054.9101749047154,7489.764852941167,7489.764852941167,0.0,11.050315915,2043.8598589897156,2034.5013326259998,2031.6295870799995,515,509,4717,990,668,830,971,780.0,,
dp_w50,mcp4-n100-r08-03,831.2165950998731,7652.500149999998,7652.500149999998,0.0,14.02487223,817.191722869873,815.5814860609999,814.0601150680001,228,222,698,985,664,825,680,381.0,,
dp_w50,mcp4-n100-r08-04,1415.869828207319,6973.666800000001,6973.666800000001,0.0,11.804878218,1404.0649499893188,1382.9549735219996,1379.4757523009996,519,508,17083,957,672,797,986,889.0,,
dp_w50,mcp4-n100-r08-05,1075.0418844660956,7837.000100000014,7837.000100000015,0.0,12.857229515,1062.1846549510956,1057.8843954480005,1054.9308907200004,417,409,1788,982,660,822,869,716.0,,
dp_w50,mcp4-n100-r08-06,3151.948554342121,6773.4001399999925,6773.688272342939,4.2538804291943564e-5,14.60810334,3137.340451002121,3078.0170955439976,3074.4875658710002,600,585,44678,978,655,818,1039,1041.0,,
dp_w50,mcp4-n100-r08-07,2203.3703153856595,7155.000150000003,7155.10940189547,1.5269307222505545e-5,17.699168516,2185.6711468696594,2019.1291134529977,2014.9018194820003,689,683,98139,981,674,821,1154,1001.0,,
dp_w50,mcp4-n100-r08-08,907.2583502189008,7455.0001666666685,7455.4638789563105,6.220151298123014e-5,15.399351205,891.8589990139008,886.4546764830002,884.8205516570006,275,270,2937,983,665,823,731,444.0,,
dp_w50,mcp4-n100-r08-09,1330.5954932207505,8006.000100000001,8006.000100000001,0.0,13.954494142,1316.6409990787506,1315.3612374520005,1313.5518736990005,289,280,425,961,650,801,733,557.0,,
dp_w50,mcp4-n100-r08-10,1365.9552741542607,7545.000100000001,7545.0938585994045,1.2426586900028337e-5,12.003280212,1353.9519939422607,1344.6782126159997,1342.4388721440005,384,379,6040,977,684,817,866,710.0,,
dp_w50,mcp4-n100-r10-01,838.9880042046744,5748.0001,5748.1173566371635,2.0399553779293874e-5,9.468690154,829.5193140506744,827.0103646470006,824.6253250390007,462,452,1266,941,595,781,871,848.0,,
dp_w50,mcp4-n100-r10-02,863.3832605643681,5565.500150000007,5565.500150000007,0.0,9.146678762,854.2365818023682,843.6141973089997,841.0388691729997,474,463,9190,967,603,807,894,702.0,,
dp_w50,mcp4-n100-r10-03,836.9578855414303,5742.000199999995,5742.449041051044,7.81680660772853e-5,9.504218616,827.4536669254303,812.8379633070002,810.5451176779998,409,405,14681,979,625,819,855,821.0,,
dp_w50,mcp4-n100-r10-04,379.190225962401,5337.000099999999,5337.000099999999,0.0,9.727171067,369.463054895401,366.44600256999996,364.53447845599993,338,335,1546,968,610,808,769,620.0,,
dp_w50,mcp4-n100-r10-05,902.4553558327211,5641.600120000005,5642.1100181063075,9.038182349990772e-5,9.480313728,892.9750421047211,799.7896527630005,796.5238483989997,619,615,64599,975,628,815,1063,1164.0,,
dp_w50,mcp4-n100-r10-06,533.4218247643962,4740.2858571428615,4740.2858571428615,0.0,10.243230652,523.1785941123962,519.9276370390003,517.6355704719999,405,397,1410,977,620,817,837,714.0,,
dp_w50,mcp4-n100-r10-07,750.3729405686499,4962.0001,4962.333433333334,6.717721213547329e-5,10.33516839,740.0377721786499,734.4297435819994,732.280430986,346,340,2927,978,622,818,784,697.0,,
dp_w50,mcp4-n100-r10-08,490.88886847446764,5207.200239999998,5207.200239999998,0.0,11.830081367,479.05878710746765,475.3832098469998,474.0835058290002,232,229,1462,987,618,827,668,399.0,,
dp_w50,mcp4-n100-r10-09,960.6029680119393,5493.000199999999,5493.000199999999,0.0,10.824624096,949.7783439159393,917.7103581960004,914.6047941260006,519,511,29298,960,609,800,951,784.0,,
dp_w50,mcp4-n100-r10-10,322.13463697708033,5179.000099999999,5179.000099999999,0.0,9.252791026,312.8818459510803,311.83147447799996,310.71054301999993,258,253,486,976,631,816,705,377.0,,
dp_w50,mcp4-n100-r12-01,395.0854761882046,4715.000099999998,4715.000099999999,0.0,6.443288116,388.6421880722046,387.6116930759998,385.8602303550002,366,353,434,981,589,821,785,596.0,,
dp_w50,mcp4-n100-r12-02,168.5565351442881,4416.750150000002,4416.750150000001,0.0,8.462001224,160.0945339202881,154.29134806999997,153.31513691799998,173,170,4758,976,586,816,589,291.0,,
dp_w50,mcp4-n100-r12-03,576.9437038145713,4371.000100000001,4371.000100000001,0.0,6.699034854,570.2446689605713,565.8737025490003,563.2881944059997,520,511,2678,970,580,810,932,772.0,,
dp_w50,mcp4-n100-r12-04,860.909332231708,4026.0001,4026.000149999999,1.241927409214266e-8,8.684385256,852.224946975708,820.509928596,817.4279949970011,617,604,30871,971,592,811,1044,959.0,,
dp_w50,mcp4-n100-r12-05,351.64357927410157,4321.000100000001,4321.000100000001,0.0,7.463754445,344.17982482910156,340.37009352600023,338.3660945099999,428,421,2321,962,586,802,848,599.0,,
dp_w50,mcp4-n100-r12-06,166.58024397975342,4808.000099999998,4808.000099999998,0.0,7.42082492,159.15941905975342,158.59643106,157.88764910300011,149,143,267,945,577,785,562,276.0,,
dp_w50,mcp4-n100-r12-07,230.3008039924115,4274.000200000004,4274.000200000004,0.0,6.899479005,223.4013249874115,222.29943693700005,220.94928638399986,241,239,826,978,601,818,682,587.0,,
dp_w50,mcp4-n100-r12-08,687.3692817187535,4097.000133333328,4097.000133333328,0.0,6.831174562,680.5381071567535,674.9470749090004,671.7772689469997,543,529,4079,948,579,788,947,898.0,,
dp_w50,mcp4-n100-r12-09,443.74106779115453,4716.000100000002,4716.000100000002,0.0,8.819983864,434.92108392715454,431.44856758999987,429.14846185400006,507,498,1969,949,584,789,922,907.0,,
dp_w50,mcp4-n100-r12-10,289.9286155234158,3990.0000999999997,3990.0000999999997,0.0,6.841566516,283.08704900741577,282.3770568090001,281.0086695460001,276,269,331,978,601,818,706,444.0,,
dp_w50,mcp4-n100-r14-01,218.48990682620118,3127.000100000002,3127.000100000002,0.0,8.124813595,210.36509323120117,208.33249642499993,206.65680999100005,286,278,1325,965,570,805,699,538.0,,
dp_w50,mcp4-n100-r14-02,61.979040838117434,3279.0001,3279.0001,0.0,6.729919649,55.24912118911743,54.74954143899999,54.37219153899999,75,72,352,963,566,803,482,212.0,,
dp_w50,mcp4-n100-r14-03,165.26375381813574,3916.0001,3916.0001,0.0,5.908683704,159.35507011413574,157.32494007699995,155.80457732999997,320,317,1212,929,537,769,704,521.0,,
dp_w50,mcp4-n100-r14-04,207.98023378264318,3715.000100000001,3715.000100000001,0.0,4.270306939,203.7099268436432,203.00050030500012,201.86834945899994,232,223,462,952,549,792,620,376.0,,
dp_w50,mcp4-n100-r14-05,102.7144902896045,3551.0001,3551.0001,0.0,4.92564332,97.78884696960449,97.35578296399996,96.61273580900003,112,107,103,968,570,808,528,254.0,,
dp_w50,mcp4-n100-r14-06,457.414089274322,3210.000149999999,3210.000149999999,0.0,8.354811263,449.059278011322,433.54583629399934,430.6160854530002,458,444,12585,927,557,767,859,879.0,,
dp_w50,mcp4-n100-r14-07,37.8782474613374,3198.000200000001,3198.000200000001,0.0,6.451925478,31.426321983337402,30.939191234,30.557925729999997,54,52,281,971,556,811,453,355.0,,
dp_w50,mcp4-n100-r14-08,215.0704126817384,3560.0000999999993,3560.0000999999993,0.0,5.302129553,209.7682831287384,208.67572403900004,206.86603421300003,254,243,656,961,546,801,644,385.0,,
dp_w50,mcp4-n100-r14-09,282.9866551613601,3627.750162500004,3627.8669907310723,3.220404543726941e-5,4.968097136,278.0185580253601,255.44579078599992,253.30343307299992,482,478,19867,952,561,792,892,936.0,,
dp_w50,mcp4-n100-r14-10,177.83215955593127,3540.600140000005,3540.600140000005,0.0,6.553089417,171.27907013893127,169.56658304200005,168.15844497000003,219,214,1007,950,567,790,637,407.0,,
dp_w50,mcp4-n100-r16-01,81.04344735912134,3241.0000999999997,3241.0000999999997,0.0,3.727088316,77.31635904312134,76.87344195000001,76.082988735,162,154,214,956,533,796,551,312.0,,
dp_w50,mcp4-n100-r16-02,148.60626322372204,2910.0001500000026,2910.0001500000026,0.0,4.287263218,144.31900000572205,143.67189873499998,142.349517408,278,270,247,931,532,771,671,409.0,,
dp_w50,mcp4-n100-r16-03,51.16135783031128,3159.0001000000007,3159.0001000000007,0.0,3.528194855,47.63316297531128,47.36098159799999,47.038106672000005,82,79,76,934,529,774,460,242.0,,
dp_w50,mcp4-n100-r16-04,191.84702530942505,3067.0001,3067.0001,0.0,4.98358718,186.86343812942505,186.173237281,185.13685773800015,240,229,336,935,525,775,615,439.0,,
dp_w50,mcp4-n100-r16-05,165.78073294457215,2811.0001000000016,2811.0001000000016,0.0,5.287591055,160.49314188957214,159.57894635099996,158.3094729079999,350,340,429,950,548,790,752,579.0,,
dp_w50,mcp4-n100-r16-06,209.47772355604212,2984.000100000002,2984.000100000002,0.0,4.510017591,204.96770596504211,203.26173879299984,201.93863134800003,388,376,753,957,540,797,769,589.0,,
dp_w50,mcp4-n100-r16-07,242.38549653290136,2678.0001,2678.0001,0.0,5.593994534,236.79150199890137,234.80598133399982,232.94536508099998,398,388,1266,933,538,773,789,766.0,,
dp_w50,mcp4-n100-r16-08,209.8753036495724,3016.0002000000036,3016.0002000000036,0.0,4.546660566,205.3286430835724,202.1740220609999,200.6581787549999,319,311,2987,931,543,771,719,540.0,,
dp_w50,mcp4-n100-r16-09,182.50424497906263,2889.0001599999964,2889.0001599999964,0.0,5.075141843,177.42910313606262,176.65462863000005,175.2258021739999,308,299,364,943,537,783,697,442.0,,
dp_w50,mcp4-n100-r16-10,188.18446247561036,2992.0000999999997,2992.0000999999997,0.0,3.712727475,184.47173500061035,183.2384437499999,181.78684313400012,320,309,574,964,562,804,726,565.0,,
dp_w50,mcp4-n110-r08-01,4016.8896123509285,7634.000200000003,14820.651836745887,0.9414005041217945,23.004180346,3993.8854320049286,3982.1641699200004,3979.184778283998,567,558,6599,927,682,753,1018,991.0,,
dp_w50,mcp4-n110-r08-02,3059.6939260809395,7522.000100000001,7522.000100000001,0.0,25.490019068,3034.2039070129395,3029.6781751229983,3026.666414822999,496,488,2713,939,686,765,951,724.0,,
dp_w50,mcp4-n110-r08-03,3601.034515263095,7472.750150000008,12442.418051266262,0.66503868074142,22.284316422,3578.750198841095,3510.2183243049953,3505.8977390420046,969,963,40255,926,657,752,1398,1662.0,,
dp_w50,mcp4-n110-r08-04,1124.6373724546975,8120.000100000001,8120.484791837546,5.969111226305801e-5,22.221789321,1102.4155831336975,1100.8009885249994,1099.8516265250003,223,215,926,914,673,740,661,406.0,,
dp_w50,mcp4-n110-r08-05,3621.153097338196,6962.666866666673,14260.563257908752,1.0481467131768571,25.945075459,3595.208021879196,3571.008119586998,3568.1048505069994,692,682,13902,917,671,743,1130,1039.0,,
dp_w50,mcp4-n110-r08-06,2474.8696963750144,8346.666800000006,8346.666800000006,0.0,26.096610304,2448.7730860710144,2446.0021470129996,2444.188167346001,350,343,1477,927,688,753,809,623.0,,
dp_w50,mcp4-n110-r08-07,4040.886601116472,6379.500225000003,7976.186947793336,0.25028398251891776,30.329589989,4010.557011127472,4002.0355503380006,3999.795921857998,488,477,4831,928,677,754,930,905.0,,
dp_w50,mcp4-n110-r08-08,2434.8099483491033,8720.333500000004,8720.333500000004,0.0,25.955443287,2408.8545050621033,2407.356788658999,2406.1103739189994,254,248,807,940,675,766,701,463.0,,
dp_w50,mcp4-n110-r08-09,3506.168459793825,8865.83346666666,8866.45199049839,6.976488268765351e-5,26.87733092,3479.291128873825,3333.0912119890017,3330.008866208001,682,679,110797,928,675,754,1138,1243.0,,
dp_w50,mcp4-n110-r08-10,3498.267797560533,7896.000200000001,7896.158412645141,2.0037061946810584e-5,24.817473502,3473.4503240585327,3451.9025657749994,3449.1209682030044,596,589,13623,940,687,766,1056,814.0,,
dp_w50,mcp4-n110-r10-01,1023.3818062037553,5975.000099999999,5975.000099999999,0.0,16.268846342,1007.1129598617554,1005.5302006760006,1004.1906775269999,303,295,963,911,632,737,731,460.0,,
dp_w50,mcp4-n110-r10-02,1869.4096823736509,5588.000100000002,5588.000100000002,0.0,16.717405419,1852.6922769546509,1842.9904417839994,1840.2460922249988,578,563,5971,933,629,759,996,980.0,,
dp_w50,mcp4-n110-r10-03,1853.0225032313413,6293.200140000001,6293.417102237141,3.447566139859824e-5,16.636365269,1836.3861379623413,1692.3932462770024,1689.0427206479997,650,640,115925,926,637,752,1091,1002.0,,
dp_w50,mcp4-n110-r10-04,2135.2646209835925,5736.000100000002,5736.359784544879,6.27065095200019e-5,16.202660048,2119.0619609355927,2052.649516064,2048.649806477999,750,744,45359,927,638,753,1186,1153.0,,
dp_w50,mcp4-n110-r10-05,973.8143641957768,6081.666799999998,6081.666799999998,0.0,16.850909234,956.9634549617767,953.3382826489999,951.6346290170002,345,336,1469,923,626,749,768,570.0,,
dp_w50,mcp4-n110-r10-06,1537.856200765553,6171.0001,6171.0001,0.0,13.342698883,1524.513501882553,1515.093441491999,1512.3080629800002,474,465,8231,936,633,762,904,828.0,,
dp_w50,mcp4-n110-r10-07,2876.2976638407627,6631.000100000001,6631.630200232796,9.502340873054355e-5,16.150481853,2860.1471819877625,2800.2786702249996,2796.2396185439998,778,772,44866,908,619,734,1201,1115.0,,
dp_w50,mcp4-n110-r10-08,2621.1446128116136,6140.000149999998,6140.500150000001,8.143322276673375e-5,19.572862886,2601.5717499256134,2511.1578969560005,2507.491050244999,938,929,66503,917,626,743,1370,1533.0,,
dp_w50,mcp4-n110-r10-09,1525.6048121774045,6376.000150000007,6376.200139999994,3.136605948580915e-5,18.468396219,1507.1364159584045,1500.4400379789995,1498.2877241160004,439,432,3809,911,627,737,867,813.0,,
dp_w50,mcp4-n110-r10-10,3408.9381649356387,6065.000140000004,6065.083250187238,1.3703245724001631e-5,18.399635778,3390.5385291576385,3145.7436757350015,3142.690521145999,683,673,159036,922,637,748,1116,1024.0,,
dp_w50,mcp4-n110-r12-01,1131.3423079375607,5279.500150000001,5279.648704954955,2.8138071926052805e-5,9.049362791,1122.2929451465607,1103.4535506390012,1101.3621149939995,472,464,17096,911,594,737,884,926.0,,
dp_w50,mcp4-n110-r12-02,643.9959247921474,4376.000099999999,4376.000099999999,0.0,12.935234866,631.0606899261475,629.6652500209997,627.5494133379996,399,391,736,921,609,747,830,805.0,,
dp_w50,mcp4-n110-r12-03,98.91537975029358,5184.000100000001,5184.000100000001,0.0,11.97324084,86.94213891029358,86.506815099,86.294970526,49,46,166,918,605,744,468,171.0,,
dp_w50,mcp4-n110-r12-04,633.7889989155394,4269.000100000005,4269.000100000005,0.0,12.516688897,621.2723100185394,617.6357717619999,615.7059981730002,441,434,2810,909,590,735,857,823.0,,
dp_w50,mcp4-n110-r12-05,952.3637838386475,4786.500150000001,4786.500150000001,0.0,14.280632975,938.0831508636475,890.7732351479996,887.38373414,644,634,41063,920,597,746,1060,833.0,,
dp_w50,mcp4-n110-r12-06,978.7310371276501,4867.666800000001,4868.104577611936,8.99358213950504e-5,13.20737313,965.5236639976501,961.3124627259999,958.9542070579998,495,486,2399,919,607,745,919,751.0,,
dp_w50,mcp4-n110-r12-07,988.7754300589482,5195.5001500000035,5195.5001500000035,0.0,12.649730062,976.1256999969482,961.0446540430007,957.7652045580003,590,586,10576,928,593,754,1010,900.0,,
dp_w50,mcp4-n110-r12-08,1413.689221083289,4649.555699999999,4649.555699999999,0.0,14.52633804,1399.1628830432892,1394.3759870540014,1391.0193224049997,596,584,3113,898,592,724,1006,904.0,,
dp_w50,mcp4-n110-r12-09,941.6711833509728,4766.000166666668,4766.000166666668,0.0,12.749488357,928.9216949939728,924.5203916059995,922.6261577669994,411,401,2393,914,602,740,824,838.0,,
dp_w50,mcp4-n110-r12-10,405.7336878198346,4922.000099999999,4922.000099999999,0.0,12.832621755,392.9010660648346,392.09365245700013,391.1468662830002,190,184,344,904,593,730,598,365.0,,
dp_w50,mcp4-n110-r14-01,479.1317308130339,4101.80018,4101.80018,0.0,6.903314847,472.22841596603394,460.795437592,458.78709115600014,408,399,10559,899,570,725,813,789.0,,
dp_w50,mcp4-n110-r14-02,534.6685139282906,4067.0001333333316,4067.0001333333316,0.0,9.701608096,524.9669058322906,494.01122666300006,491.79176090899995,484,476,33118,914,567,740,882,842.0,,
dp_w50,mcp4-n110-r14-03,309.55441489579664,4554.0001,4554.0001,0.0,7.954643873,301.59977102279663,296.4491028400001,294.797462675,347,342,3922,930,578,756,760,616.0,,
dp_w50,mcp4-n110-r14-04,256.16886818618286,4383.000100000003,4383.000100000003,0.0,7.05425513,249.11461305618286,248.47913420100005,247.42623328500014,246,240,384,901,570,727,647,473.0,,
dp_w50,mcp4-n110-r14-05,748.0973753044811,3578.0000999999997,3578.0000999999997,0.0,9.57842818,738.5189471244812,733.9330382110007,731.204923579,541,530,2790,904,573,730,942,737.0,,
dp_w50,mcp4-n110-r14-06,522.6396320264846,3597.000200000002,3597.000200000002,0.0,11.611168186,511.0284638404846,509.3057671019997,507.68407328500007,313,308,804,917,566,743,712,508.0,,
dp_w50,mcp4-n110-r14-07,1068.89625399621,4315.166799999997,4315.1981361462595,7.261862105126439e-6,9.708759003,1059.1874949932098,1016.2727619089999,1013.3727207730005,622,606,37241,888,564,714,1010,813.0,,
dp_w50,mcp4-n110-r14-08,352.97924057337195,4166.666800000001,4166.666800000001,0.0,8.845124639,344.13411593437195,342.69544623099983,341.3675170199999,330,322,840,893,582,719,739,614.0,,
dp_w50,mcp4-n110-r14-09,429.1494504141801,4067.0001999999995,4067.0001999999995,0.0,8.602085464,420.54736495018005,402.34170335400006,400.2421169619999,442,439,18026,895,576,721,856,649.0,,
dp_w50,mcp4-n110-r14-10,987.9959604489119,3643.000199999999,3643.3126000000066,8.575349515696665e-5,12.301344608,975.6946158409119,917.5495183159994,913.8446648049994,682,672,52531,916,566,742,1074,1017.0,,
dp_w50,mcp4-n110-r16-01,207.18890301360997,3365.000100000002,3365.000100000002,0.0,6.226279179,200.96262383460999,200.3272569409999,199.31444600000003,208,200,247,919,562,745,604,332.0,,
dp_w50,mcp4-n110-r16-02,372.570865795181,3295.0001000000007,3295.0001000000007,0.0,6.847511694,365.72335410118103,362.72077484300024,360.88422581699984,384,378,1583,914,549,740,772,549.0,,
dp_w50,mcp4-n110-r16-03,83.16593078339746,3681.000200000001,3681.000200000001,0.0,7.376236951,75.78969383239746,75.33798907100001,74.85990559099996,115,111,275,884,536,710,488,322.0,,
dp_w50,mcp4-n110-r16-04,446.92962976814187,3299.3334999999993,3299.3334999999993,0.0,8.468279804,438.46134996414185,433.19500089199994,431.5673122790002,359,354,4718,905,551,731,755,570.0,,
dp_w50,mcp4-n110-r16-05,192.47552911936427,3513.0001,3513.0001,0.0,5.882357046,186.59317207336426,186.04892115000007,185.22141404500002,193,186,264,896,553,722,582,344.0,,
dp_w50,mcp4-n110-r16-06,448.28640714650135,3310.500149999999,3310.5661377358488,1.993285994861854e-5,6.631580267,441.65482687950134,402.92918625899995,400.1098291600002,492,485,33759,914,545,740,879,799.0,,
dp_w50,mcp4-n110-r16-07,415.24384989226866,3346.000100000003,3346.000100000003,0.0,6.62048902,408.6233608722687,407.44300839500005,406.03383588999986,321,313,647,892,549,718,708,571.0,,
dp_w50,mcp4-n110-r16-08,361.3064994221084,3322.0001500000008,3322.0001500000008,0.0,6.297094286,355.0094051361084,345.8159285609999,344.0096627310001,385,378,7907,910,552,736,782,704.0,,
dp_w50,mcp4-n110-r16-09,267.1026728381881,3576.0001,3576.0001,0.0,7.520877861,259.5817949771881,258.634999255,257.5160760200001,238,231,545,903,531,729,606,402.0,,
dp_w50,mcp4-n110-r16-10,372.0452780410431,3257.000100000001,3257.000100000001,0.0,8.54416105,363.5011169910431,361.7886138870003,360.3087016239999,329,319,1007,888,550,714,710,528.0,,
dp_w50,mcp4-n120-r08-01,3664.74994959364,7489.666799999993,17609.069656451622,1.3511152267083015,38.702319522,3626.04763007164,3613.8665634160016,3610.5854092140007,556,552,5235,1017,724,827,1034,934.0,,
dp_w50,mcp4-n120-r08-02,3688.8148284554036,7986.000133333333,17695.642714651356,1.2158330101686645,40.555573523,3648.2592549324036,3635.4000750789987,3632.222238372996,578,573,8177,1015,713,825,1039,838.0,,
dp_w50,mcp4-n120-r08-03,3604.1688945685873,5203.000200000001,19091.73343333333,2.669370113292197,37.042865554,3567.1260290145874,3559.305631926999,3556.1543546900007,610,601,2982,1039,727,849,1085,905.0,,
dp_w50,mcp4-n120-r08-04,4474.494782299837,6638.400100000017,17693.524407540455,1.6653296187345517,41.906891198,4432.587891101837,4428.875262195001,4426.012636314,495,485,1535,1010,698,820,944,730.0,,
dp_w50,mcp4-n120-r08-05,3842.963482398327,8329.000149999998,19169.02588167856,1.3014798338884128,37.44049241,3805.522989988327,3801.405241236999,3798.881462755998,437,429,1143,1022,721,832,906,657.0,,
dp_w50,mcp4-n120-r08-06,4534.372665306313,7925.000149999994,18989.28568822403,1.39612433171046,43.452195307,4490.920469999313,4486.358516127001,4483.580643831999,521,517,1497,1023,707,833,983,872.0,,
dp_w50,mcp4-n120-r08-07,5762.147687751547,8036.000200000001,18073.071605757443,1.2490133344891454,48.93816765,5713.209520101547,5705.710647018998,5703.508321856001,432,426,3501,1015,715,825,899,668.0,,
dp_w50,mcp4-n120-r08-08,3624.3468100886457,8101.000200000002,16673.92452849914,1.058255044667094,52.371933208,3571.9748768806458,3552.5610586179982,3549.243466476999,636,633,10406,1022,715,832,1103,947.0,,
dp_w50,mcp4-n120-r08-09,3600.4273352355654,6044.60022,17620.204385005032,1.9150322177973635,54.789164278,3545.6381709575653,3530.062161456,3527.596390999002,494,491,9601,1021,716,831,965,820.0,,
dp_w50,mcp4-n120-r08-10,3456.691479182347,9149.000100000001,9149.000100000001,0.0,31.162814355,3425.528664827347,3421.2092127649985,3419.0456045609985,366,360,1345,1031,715,841,823,589.0,,
dp_w50,mcp4-n120-r10-01,3515.9070638807952,6709.5001500000035,6709.5001500000035,0.0,23.219173828,3492.6878900527954,3435.8829572790014,3430.972655035005,897,889,43417,1011,676,821,1361,1278.0,,
dp_w50,mcp4-n120-r10-02,3935.7452754754536,6751.000200000001,7446.466604460667,0.10301679512032395,25.33305762,3910.4122178554535,3900.749502343997,3897.1159805299985,718,706,5501,1022,679,832,1176,1156.0,,
dp_w50,mcp4-n120-r10-03,3646.7067822587014,6637.333466666668,12244.073813587995,0.8447278376292107,26.520836271,3620.1859459877014,3603.555056154,3600.0700507439974,617,611,10201,991,658,801,1053,1066.0,,
dp_w50,mcp4-n120-r10-04,3603.4356486655147,6262.2858857142855,11496.934057308772,0.835900542888967,22.94891356,3580.4867351055145,3541.9093806610013,3537.5739518950027,907,900,22305,1015,676,825,1361,1361.0,,
dp_w50,mcp4-n120-r10-05,3672.002390572153,5814.000100000001,12516.547708931697,1.1528289462760235,25.526172587,3646.476217985153,3639.4285091450024,3635.5614597379954,757,751,3821,994,665,804,1211,1005.0,,
dp_w50,mcp4-n120-r10-06,1907.6648875314158,7058.000100000002,7058.000100000002,0.0,25.527275427,1882.137612104416,1877.652054669999,1875.6422279419994,419,412,2109,1019,676,829,878,666.0,,
dp_w50,mcp4-n120-r10-07,3702.6496341477123,6734.500149999998,10707.00062544812,0.5898730992601021,27.664526249,3674.985107898712,3581.195834476001,3576.3185993610023,870,864,57952,1009,679,819,1332,1178.0,,
dp_w50,mcp4-n120-r10-08,4529.444803390219,7300.000100000001,12932.890116192688,0.7716287587712068,24.146280441,4505.298522949219,4492.517262302003,4489.723506454,581,572,6066,1000,655,810,1017,1108.0,,
dp_w50,mcp4-n120-r10-09,3117.705759895113,6495.000100000001,6495.000100000001,0.0,25.960285795,3091.745474100113,3084.598845299999,3081.136153861999,621,610,3945,1006,674,816,1064,872.0,,
dp_w50,mcp4-n120-r10-10,3622.6469411863486,5825.666799999994,11211.271361437868,0.9244614816346655,25.260002376,3597.3869388103485,3562.853706288999,3558.3145999490034,898,893,21349,1017,673,827,1355,1345.0,,
dp_w50,mcp4-n120-r12-01,1673.6779285914808,5697.000100000007,5697.000100000007,0.0,15.728857661,1657.949070930481,1653.0426140110008,1649.617413862001,623,615,2394,1000,629,810,1051,823.0,,
dp_w50,mcp4-n120-r12-02,2056.879825636308,5520.000200000002,5520.000200000002,0.0,17.834740683,2039.045084953308,2029.4147913389995,2026.4211234070003,545,533,7009,1003,612,813,951,787.0,,
dp_w50,mcp4-n120-r12-03,1507.4406102154462,5226.000150000002,5226.000150000002,0.0,18.169818208,1489.2707920074463,1485.389503693001,1482.1970245089988,512,501,2758,988,611,798,925,722.0,,
dp_w50,mcp4-n120-r12-04,2366.1928978710826,5197.00015,5197.00015,0.0,18.672618702,2347.5202791690826,2336.8557578629993,2333.0771674579996,669,661,8296,1029,634,839,1108,931.0,,
dp_w50,mcp4-n120-r12-05,2242.754708248713,5477.000100000005,5477.000100000005,0.0,19.270909268,2223.483798980713,2220.366225582,2217.885427812999,535,530,1932,996,607,806,942,745.0,,
dp_w50,mcp4-n120-r12-06,990.8345018613334,5150.300150000005,5150.300150000005,0.0,18.654887079,972.1796147823334,969.7129175069994,968.3213529579998,328,321,1618,1001,645,811,769,492.0,,
dp_w50,mcp4-n120-r12-07,2189.613406004029,5552.000100000001,5552.339718406284,6.117046112500606e-5,19.473702015,2170.139703989029,2144.914647942999,2141.716185589998,762,755,20400,993,640,803,1209,997.0,,
dp_w50,mcp4-n120-r12-08,3725.7932672839006,5772.666799999999,6126.620486307131,0.0613154541168272,19.029753242,3706.7635140419006,3701.1444479190022,3697.0002544610006,971,956,2687,1000,637,810,1405,1425.0,,
dp_w50,mcp4-n120-r12-09,1911.2513085615428,5736.000100000003,5736.000100000003,0.0,19.043482424,1892.2078261375427,1889.8539562130004,1886.7505355349997,650,640,943,992,623,802,1079,868.0,,
dp_w50,mcp4-n120-r12-10,1723.908419404882,5593.0001,5593.513861467891,9.185794005092499e-5,18.779278551,1705.1291408538818,1674.9621456750015,1672.0009717019996,583,577,22185,1020,633,830,1020,728.0,,
dp_w50,mcp4-n120-r14-01,108.4780831014989,4963.000100000001,4963.000100000001,0.0,15.600143162,92.8779399394989,92.51001792299996,92.14267263099998,56,52,97,1011,608,821,474,183.0,,
dp_w50,mcp4-n120-r14-02,1089.786378682785,4841.000150000002,4841.482908620688,9.972290967323799e-5,12.568008722,1077.218369960785,970.5375308979992,965.6170438669999,795,790,64558,978,598,788,1215,1136.0,,
dp_w50,mcp4-n120-r14-03,1584.5179271892553,4269.333466666671,4269.333466666671,0.0,15.642272015,1568.8756551742554,1527.1110393180008,1523.5041517010004,601,585,29485,996,595,806,1008,942.0,,
dp_w50,mcp4-n120-r14-04,818.5472904739124,4003.000150000004,4003.000150000004,0.0,19.697515398,798.8497750759125,796.520731543,794.3539233139998,324,319,1600,1004,598,814,736,435.0,,
dp_w50,mcp4-n120-r14-05,663.7349218025224,4559.000100000003,4559.000100000003,0.0,14.358069767,649.3768520355225,648.5806207600003,646.9862608489999,264,253,333,989,601,799,674,401.0,,
dp_w50,mcp4-n120-r14-06,1531.2817565714824,4695.00012,4695.3413936930665,7.268875065903005e-5,15.511084727,1515.7706718444824,1478.5085318770014,1474.2029375409993,694,684,28260,998,599,808,1106,1041.0,,
dp_w50,mcp4-n120-r14-07,2138.0536180342106,4324.333466666667,4324.57904736843,5.679041721832695e-5,15.199245056,2122.8543729782104,2029.3251769860008,2022.6809669280012,1044,1032,55701,974,597,784,1463,1326.0,,
dp_w50,mcp4-n120-r14-08,830.0349111658637,4333.000200000001,4333.000200000001,0.0,13.676218043,816.3586931228638,815.086559106,813.2190363010003,302,293,719,1001,603,811,713,539.0,,
dp_w50,mcp4-n120-r14-09,1129.711579389624,4077.0001000000007,4077.0043149631183,1.0338393461523657e-6,15.078512497,1114.633066892624,1109.6836298169999,1106.2705955849995,555,547,3229,993,609,803,972,737.0,,
dp_w50,mcp4-n120-r14-10,1133.644244507781,4344.000100000001,4344.000100000001,0.0,13.149362401,1120.494882106781,1118.2288314989994,1114.2706588270005,680,668,756,986,611,796,1099,965.0,,
dp_w50,mcp4-n120-r16-01,768.8003878097153,3533.0001000000007,3533.0001000000007,0.0,9.834623764,758.9657640457153,755.1947011299992,752.1386423520001,572,562,2272,989,575,799,968,845.0,,
dp_w50,mcp4-n120-r16-02,627.1210235670661,4065.000149999998,4065.0001499999976,0.0,9.676762493,617.4442610740662,616.0148919720003,613.7166356269996,499,491,669,991,587,801,914,729.0,,
dp_w50,mcp4-n120-r16-03,443.4449778340967,4025.4001400000016,4025.7143857142887,7.806570858994242e-5,7.459551885,435.9854259490967,416.52049357200013,414.777392338,393,388,18342,993,580,803,798,648.0,,
dp_w50,mcp4-n120-r16-04,913.7601898186783,3979.0001,3979.0001,0.0,11.843559789,901.9166300296783,889.3274237210001,886.5439234119998,538,523,12441,1020,592,830,955,752.0,,
dp_w50,mcp4-n120-r16-05,583.5081195843802,3748.0001,3748.0001,0.0,9.742353679,573.7657659053802,572.3341500569998,570.8748806909999,363,355,630,981,576,791,765,515.0,,
dp_w50,mcp4-n120-r16-06,623.032758386613,3716.0001500000017,3716.0001500000017,0.0,13.063651474,609.9691069126129,605.3131323599999,602.8930922,535,527,2911,973,567,783,927,687.0,,
dp_w50,mcp4-n120-r16-07,698.5461015272585,3743.500200000002,3743.500200000002,0.0,10.588227706,687.9578738212585,686.6422501650001,684.9067245780009,377,365,701,996,592,806,791,541.0,,
dp_w50,mcp4-n120-r16-08,840.1769605607179,3480.333466666665,3480.333466666665,0.0,13.633746478,826.5432140827179,754.0569016329998,750.734624529001,647,643,62689,996,583,806,1068,1058.0,,
dp_w50,mcp4-n120-r16-09,415.6558787850116,3623.0001,3623.0001,0.0,9.73129082,405.9245879650116,404.0626874780002,402.029045286,414,408,797,1012,597,822,837,649.0,,
dp_w50,mcp4-n120-r16-10,431.3058997270316,3788.000133333333,3788.0001333333325,0.0,12.727635729,418.5782639980316,417.036786601,415.4128208570002,390,384,806,983,570,793,781,589.0,,
dp_w80,mcp4-n070-r08-01,80.816836796417,4283.000133333333,4283.000133333333,0.0,4.175328694,76.64150810241699,75.558688563,74.09971502199997,185,177,639,1173,782,1061,817,788.0,,
dp_w80,mcp4-n070-r08-02,98.15644863346887,4517.500150000002,4517.912104791314,9.119087496043189e-5,4.107655556,94.04879307746887,82.75165265900002,81.44261295800005,157,152,12104,1198,822,1086,833,1122.0,,
dp_w80,mcp4-n070-r08-03,61.33286013118128,3691.000200000001,3691.000200000001,0.0,4.043536086,57.289324045181274,54.98939870299999,54.02173492599999,131,126,1303,1168,814,1056,799,998.0,,
dp_w80,mcp4-n070-r08-04,75.16740086902759,4690.000099999999,4690.000099999999,0.0,3.331937822,71.83546304702759,71.068209556,69.81308427499998,149,141,343,1168,800,1056,799,516.0,,
dp_w80,mcp4-n070-r08-05,98.69792538926147,3845.0000999999984,3845.0000999999984,0.0,4.637865365,94.06006002426147,92.27215821899999,90.74609515900002,177,168,1217,1161,809,1049,841,746.0,,
dp_w80,mcp4-n070-r08-06,46.26658427499292,4825.000150000003,4825.000150000003,0.0,4.078150151,42.18843412399292,41.75625374199999,41.250664509999986,74,68,193,1177,794,1065,717,583.0,,
dp_w80,mcp4-n070-r08-07,59.16266618922119,3732.0000999999997,3732.0000999999997,0.0,4.66147505,54.50119113922119,53.18294469900001,51.99327988100001,145,136,648,1176,815,1064,811,740.0,,
dp_w80,mcp4-n070-r08-08,47.12116030713757,4167.0001,4167.0001,0.0,4.456862488,42.66429781913757,41.966437473999996,41.11799473599999,116,111,401,1154,796,1042,763,586.0,,
dp_w80,mcp4-n070-r08-09,49.734753661461305,4190.000100000001,4190.000100000001,0.0,4.152903848,45.581849813461304,44.79235130599998,43.87521506600001,106,101,294,1184,830,1072,793,901.0,,
dp_w80,mcp4-n070-r08-10,28.949117012087523,4291.0001,4291.0001,0.0,3.888735838,25.060381174087524,24.624342737999992,24.023404663,78,74,103,1173,810,1061,740,499.0,,
dp_w80,mcp4-n070-r10-01,56.84567616615466,3716.0001999999995,3716.0001999999995,0.0,2.547857267,54.29781889915466,51.426464538000005,49.79228067800002,190,182,1840,1166,751,1054,811,878.0,,
dp_w80,mcp4-n070-r10-02,38.660007162295535,3023.00015,3023.00015,0.0,3.211593075,35.44841408729553,34.683551898999994,33.87793977799999,117,105,578,1157,757,1045,736,584.0,,
dp_w80,mcp4-n070-r10-03,25.23596814166431,3403.0001,3403.0001,0.0,3.335266142,21.900701999664307,21.474131608999993,20.879560696,80,75,120,1180,768,1068,718,594.0,,
dp_w80,mcp4-n070-r10-04,55.58329510631336,3412.2501500000017,3412.2501500000017,0.0,2.352278232,53.231016874313354,47.761211780000004,46.469568546999994,160,151,4643,1157,763,1045,791,892.0,,
dp_w80,mcp4-n070-r10-05,47.032377195769406,3104.0001,3104.0001,0.0,2.464036179,44.56834101676941,36.64457650200002,35.673918655999984,140,134,6749,1139,775,1027,788,1140.0,,
dp_w80,mcp4-n070-r10-06,39.172348981484376,3933.000200000002,3933.1448216709027,3.677133576054881e-5,1.17665196,37.995697021484375,34.79901699300001,33.80278330200001,130,125,3015,1161,777,1049,777,632.0,,
dp_w80,mcp4-n070-r10-07,30.50312318548828,3412.0001000000007,3412.0001000000007,0.0,1.953860185,28.54926300048828,28.163754131000005,27.345121825999996,108,102,135,1134,731,1022,706,953.0,,
dp_w80,mcp4-n070-r10-08,31.72955169194336,3314.0001500000008,3314.0001500000008,0.0,2.157625575,29.57192611694336,29.099484624999995,28.266964408999993,117,109,209,1183,746,1071,732,378.0,,
dp_w80,mcp4-n070-r10-09,76.15467247168506,3319.6667999999954,3319.6667999999954,0.0,3.509806482,72.64486598968506,66.936943041,65.757866753,148,137,6513,1150,759,1038,774,565.0,,
dp_w80,mcp4-n070-r10-10,42.969388251348875,4003.5001500000026,4003.5001500000026,0.0,1.792088275,41.17729997634888,39.706088881000014,38.598479057,133,126,669,1167,780,1055,784,585.0,,
dp_w80,mcp4-n070-r12-01,41.094743546476685,2717.000179999999,2717.000179999999,0.0,2.235693511,38.859050035476685,37.68172203900001,36.51702689700001,160,154,567,1168,733,1056,776,792.0,,
dp_w80,mcp4-n070-r12-02,41.27827872780517,2701.333466666664,2701.333466666664,0.0,2.072684665,39.205594062805176,33.171869249999986,32.068210663999984,163,158,5684,1175,736,1063,786,884.0,,
dp_w80,mcp4-n070-r12-03,24.25343975714844,2729.0001,2729.0001,0.0,1.784338805,22.469100952148438,22.060980655999998,21.390265806,100,95,150,1125,720,1013,699,655.0,,
dp_w80,mcp4-n070-r12-04,32.27251421490124,2555.0001,2555.0001,0.0,2.558919063,29.713595151901245,29.138435076000007,28.439160673000003,129,125,333,1123,711,1011,724,632.0,,
dp_w80,mcp4-n070-r12-05,63.634279867515744,2196.000140000001,2196.000140000001,0.0,3.188788792,60.44549107551575,57.04111421200001,55.49837941299999,223,215,3469,1122,699,1010,804,891.0,,
dp_w80,mcp4-n070-r12-06,19.01258013698352,2249.0001,2249.0001,0.0,2.151098232,16.86148190498352,16.586110112999993,16.145248536000004,72,66,101,1146,748,1034,697,432.0,,
dp_w80,mcp4-n070-r12-07,51.03633028135999,2338.5002000000004,2338.5002000000004,0.0,2.675757228,48.360573053359985,47.106884326999996,45.90828938199999,196,185,829,1165,738,1053,810,1104.0,,
dp_w80,mcp4-n070-r12-08,29.098016707971556,2860.333466666667,2860.333466666667,0.0,2.138983934,26.959032773971558,26.341019851000002,25.567959704000003,113,107,339,1118,693,1006,685,707.0,,
dp_w80,mcp4-n070-r12-09,42.23976345039575,2674.000100000001,2674.000100000001,0.0,1.976312351,40.26345109939575,38.896882333000015,38.007748169,127,118,1044,1130,711,1018,723,500.0,,
dp_w80,mcp4-n070-r12-10,23.8801872387605,2880.000200000001,2880.000200000001,0.0,1.895530428,21.984656810760498,21.595822624000007,21.003099651,94,89,147,1161,709,1049,685,482.0,,
dp_w80,mcp4-n070-r14-01,33.22878241784265,2391.666799999999,2391.666799999999,0.0,2.326489451,30.90229296684265,27.523953056999986,26.100993255000013,153,143,3451,1171,703,1059,749,732.0,,
dp_w80,mcp4-n070-r14-02,33.132745899298826,1915.5001500000005,1915.5001500000003,0.0,2.078893818,31.053852081298828,30.240567056999986,28.59188019799999,156,146,632,1105,686,993,735,662.0,,
dp_w80,mcp4-n070-r14-03,38.98067684815064,2035.5715714285711,2035.5715714285711,0.0,1.642455775,37.338221073150635,33.921783678999994,32.302312081,171,166,2726,1154,667,1042,731,719.0,,
dp_w80,mcp4-n070-r14-04,17.286698819586668,2220.000150000002,2220.000150000002,0.0,1.286314012,16.00038480758667,15.673922229999995,14.891303268999998,86,79,139,1143,669,1031,639,427.0,,
dp_w80,mcp4-n070-r14-05,17.60575194471802,1797.5001499999998,1797.5001499999998,0.0,2.46705289,15.138699054718018,14.732562928000005,14.000872132999998,78,72,239,1109,685,997,655,505.0,,
dp_w80,mcp4-n070-r14-06,30.31041765569336,2060.000200000003,2060.000200000003,0.0,2.53194857,27.77846908569336,26.820366326,25.592955685,147,139,644,1117,679,1005,713,557.0,,
dp_w80,mcp4-n070-r14-07,8.576122362262208,2126.0001000000007,2126.0001000000007,0.0,1.724402506,6.851719856262207,6.623782666000001,6.322013749000001,35,32,24,1123,672,1011,597,335.0,,
dp_w80,mcp4-n070-r14-08,23.486424417261475,1959.0001000000007,1959.0001000000007,0.0,2.020114393,21.466310024261475,20.863925344000005,19.982759944999998,101,97,537,1126,693,1014,689,563.0,,
dp_w80,mcp4-n070-r14-09,36.642839071906494,1995.0001000000002,1995.0001000000002,0.0,1.837061999,34.805777072906494,33.806409824,32.376478761999984,173,160,556,1124,678,1012,741,675.0,,
dp_w80,mcp4-n070-r14-10,25.100444375303102,2080.0000999999993,2080.0000999999993,0.0,2.329618274,22.7708261013031,22.346264371000004,21.455952003999993,112,103,271,1080,652,968,655,805.0,,
dp_w80,mcp4-n070-r16-01,18.418944238665283,2000.0001000000002,2000.0001000000002,0.0,1.279753088,17.139191150665283,16.675894678000002,15.928889501999999,105,98,356,1112,685,1000,683,633.0,,
dp_w80,mcp4-n070-r16-02,12.404694611317627,1713.0001,1713.0001,0.0,1.124672467,11.280022144317627,10.921864503999998,10.437972083,79,73,230,1112,661,1000,639,716.0,,
dp_w80,mcp4-n070-r16-03,22.210438624176636,1780.0001333333337,1780.0001333333337,0.0,1.615949765,20.594488859176636,19.601722618999997,18.885922466,108,103,1109,1091,651,979,661,484.0,,
dp_w80,mcp4-n070-r16-04,7.48572441469043,2174.0001499999994,2174.0001499999994,0.0,1.446160282,6.03956413269043,5.799331798000001,5.428741021,52,48,39,1124,637,1012,585,354.0,,
dp_w80,mcp4-n070-r16-05,20.939833761388915,1872.0001000000007,1872.0001000000007,0.0,1.457134844,19.482698917388916,17.314269303000003,16.697367031000006,98,93,2150,1099,637,987,637,552.0,,
dp_w80,mcp4-n070-r16-06,32.8695457096322,1821.2501249999993,1821.2501249999993,0.0,1.522797596,31.346748113632202,29.89309880399999,28.720379349999998,157,148,1306,1102,659,990,714,597.0,,
dp_w80,mcp4-n070-r16-07,14.095853188796875,1802.5001499999996,1802.5001499999996,0.0,2.258237222,11.837615966796875,11.035157386999996,10.516906452000008,67,65,813,1100,646,988,608,507.0,,
dp_w80,mcp4-n070-r16-08,21.27129939928601,1836.000100000001,1836.000100000001,0.0,1.651572503,19.61972689628601,19.203966878999996,18.325909162000002,125,116,151,1123,662,1011,683,664.0,,
dp_w80,mcp4-n070-r16-09,22.22907236797534,1988.0001,1988.0001,0.0,1.698677337,20.530395030975342,19.92569755,19.231473485999995,117,112,470,1080,658,968,673,484.0,,
dp_w80,mcp4-n070-r16-10,23.208669992744017,1810.0001666666676,1810.0001666666676,0.0,1.356671902,21.85199809074402,20.013681553000005,19.11739094,140,136,1684,1114,677,1002,719,751.0,,
dp_w80,mcp4-n080-r08-01,316.66798485702395,4810.8334833333265,4810.8816789473685,1.0018142221921488e-5,6.52519597,310.1427888870239,300.43839175299996,295.23251495799997,413,401,6103,1354,881,1226,1132,983.0,,
dp_w80,mcp4-n080-r08-02,209.5192486418933,5122.000299999999,5122.000299999998,0.0,5.994598545,203.5246500968933,202.36718906599995,199.66786489399993,246,238,543,1368,870,1240,953,1032.0,,
dp_w80,mcp4-n080-r08-03,257.4838330762488,6000.000100000001,6000.000100000001,0.0,6.086632015,251.39720106124878,246.98052391399995,244.463739768,235,228,3315,1365,862,1237,935,651.0,,
dp_w80,mcp4-n080-r08-04,138.32443597758325,5927.111266666668,5927.111266666668,0.0,5.382396011,132.94203996658325,132.21034701000002,130.93679676799997,146,141,349,1353,856,1225,836,577.0,,
dp_w80,mcp4-n080-r08-05,251.83369864580786,5400.000100000001,5400.000100000001,0.0,6.847747699,244.98595094680786,243.38203727699997,241.12346085699997,226,216,702,1361,843,1233,902,650.0,,
dp_w80,mcp4-n080-r08-06,218.8323263673656,4848.000200000002,4848.000200000002,0.0,6.464210227,212.3681161403656,192.04267554400008,188.68849563399996,311,308,16256,1359,843,1231,996,763.0,,
dp_w80,mcp4-n080-r08-07,234.75368985172705,4926.000150000002,4926.000150000002,0.0,6.109649744,228.64404010772705,223.76431151299994,221.49650439900003,225,217,3178,1372,863,1244,920,800.0,,
dp_w80,mcp4-n080-r08-08,194.2305978495238,5168.000100000003,5168.000100000003,0.0,6.660832997,187.5697648525238,184.41458198500007,182.333334496,209,204,1214,1368,869,1240,914,866.0,,
dp_w80,mcp4-n080-r08-09,305.0252325895603,5038.500149999996,5038.500149999996,0.0,7.319523609,297.7057089805603,292.2417716350002,288.5095292860002,322,314,2165,1382,845,1254,996,810.0,,
dp_w80,mcp4-n080-r08-10,293.5046566797401,4610.0001,4610.0001,0.0,7.397630818,286.1070258617401,271.44331820200006,267.61358692300024,349,342,12030,1368,845,1240,1029,1034.0,,
dp_w80,mcp4-n080-r10-01,44.09759000251465,3691.0001500000003,3691.0001500000003,0.0,4.984119925,39.11347007751465,38.45625865899999,37.44265097699999,73,70,452,1336,789,1208,711,429.0,,
dp_w80,mcp4-n080-r10-02,72.12661292341967,3995.2501500000026,3995.2501500000026,0.0,5.032872937,67.09373998641968,66.53501277099998,65.28293791599998,107,101,335,1341,788,1213,745,474.0,,
dp_w80,mcp4-n080-r10-03,133.41791728429834,4124.000100000001,4124.0001,0.0,4.781161341,128.63675594329834,119.83360502899997,116.38315305599997,254,246,6688,1337,811,1209,924,726.0,,
dp_w80,mcp4-n080-r10-04,91.99203277285083,4292.000199999999,4292.000199999999,0.0,3.801621682,88.19041109085083,87.52363176900005,85.74935993500003,151,142,238,1352,814,1224,816,691.0,,
dp_w80,mcp4-n080-r10-05,121.24724678075147,3823.0001999999986,3823.0001999999986,0.0,5.000352898,116.24689388275146,111.71989521,108.99633143499999,216,211,2913,1327,788,1199,864,743.0,,
dp_w80,mcp4-n080-r10-06,29.797828306769652,4038.0001,4038.0001,0.0,4.663517346,25.134310960769653,24.775563744,24.199127021999992,49,46,78,1323,809,1195,712,553.0,,
dp_w80,mcp4-n080-r10-07,26.8125244005708,3943.000100000002,3943.000100000002,0.0,4.107998453,22.7045259475708,22.340822664999994,21.707611339999996,56,53,87,1332,812,1204,716,474.0,,
dp_w80,mcp4-n080-r10-08,83.8592032024685,4339.0001,4339.0001,0.0,4.380068166,79.4791350364685,78.73917464099999,76.77912771799997,158,151,383,1332,796,1204,803,667.0,,
dp_w80,mcp4-n080-r10-09,81.49612638092505,3860.0001000000007,3860.0001000000007,0.0,5.264524189,76.23160219192505,75.642920637,73.94352263800006,140,135,226,1343,806,1215,800,988.0,,
dp_w80,mcp4-n080-r10-10,138.1343922256532,4385.500150000003,4385.500150000003,0.0,4.399385178,133.7350070476532,122.46960243599999,119.92635085499998,216,210,9980,1346,801,1218,873,710.0,,
dp_w80,mcp4-n080-r12-01,77.79217701957604,3733.0000999999993,3733.0000999999993,0.0,2.651719151,75.14045786857605,72.577911342,70.40727391800002,162,158,1249,1346,788,1218,819,851.0,,
dp_w80,mcp4-n080-r12-02,121.73407000899084,3525.5001500000026,3525.5001500000026,0.0,3.444271034,118.28979897499084,112.12845562100001,108.90937261100008,263,254,5085,1316,777,1188,906,763.0,,
dp_w80,mcp4-n080-r12-03,69.56445940072021,3056.0001,3056.0001,0.0,3.88671835,65.67774105072021,65.06220353600001,62.96186031500004,192,183,311,1264,742,1136,798,735.0,,
dp_w80,mcp4-n080-r12-04,84.31845618348218,3247.0002000000004,3247.0002000000004,0.0,3.223129283,81.09532690048218,75.184968973,72.53931503400001,195,188,5158,1325,763,1197,828,822.0,,
dp_w80,mcp4-n080-r12-05,116.53884896749415,3280.000099999999,3280.000099999999,0.0,3.884822936,112.65402603149414,109.88295480800006,106.25797541700005,275,267,1503,1314,769,1186,912,1054.0,,
dp_w80,mcp4-n080-r12-06,55.32615906102014,3081.333466666666,3081.333466666666,0.0,3.389498056,51.93666100502014,48.033146150000015,46.300845310999996,149,146,2992,1343,764,1215,785,760.0,,
dp_w80,mcp4-n080-r12-07,89.34674751285388,2996.0002000000013,2996.0002000000013,0.0,3.978196497,85.36855101585388,82.98221591299995,80.457017559,220,211,1110,1340,774,1212,858,998.0,,
dp_w80,mcp4-n080-r12-08,82.38191831985547,2750.000100000003,2750.000100000003,0.0,4.830656418,77.55126190185547,75.55244769300005,73.01563556400004,197,191,957,1317,769,1189,838,715.0,,
dp_w80,mcp4-n080-r12-09,33.3961778324364,3034.000100000001,3034.000100000001,0.0,3.129199807,30.2669780254364,29.784765679000003,28.741849110999986,90,86,149,1324,765,1196,723,478.0,,
dp_w80,mcp4-n080-r12-10,88.48570138385925,3249.0001,3249.0001,0.0,3.757608475,84.72809290885925,82.94218769800005,80.68194841199995,179,171,1216,1287,747,1159,794,692.0,,
dp_w80,mcp4-n080-r14-01,38.688181566115354,2692.000100000002,2692.0001000000025,0.0,2.902148651,35.786032915115356,35.247230449,34.08064015200002,109,105,311,1280,736,1152,721,584.0,,
dp_w80,mcp4-n080-r14-02,33.142228737844846,2471.0001999999995,2471.0001999999995,0.0,2.96456565,30.17766308784485,29.688564901999996,28.76183127200001,96,91,277,1326,728,1198,706,682.0,,
dp_w80,mcp4-n080-r14-03,56.04597839236621,2417.500149999999,2417.500149999999,0.0,2.559812392,53.48616600036621,51.02354837200002,49.348506005999994,163,157,2086,1298,705,1170,754,754.0,,
dp_w80,mcp4-n080-r14-04,47.364853634959715,2289.0001000000007,2289.0001000000007,0.0,2.706925645,44.65792798995972,43.62619300899998,42.29763299100002,149,142,620,1314,753,1186,774,615.0,,
dp_w80,mcp4-n080-r14-05,46.993249465497435,2817.0000999999997,2817.0000999999997,0.0,2.325582315,44.66766715049744,43.834266822,42.350488825999996,148,142,472,1333,742,1205,765,504.0,,
dp_w80,mcp4-n080-r14-06,83.90598756936316,2750.5001499999994,2750.50015,0.0,2.394836494,81.51115107536316,77.25130617400002,74.92673611299999,244,234,4270,1314,699,1186,824,658.0,,
dp_w80,mcp4-n080-r14-07,73.17367649116456,2926.0001,2926.0001,0.0,2.260715485,70.91296100616455,66.401430217,64.14372186199999,247,239,3007,1345,719,1217,844,746.0,,
dp_w80,mcp4-n080-r14-08,55.24256637710559,2455.500149999998,2455.500149999998,0.0,2.566034347,52.67653203010559,51.69606553000001,50.098138823,174,168,767,1314,709,1186,766,654.0,,
dp_w80,mcp4-n080-r14-09,35.56917044697168,2462.5001500000017,2462.5001500000017,0.0,2.778324576,32.79084587097168,31.959651583999985,31.010094623000015,117,113,415,1275,750,1147,750,677.0,,
dp_w80,mcp4-n080-r14-10,36.84632688880298,2858.000133333333,2858.000133333333,0.0,1.695399822,35.15092706680298,34.689425869000004,33.630834865,132,124,248,1255,704,1127,709,631.0,,
dp_w80,mcp4-n080-r16-01,36.01036325869397,2328.000100000002,2328.000100000002,0.0,2.035719313,33.97464394569397,33.15582662299999,32.127306104000006,125,120,754,1265,705,1137,716,608.0,,
dp_w80,mcp4-n080-r16-02,42.31258581210852,2142.5001500000008,2142.5001500000008,0.0,2.287773829,40.02481198310852,38.510642575999995,37.292259079000026,140,133,1122,1278,696,1150,719,530.0,,
dp_w80,mcp4-n080-r16-03,32.363241796502074,1936.5001499999994,1936.5001499999994,0.0,1.990973835,30.372267961502075,29.719818772,28.58603672300001,133,127,423,1272,712,1144,729,522.0,,
dp_w80,mcp4-n080-r16-04,85.0496664187627,2156.750150000001,2156.750150000001,0.0,1.629483237,83.4201831817627,76.80136693800003,73.40824419399996,353,340,3840,1320,695,1192,936,1012.0,,
dp_w80,mcp4-n080-r16-05,17.98027107916272,2229.000100000002,2229.000100000002,0.0,2.644115903,15.33615517616272,14.901818376999994,14.458600945,55,51,128,1298,691,1170,623,400.0,,
dp_w80,mcp4-n080-r16-06,16.22404886172571,2299.0001,2299.0001,0.0,2.122530946,14.101517915725708,13.777154116,13.241169969000005,60,58,57,1254,713,1126,658,472.0,,
dp_w80,mcp4-n080-r16-07,55.014246999985474,2319.6668333333328,2319.6890977770527,9.598121333619005e-6,2.337896168,52.676350831985474,48.87107132399999,47.321066723000015,183,176,3647,1234,687,1106,758,747.0,,
dp_w80,mcp4-n080-r16-08,15.371935368851684,1812.0001000000002,1812.0001000000002,0.0,2.278754474,13.093180894851685,12.695725248000002,12.321957656999999,57,52,90,1300,704,1172,640,454.0,,
dp_w80,mcp4-n080-r16-09,49.932903383318234,1992.0001000000002,1992.0001000000002,0.0,2.517253254,47.41565012931824,46.30974116999998,44.64754366100001,197,187,538,1279,697,1151,778,588.0,,
dp_w80,mcp4-n080-r16-10,44.25755149627771,1627.0001000000002,1627.0001000000002,0.0,2.380802696,41.87674880027771,40.425560419,38.596214894000035,191,180,946,1305,716,1177,791,743.0,,
dp_w80,mcp4-n090-r08-01,523.0265791872848,6051.333466666665,6051.333466666665,0.0,9.037483261,513.9890959262848,404.0236228759996,401.0006440550001,363,358,86916,1284,896,1140,1069,1005.0,,
dp_w80,mcp4-n090-r08-02,483.2835880030437,6350.000100000002,6350.000100000002,0.0,7.615593027,475.6679949760437,472.8236027789997,469.40686406899994,404,392,1231,1265,886,1121,1091,827.0,,
dp_w80,mcp4-n090-r08-03,651.7489843858082,6544.400120000002,6545.000200000001,9.169366007518076e-5,8.488297273,643.2606871128082,560.9178540950005,556.3922346039997,531,526,65522,1275,873,1131,1228,1536.0,,
dp_w80,mcp4-n090-r08-04,461.7880891725001,5604.000200000002,5604.000200000002,0.0,9.355690138,452.4323990345001,447.73425499900014,445.208580899,306,298,2412,1266,886,1122,1000,611.0,,
dp_w80,mcp4-n090-r08-05,984.1963012472427,5733.500150000001,5733.500150000001,0.0,9.848739411,974.3475618362427,970.1912440450005,966.1033592439998,486,478,2219,1277,874,1133,1180,951.0,,
dp_w80,mcp4-n090-r08-06,421.10731945929405,6854.833483333332,6854.833483333332,0.0,9.560584411,411.54673504829407,408.6374541940001,406.3291842799998,275,270,1245,1275,872,1131,958,769.0,,
dp_w80,mcp4-n090-r08-07,477.02150798807327,6628.5001500000035,6628.5001500000035,0.0,8.234431038,468.78707695007324,466.388104757,464.44442269700016,254,249,1031,1270,865,1126,934,860.0,,
dp_w80,mcp4-n090-r08-08,1060.0087355648761,5870.000149999996,5870.000149999996,0.0,9.680106548,1050.3286290168762,1027.428761298,1021.8451969989998,716,705,17812,1267,858,1123,1394,1763.0,,
dp_w80,mcp4-n090-r08-09,703.4225352299121,5690.50015,5691.059742271326,9.833797672888862e-5,8.548668195,694.8738670349121,663.4917551590001,660.2159040839999,414,404,25555,1246,879,1102,1109,980.0,,
dp_w80,mcp4-n090-r08-10,349.398456313037,6615.000100000001,6615.000100000001,0.0,9.411822297,339.986634016037,337.8718979560001,336.4398482049999,195,191,670,1277,881,1133,886,718.0,,
dp_w80,mcp4-n090-r10-01,589.6289630381211,5127.500150000002,5127.500150000002,0.0,7.753573939,581.8753890991211,576.282094178,571.4270506590002,455,445,4270,1245,826,1101,1118,1109.0,,
dp_w80,mcp4-n090-r10-02,410.5422915260631,4945.0002,4945.0002,0.0,6.762498502,403.7797930240631,394.47939523900004,389.98721953800003,401,394,8022,1219,826,1075,1060,930.0,,
dp_w80,mcp4-n090-r10-03,254.7540883746836,4279.0001,4279.0001,0.0,8.089026424,246.6650619506836,244.4811045080001,242.0312199569999,226,219,1331,1253,827,1109,887,707.0,,
dp_w80,mcp4-n090-r10-04,378.0867082502765,4416.0001,4416.0001,0.0,7.307387295,370.7793209552765,369.365794981,365.6360951139999,334,324,677,1261,814,1117,977,935.0,,
dp_w80,mcp4-n090-r10-05,454.7025468112451,4297.000099999999,4297.000099999999,0.0,8.20114491,446.5014019012451,440.37138422099974,436.0277326829998,371,364,4346,1225,786,1081,995,726.0,,
dp_w80,mcp4-n090-r10-06,492.5375128831659,4412.000200000002,4412.000200000002,0.0,7.695310935,484.8422019481659,476.864864457,473.3456887240003,339,332,6773,1235,822,1091,995,782.0,,
dp_w80,mcp4-n090-r10-07,194.30740685056153,4309.000099999998,4309.000099999998,0.0,6.9710669,187.33633995056152,184.70774255699996,182.35564632599988,221,213,879,1267,816,1123,866,738.0,,
dp_w80,mcp4-n090-r10-08,220.52870423892432,4828.000133333333,4828.3334333333305,6.903479511037033e-5,5.705949379,214.82275485992432,213.66888134600006,210.998145514,254,245,535,1271,835,1127,927,722.0,,
dp_w80,mcp4-n090-r10-09,320.58445272533413,5061.000099999994,5061.000099999994,0.0,6.730365611,313.8540871143341,312.5413757100001,309.2854113210003,320,310,518,1253,807,1109,959,783.0,,
dp_w80,mcp4-n090-r10-10,543.4813009503713,4562.400140000002,4562.400140000002,0.0,7.185938001,536.2953629493713,524.5327280490002,519.4200318920002,441,427,8496,1271,830,1127,1103,1132.0,,
dp_w80,mcp4-n090-r12-01,235.5071555693362,3706.400139999996,3706.400139999996,0.0,5.428261431,230.07889413833618,225.19506619900002,222.16884695300013,337,325,2898,1207,776,1063,962,1320.0,,
dp_w80,mcp4-n090-r12-02,152.7634109709928,3871.0001500000008,3871.0001500000008,0.0,5.174368069,147.5890429019928,145.82523928199998,144.43491886400002,195,191,1030,1225,773,1081,823,771.0,,
dp_w80,mcp4-n090-r12-03,370.950528051817,3755.0000999999984,3755.0000999999984,0.0,5.799297955,365.151230096817,360.4069723010001,356.91168272300024,494,481,2296,1227,769,1083,1118,1556.0,,
dp_w80,mcp4-n090-r12-04,198.30141760175013,3608.0001499999994,3608.0001499999994,0.0,5.934936536,192.36648106575012,176.3212078399999,173.54681240499997,343,337,12976,1249,777,1105,978,857.0,,
dp_w80,mcp4-n090-r12-05,159.80298318198632,3550.0001,3550.0001,0.0,5.606675046,154.19630813598633,151.41189990700008,149.64763933199998,211,202,2302,1253,782,1109,843,622.0,,
dp_w80,mcp4-n090-r12-06,185.29617578881908,3339.0002000000004,3339.0002000000004,0.0,5.484591793,179.8115839958191,178.71417396400005,175.79707758800006,265,255,604,1252,783,1108,898,721.0,,
dp_w80,mcp4-n090-r12-07,234.8285996445791,3782.500149999999,3782.500149999999,0.0,4.662345601,230.1662540435791,223.5758431350001,221.09253223800008,347,336,4619,1228,783,1084,972,950.0,,
dp_w80,mcp4-n090-r12-08,219.82645918010107,3672.0001,3672.0001,0.0,6.593027364,213.23343181610107,206.99621236299984,204.17241216499994,335,324,5248,1224,767,1080,952,763.0,,
dp_w80,mcp4-n090-r12-09,125.38873608217443,4184.000099999997,4184.000099999997,0.0,3.927039219,121.46169686317444,120.74996589200003,118.763276416,213,208,288,1260,783,1116,848,670.0,,
dp_w80,mcp4-n090-r12-10,136.2275386248092,3350.3334666666674,3350.3334666666674,0.0,5.921721736,130.3058168888092,125.390834604,123.71605363400002,200,196,3530,1251,774,1107,827,500.0,,
dp_w80,mcp4-n090-r14-01,113.09674357608911,3413.0001000000007,3413.2858142857162,8.37135298400914e-5,3.527479641,109.56926393508911,108.60130390300009,106.554324672,227,219,480,1252,755,1108,838,522.0,,
dp_w80,mcp4-n090-r14-02,134.1334652192755,3182.000149999999,3182.000149999999,0.0,4.09068029,130.0427849292755,124.95188157299997,123.39660187400003,208,201,4105,1241,719,1097,783,520.0,,
dp_w80,mcp4-n090-r14-03,44.81775188416528,3149.0002000000018,3149.0002000000018,0.0,4.519381046,40.29837083816528,39.84901493900001,39.386522482999986,67,64,113,1202,738,1058,662,337.0,,
dp_w80,mcp4-n090-r14-04,112.60609700778735,3646.0001,3646.0001,0.0,3.687011982,108.91908502578735,107.93429521799997,105.891451642,224,214,491,1224,740,1080,822,603.0,,
dp_w80,mcp4-n090-r14-05,38.07968301145947,3044.0000999999993,3044.0000999999993,0.0,4.467217153,33.61246585845947,33.181827375000005,32.69777341100001,73,70,159,1213,751,1069,679,344.0,,
dp_w80,mcp4-n090-r14-06,131.50726970307875,3399.333466666665,3399.397953903347,1.8970553290622997e-5,4.155790888,127.35147881507874,115.06081517599998,113.41157919200003,225,219,11272,1217,761,1073,848,578.0,,
dp_w80,mcp4-n090-r14-07,125.6156670215083,2659.6668333333337,2659.6668333333337,0.0,3.973274863,121.6423921585083,119.23126086800004,116.88514601299995,257,248,1857,1239,743,1095,857,587.0,,
dp_w80,mcp4-n090-r14-08,189.722708541395,2623.500133333335,2623.500133333335,0.0,4.928651649,184.79405689239502,180.600472745,177.683753998,358,343,2955,1206,738,1062,958,1137.0,,
dp_w80,mcp4-n090-r14-09,142.0930136399408,2984.0002000000004,2984.0002000000004,0.0,4.694240685,137.3987729549408,133.21946400899998,131.49172277800002,267,260,2568,1209,742,1065,869,732.0,,
dp_w80,mcp4-n090-r14-10,71.27353964523377,2664.000100000001,2664.000100000001,0.0,4.22255264,67.05098700523376,66.032660875,64.46547575600002,177,170,747,1213,743,1069,774,530.0,,
dp_w80,mcp4-n090-r16-01,68.32552763158581,2082.333466666666,2082.333466666666,0.0,4.257209503,64.06831812858582,62.88394750999997,61.14385432700003,167,161,860,1206,741,1062,777,823.0,,
dp_w80,mcp4-n090-r16-02,105.69308375436303,2594.0001500000017,2594.0001500000017,0.0,3.888745776,101.80433797836304,99.05319253899994,95.93459545200008,314,305,1950,1224,726,1080,914,1142.0,,
dp_w80,mcp4-n090-r16-03,88.1470738275476,2573.3334666666665,2573.3334666666665,0.0,3.746801935,84.40027189254761,77.33206921099996,75.32365661199998,218,213,8025,1193,731,1049,825,681.0,,
dp_w80,mcp4-n090-r16-04,129.79013056832972,2174.0001400000037,2174.0001400000037,0.0,4.092252446,125.69787812232971,116.41169915799996,113.54733666000001,287,278,8413,1200,724,1056,879,745.0,,
dp_w80,mcp4-n090-r16-05,57.66919163874097,2710.00015,2710.00015,0.0,3.106661598,54.56253004074097,54.09680434400001,52.71010702600001,143,134,140,1198,709,1054,720,409.0,,
dp_w80,mcp4-n090-r16-06,55.410213759024046,2677.0001,2677.0001,0.0,4.02740865,51.38280510902405,50.65755244199998,49.28503625699999,143,137,512,1169,697,1025,709,359.0,,
dp_w80,mcp4-n090-r16-07,70.0962646290321,2343.00015,2343.00015,0.0,3.116529493,66.9797351360321,66.233503507,64.521642708,183,178,455,1179,727,1035,777,539.0,,
dp_w80,mcp4-n090-r16-08,43.47968278119787,2537.0001000000025,2537.0001000000025,0.0,2.786433794,40.693248987197876,40.28362990099999,39.24644100900001,114,110,107,1205,714,1061,692,415.0,,
dp_w80,mcp4-n090-r16-09,100.43378423378357,2431.0002000000004,2431.0002000000004,0.0,4.48645209,95.94733214378357,93.134892813,90.92310326900001,215,206,1974,1208,723,1064,815,487.0,,
dp_w80,mcp4-n090-r16-10,135.8504290279514,2754.0001,2754.0001,0.0,3.074151009,132.77627801895142,127.00926926399998,124.31314381699994,277,267,4535,1209,719,1065,855,662.0,,
dp_w80,mcp4-n100-r08-01,1476.406096017326,6727.000199999995,6727.0953380952415,1.414272222654484e-5,13.340127027,1463.065968990326,1450.3488477510018,1442.0102444559996,561,552,7205,1443,946,1283,1295,1359.0,,
dp_w80,mcp4-n100-r08-02,1333.4808709789263,7489.764852941167,7489.764852941167,0.0,11.446762817,1322.0341081619263,1315.1455915670006,1309.5741790769996,408,399,3500,1447,954,1287,1156,1034.0,,
dp_w80,mcp4-n100-r08-03,747.4566908834031,7652.500150000011,7652.500150000011,0.0,12.563750839,734.8929400444031,730.579042081,726.156561409,302,298,1716,1451,932,1291,1032,747.0,,
dp_w80,mcp4-n100-r08-04,869.001504826119,6973.666799999995,6974.115013686991,6.42723118052596e-5,12.071625876,856.929878950119,829.927143747,822.6963937219998,486,476,18951,1434,952,1274,1233,998.0,,
dp_w80,mcp4-n100-r08-05,461.9235287726599,7837.000100000003,7837.000100000003,0.0,11.163410765,450.7601180076599,449.6693259309998,446.5947664470001,214,205,504,1452,934,1292,934,736.0,,
dp_w80,mcp4-n100-r08-06,2304.4996625235785,6773.4001399999925,6773.4001399999925,0.0,14.89286459,2289.6067979335785,2277.6145481640006,2270.1904267079994,513,503,6520,1452,923,1292,1221,1207.0,,
dp_w80,mcp4-n100-r08-07,1642.4393060918112,7155.000149999994,7155.570550395622,7.972052881480167e-5,15.441667151,1626.9976389408112,1339.9228436860008,1331.285024033001,576,572,209382,1461,950,1301,1324,1234.0,,
dp_w80,mcp4-n100-r08-08,1290.735974495185,7455.000166666658,7455.420963505623,5.644491342160407e-5,13.615522568,1277.120451927185,1265.1256260809982,1257.4788070449986,521,511,6791,1440,956,1280,1267,1120.0,,
dp_w80,mcp4-n100-r08-09,877.3899215145909,8006.000100000002,8006.000100000002,0.0,12.358109562,865.0318119525909,845.7492931100002,840.3764868180001,363,358,12404,1429,926,1269,1091,1252.0,,
dp_w80,mcp4-n100-r08-10,278.13845798781813,7545.0001,7545.000100000001,0.0,12.014581893,266.1238760948181,265.259497388,263.6173603149999,114,109,363,1440,955,1280,860,492.0,,
dp_w80,mcp4-n100-r10-01,681.7867529380306,5748.000100000003,5748.000100000003,0.0,10.036821841,671.7499310970306,670.0228377010005,666.6320547529999,371,366,768,1388,857,1228,1048,1235.0,,
dp_w80,mcp4-n100-r10-02,713.2373946733177,5565.500150000002,5565.500150000002,0.0,9.586278779,703.6511158943176,633.6536081569997,630.0836362759994,386,381,58598,1396,854,1236,1054,795.0,,
dp_w80,mcp4-n100-r10-03,379.3097257078877,5742.000199999996,5742.000199999996,0.0,9.435196823,369.8745288848877,368.56416404,366.6557792680001,203,196,545,1443,887,1283,902,741.0,,
dp_w80,mcp4-n100-r10-04,530.3360450644764,5337.0001,5337.0001,0.0,9.49977807,520.8362669944763,513.5279848699995,509.2770206590003,427,421,4916,1432,875,1272,1123,1006.0,,
dp_w80,mcp4-n100-r10-05,847.6795843970665,5641.600120000003,5641.600120000003,0.0,9.292618407,838.3869659900665,723.81589362,717.5533377199997,628,623,71164,1436,897,1276,1343,1808.0,,
dp_w80,mcp4-n100-r10-06,637.312986765412,4740.285857142861,4740.700150000001,8.739828559405386e-5,9.85394064,627.459046125412,617.018377079,612.648203664,422,415,5955,1441,880,1281,1127,1379.0,,
dp_w80,mcp4-n100-r10-07,814.9492440117295,4962.0000999999875,4962.021303486424,4.2731733190023085e-6,9.981441964,804.9678020477295,794.8680381110005,790.66427852,400,389,5233,1431,885,1271,1097,1180.0,,
dp_w80,mcp4-n100-r10-08,853.3849066640768,5207.200239999999,5207.200239999999,0.0,11.768218651,841.6166880130768,835.0191170840002,831.3848535739996,372,366,5017,1454,873,1294,1067,877.0,,
dp_w80,mcp4-n100-r10-09,926.9740326377362,5493.0002,5493.0002,0.0,10.84049463,916.1335380077362,903.2496353399994,898.4665203560003,435,422,10723,1431,869,1271,1124,955.0,,
dp_w80,mcp4-n100-r10-10,396.7052045107771,5179.000099999997,5179.000099999997,0.0,9.234591508,387.4706130027771,386.10290804500005,383.3248965980002,300,293,601,1447,904,1287,1027,706.0,,
dp_w80,mcp4-n100-r12-01,552.4718435148219,4715.000099999999,4715.000099999999,0.0,7.094964538,545.3768789768219,539.0383724109997,534.0149398500002,511,501,4084,1428,841,1268,1197,1267.0,,
dp_w80,mcp4-n100-r12-02,203.48635352950794,4416.750150000002,4416.750150000002,0.0,9.179244412,194.30710911750793,193.20870309499995,191.3504253639999,200,194,473,1430,841,1270,870,641.0,,
dp_w80,mcp4-n100-r12-03,482.7986887747799,4371.000100000001,4371.000100000001,0.0,7.387780791,475.4109079837799,472.2813822879999,467.8918437320003,463,457,1603,1430,824,1270,1123,912.0,,
dp_w80,mcp4-n100-r12-04,734.229816315196,4026.000100000002,4026.25015,6.210879130326581e-5,9.306732533,724.923083782196,688.9768175149998,683.466933687,525,517,26625,1429,835,1269,1206,1055.0,,
dp_w80,mcp4-n100-r12-05,265.73946303394456,4321.000100000003,4321.000100000003,0.0,7.976359072,257.7631039619446,255.09988149499998,252.12315211200013,316,306,1078,1424,838,1264,984,732.0,,
dp_w80,mcp4-n100-r12-06,227.25613214902418,4808.000099999996,4808.000099999996,0.0,7.904795193,219.35133695602417,218.10086160699996,215.56434779599996,257,249,496,1397,820,1237,918,628.0,,
dp_w80,mcp4-n100-r12-07,451.8383576608323,4274.000200000001,4274.000200000001,0.0,7.495646689,444.3427109718323,441.0216798029996,436.06263176600015,415,404,1201,1444,868,1284,1124,1119.0,,
dp_w80,mcp4-n100-r12-08,331.2972190429736,4097.000133333322,4097.000133333322,0.0,7.968847995,323.32837104797363,321.60330501899983,318.2720706099999,280,272,711,1392,835,1232,948,755.0,,
dp_w80,mcp4-n100-r12-09,131.20505384164002,4716.000100000001,4716.000100000001,0.0,9.44258002,121.76247382164001,121.13781174300003,119.993105139,134,129,178,1406,832,1246,797,545.0,,
dp_w80,mcp4-n100-r12-10,34.004000566431394,3990.0001,3990.0001,0.0,7.390187643,26.613812923431396,26.215059103999998,25.875137168,37,35,125,1440,842,1280,706,283.0,,
dp_w80,mcp4-n100-r14-01,184.95958619925,3127.0001,3127.0001,0.0,8.338004168,176.62158203125,173.76329026200006,171.43032080499998,258,248,1682,1403,815,1243,915,639.0,,
dp_w80,mcp4-n100-r14-02,235.63114689185767,3279.0001,3279.0001,0.0,7.255686744,228.37546014785767,226.86336029199995,224.37124187699987,237,229,823,1404,819,1244,898,811.0,,
dp_w80,mcp4-n100-r14-03,153.35483201785206,3916.0000999999975,3916.0000999999975,0.0,6.406836832,146.94799518585205,143.79483369100004,140.74764946899998,296,292,1788,1379,782,1219,929,679.0,,
dp_w80,mcp4-n100-r14-04,102.88313859435462,3715.0001,3715.0001,0.0,4.741482434,98.14165616035461,97.68641976799996,96.62052045900003,116,110,225,1393,779,1233,733,444.0,,
dp_w80,mcp4-n100-r14-05,89.32515833427368,3551.0000999999997,3551.0000999999997,0.0,5.062304235,84.26285409927368,83.76277368500001,82.84279040499999,109,104,143,1411,817,1251,771,525.0,,
dp_w80,mcp4-n100-r14-06,347.24531557188516,3210.000150000002,3210.000150000002,0.0,8.258783599,338.98653197288513,332.89570558499986,328.994220295,414,403,3351,1373,788,1213,1051,1033.0,,
dp_w80,mcp4-n100-r14-07,296.7379956823261,3198.000199999997,3198.000199999997,0.0,6.40466672,290.33332896232605,288.5408558920001,284.62363546699993,404,392,679,1410,808,1250,1064,2045.0,,
dp_w80,mcp4-n100-r14-08,139.54041615534925,3560.0001000000034,3560.0001000000034,0.0,5.309083138,134.23133301734924,133.40909202299997,131.64723912699998,163,155,580,1395,775,1235,786,396.0,,
dp_w80,mcp4-n100-r14-09,259.3662757860215,3627.750162500003,3628.0001000000007,6.88960068367128e-5,5.531623839,253.83465194702148,235.309612036,231.84744485300013,383,376,15247,1407,814,1247,1042,1096.0,,
dp_w80,mcp4-n100-r14-10,289.62909799304015,3540.600140000004,3540.600140000004,0.0,6.835635955,282.79346203804016,279.85800546200005,275.8443241090001,381,373,1794,1397,804,1237,1039,820.0,,
dp_w80,mcp4-n100-r16-01,117.4884700633932,3241.000100000002,3241.000100000002,0.0,4.413797126,113.07467293739319,112.35528488900009,110.13406455700002,238,230,277,1397,763,1237,860,548.0,,
dp_w80,mcp4-n100-r16-02,163.79856713958947,2910.0001500000003,2910.0001500000003,0.0,4.947731101,158.85083603858948,158.168409785,155.72338228200007,261,252,262,1370,767,1210,884,526.0,,
dp_w80,mcp4-n100-r16-03,99.37635744934533,3159.0000999999997,3159.0000999999997,0.0,4.118512286,95.25784516334534,94.80966763099998,93.347668637,183,178,85,1382,753,1222,787,573.0,,
dp_w80,mcp4-n100-r16-04,109.4255124057622,3067.0001000000007,3067.0001000000007,0.0,5.643128487,103.7823839187622,103.30155460999997,102.12433854200002,130,124,114,1374,764,1214,748,494.0,,
dp_w80,mcp4-n100-r16-05,65.01830628746289,2811.0000999999984,2811.0000999999984,0.0,5.951011213,59.06729507446289,58.49516929800003,57.53165335599999,113,108,212,1380,776,1220,735,566.0,,
dp_w80,mcp4-n100-r16-06,109.00670009915467,2984.000100000001,2984.000100000001,0.0,5.269428075,103.73727202415466,102.88029815699998,101.40937728899999,199,195,557,1388,771,1228,825,523.0,,
dp_w80,mcp4-n100-r16-07,103.31191223341212,2678.0001,2678.0001,0.0,6.243709261,97.06820297241211,96.23576494900001,94.57097253200001,180,172,374,1359,774,1199,804,680.0,,
dp_w80,mcp4-n100-r16-08,240.13339546376733,3016.0002000000004,3016.2569098413705,8.511598950495385e-5,5.194158346,234.93923711776733,228.57280124699983,224.61841040500013,377,365,4943,1368,777,1208,1009,922.0,,
dp_w80,mcp4-n100-r16-09,211.11491119775621,2889.0001600000005,2889.0001600000005,0.0,5.718322157,205.39658904075623,181.72062271999994,177.4664083979999,437,435,19651,1375,771,1215,1072,832.0,,
dp_w80,mcp4-n100-r16-10,136.8446606680503,2992.0001000000025,2992.0001000000025,0.0,4.356414704,132.4882459640503,131.584399188,129.42205966299997,250,242,463,1406,791,1246,887,649.0,,
dp_w80,mcp4-n110-r08-01,2597.162112198737,7634.000199999999,7634.536063339309,7.019430511813564e-5,22.441774331,2574.720337867737,2571.681891211999,2566.4681069739995,419,412,1292,1343,950,1169,1141,965.0,,
dp_w80,mcp4-n110-r08-02,2404.6001176412906,7522.000100000001,7522.429161645457,5.704089866410351e-5,24.292931753,2380.3071858882904,2369.9437881369995,2365.264429639,375,364,6228,1365,956,1191,1101,874.0,,
dp_w80,mcp4-n110-r08-03,3002.263903533689,8261.000150000002,8261.500100000003,6.05193064911472e-5,22.221721565,2980.042181968689,2915.0801047820014,2905.7010028960003,794,787,44819,1353,919,1179,1495,1765.0,,
dp_w80,mcp4-n110-r08-04,3663.291257931147,7929.000200000005,10931.494291872194,0.37867247019014916,21.847101046,3641.444156885147,3610.444806128,3603.998817866999,547,538,19824,1346,943,1172,1266,1033.0,,
dp_w80,mcp4-n110-r08-05,2187.951030995265,7733.3335,7733.3335,0.0,24.236923005,2163.714107990265,2055.0568621480015,2049.522798478998,489,484,80500,1332,939,1158,1203,942.0,,
dp_w80,mcp4-n110-r08-06,3634.0051412531484,8346.66679999999,8724.625294411515,0.04528256649846444,25.582915301,3608.4222259521484,3533.008604186999,3528.432471136001,364,356,60708,1339,945,1165,1084,724.0,,
dp_w80,mcp4-n110-r08-07,3663.9552111596463,5104.857185714289,14464.09186612777,1.833397946294144,29.793925044,3634.1612861156464,3623.4280768980007,3616.475914374,559,551,5700,1356,952,1182,1284,1394.0,,
dp_w80,mcp4-n110-r08-08,1319.6260352442166,8720.333499999993,8720.333499999993,0.0,25.019116194,1294.6069190502167,1293.15743186,1290.5097373169997,218,214,766,1360,948,1186,939,677.0,,
dp_w80,mcp4-n110-r08-09,3913.319699993587,6777.666833333338,15158.58142765353,1.2365486236505308,26.073875895,3887.245824098587,3867.5750449890006,3860.2289877749977,603,594,11137,1363,952,1189,1330,1407.0,,
dp_w80,mcp4-n110-r08-10,3603.6342472809442,7713.000133333329,13391.62542406649,0.7362407873159243,25.04627011,3578.587977170944,3478.079859119,3469.6271919180012,691,685,64114,1374,949,1200,1423,1264.0,,
dp_w80,mcp4-n110-r10-01,1619.9141344919137,5975.000100000001,5975.000100000001,0.0,15.666150321,1604.2479841709137,1601.2598041239999,1597.1697166969984,483,470,1472,1321,882,1147,1163,911.0,,
dp_w80,mcp4-n110-r10-02,1264.3122641393709,5588.000100000009,5588.000100000009,0.0,16.256481106,1248.055783033371,1239.145976866,1233.7531743759994,582,571,2491,1352,893,1178,1271,1237.0,,
dp_w80,mcp4-n110-r10-03,2285.1647461595717,6293.200140000001,6293.7674419944415,9.014523323910058e-5,16.069169158,2269.0955770015717,2113.6921087660016,2107.5096323159996,665,654,116826,1334,892,1160,1367,1238.0,,
dp_w80,mcp4-n110-r10-04,2029.519094013625,5736.000099999999,5736.000099999999,0.0,15.536209845,2013.9828841686249,1981.0814348039992,1974.05409644,733,723,21423,1342,896,1168,1428,1713.0,,
dp_w80,mcp4-n110-r10-05,1128.0267494552309,6081.666800000002,6081.666800000002,0.0,16.480292403,1111.5464570522308,1098.3103124339998,1094.1451162400003,414,410,9106,1337,888,1163,1109,1030.0,,
dp_w80,mcp4-n110-r10-06,718.796204900663,6171.000100000004,6171.000100000004,0.0,12.994883871,705.8013210296631,703.2109614519999,700.471775088,268,261,776,1361,895,1187,966,827.0,,
dp_w80,mcp4-n110-r10-07,834.8845632310047,6631.000099999999,6631.000099999999,0.0,15.783478045,819.1010851860046,816.8330035729997,813.6042525149996,347,343,1112,1318,868,1144,1016,813.0,,
dp_w80,mcp4-n110-r10-08,1549.92111833784,6140.00015,6140.00015,0.0,18.361682255,1531.55943608284,1506.8032543879997,1502.2281186260004,684,677,15850,1320,881,1146,1379,1404.0,,
dp_w80,mcp4-n110-r10-09,1339.6748292710445,6376.00015,6376.000149999999,0.0,17.551330116,1322.1234991550446,1318.0479715849997,1315.04155463,350,343,1250,1327,886,1153,1048,998.0,,
dp_w80,mcp4-n110-r10-10,2067.595827842468,6065.0001399999965,6065.0001399999965,0.0,18.196552778,2049.3992750644684,2039.5038911329987,2034.0563810049998,612,604,5797,1338,890,1164,1309,1154.0,,
dp_w80,mcp4-n110-r12-01,276.40677452919607,5279.500149999999,5279.500149999999,0.0,9.227831372,267.17894315719604,266.393711383,264.70831680699996,212,206,214,1323,846,1149,874,715.0,,
dp_w80,mcp4-n110-r12-02,811.345767033943,4376.000099999999,4376.000099999999,0.0,13.001702083,798.344064950943,795.4073597059999,790.9042319969993,442,432,960,1326,864,1152,1126,1138.0,,
dp_w80,mcp4-n110-r12-03,855.1472676542666,5184.0001,5184.0001,0.0,12.588557556,842.5587100982666,833.4894000390003,828.0076593249998,627,618,5158,1320,851,1146,1303,1171.0,,
dp_w80,mcp4-n110-r12-04,283.4482364304813,4269.0001,4269.0001,0.0,12.474429334,270.9738070964813,269.378779239,267.20211217100007,227,220,660,1330,833,1156,884,676.0,,
dp_w80,mcp4-n110-r12-05,666.2527339888113,4786.50015,4786.756235422013,5.350160116735861e-5,14.284610076,651.9681239128113,565.9608268770002,560.7847444510002,485,480,69459,1348,847,1174,1150,863.0,,
dp_w80,mcp4-n110-r12-06,432.6024121062412,4867.666799999999,4867.666799999999,0.0,13.293248059,419.3091640472412,416.4838410820001,413.82766295600004,283,274,1235,1339,857,1165,959,690.0,,
dp_w80,mcp4-n110-r12-07,932.5121823424722,5195.500150000001,5195.666766666666,3.206941812243128e-5,12.453654396,920.0585279464722,899.3832818829999,894.328391096,515,507,13035,1330,839,1156,1175,1093.0,,
dp_w80,mcp4-n110-r12-08,474.13486823585936,4649.555699999992,4649.555699999992,0.0,14.401134105,459.7337341308594,458.24174656500026,455.96741497000005,232,225,765,1314,837,1140,887,558.0,,
dp_w80,mcp4-n110-r12-09,619.6052915120752,4766.000166666668,4766.000166666668,0.0,12.75139251,606.8538990020752,600.01086821,596.6687017869999,382,376,4404,1322,849,1148,1051,1068.0,,
dp_w80,mcp4-n110-r12-10,878.9525055763651,4922.000100000001,4922.000100000001,0.0,13.423360574,865.5291450023651,861.096255514999,856.3433883399995,536,527,2372,1316,848,1142,1205,1086.0,,
dp_w80,mcp4-n110-r14-01,485.7694609802913,4101.800180000001,4101.800180000001,0.0,7.616145913,478.15331506729126,474.5075605560001,470.3828391709998,368,357,2012,1294,804,1120,1006,898.0,,
dp_w80,mcp4-n110-r14-02,579.5148252131165,4067.0001333333353,4067.0937868345363,2.302766120745168e-5,10.270036328,569.2447888851166,564.1836773919998,558.6132083759996,471,460,4070,1308,806,1134,1113,1078.0,,
dp_w80,mcp4-n110-r14-03,390.4959730569507,4554.000100000001,4554.159520289856,3.500665049502448e-5,8.68713612,381.8088369369507,375.59516861899976,370.90248850899997,390,381,4402,1343,822,1169,1045,1121.0,,
dp_w80,mcp4-n110-r14-04,203.38935072733875,4383.0001,4383.0001,0.0,7.813084677,195.57626605033875,195.08782143600004,193.40479996200008,157,153,77,1327,815,1153,800,507.0,,
dp_w80,mcp4-n110-r14-05,699.8648820593927,3578.000100000001,3578.000100000001,0.0,10.35964901,689.5052330493927,685.8722576259992,679.5318781299992,514,499,1466,1320,817,1146,1158,929.0,,
dp_w80,mcp4-n110-r14-06,711.3949751726196,3597.000200000002,3597.000200000002,0.0,11.44372605,699.9512491226196,688.3196427450001,682.0874147829999,469,460,8852,1338,801,1164,1104,1010.0,,
dp_w80,mcp4-n110-r14-07,310.7484482070255,4315.166799999997,4315.166799999997,0.0,9.858495309,300.8899528980255,268.22931764499987,265.2102972459998,273,270,27389,1302,807,1128,919,779.0,,
dp_w80,mcp4-n110-r14-08,297.9337991241897,4166.6668,4166.6668,0.0,8.868512011,289.0652871131897,287.42793044700016,284.264446533,294,288,754,1296,822,1122,943,751.0,,
dp_w80,mcp4-n110-r14-09,175.36170599186488,4067.0002,4067.0002,0.0,8.518648121,166.84305787086487,165.95464133299996,163.52065017799993,210,208,414,1298,819,1124,868,610.0,,
dp_w80,mcp4-n110-r14-10,583.2448879275546,3643.0002000000013,3643.0002000000013,0.0,11.845332006,571.3995559215546,490.4532893859999,484.3959134179997,503,496,71411,1314,810,1140,1147,940.0,,
dp_w80,mcp4-n110-r16-01,176.014443669792,3365.0001,3365.0001,0.0,6.341929708,169.672513961792,167.2537992510001,165.09552119200004,243,239,1932,1326,801,1152,888,544.0,,
dp_w80,mcp4-n110-r16-02,264.87787095962403,3295.0001,3295.0001,0.0,6.85049097,258.027379989624,253.14787879299988,250.67458946200003,330,323,2934,1313,775,1139,943,673.0,,
dp_w80,mcp4-n110-r16-03,245.7779783761637,3681.000200000002,3681.000200000002,0.0,7.209193424,238.5687849521637,237.02983147500012,234.8568734579999,251,244,914,1283,761,1109,854,824.0,,
dp_w80,mcp4-n110-r16-04,229.72006365545056,3299.3334999999997,3299.3334999999997,0.0,8.265500753,221.45456290245056,208.7774506000001,206.62494990099992,260,257,9569,1307,771,1133,877,627.0,,
dp_w80,mcp4-n110-r16-05,117.00845223280176,3513.0000999999993,3513.0000999999993,0.0,5.990109261,111.01834297180176,110.46505552299996,109.499648578,132,127,248,1285,794,1111,768,464.0,,
dp_w80,mcp4-n110-r16-06,272.13672845217576,3310.5001499999985,3310.5001499999985,0.0,6.571962522,265.5647659301758,261.6390706020001,258.3988689549997,348,342,3040,1306,773,1132,963,808.0,,
dp_w80,mcp4-n110-r16-07,262.8852138210492,3346.0000999999997,3346.0000999999997,0.0,6.68016073,256.2050530910492,253.35342346599998,251.455852506,250,244,1077,1290,785,1116,871,679.0,,
dp_w80,mcp4-n110-r16-08,294.6748869664359,3322.0001500000044,3322.0001500000044,0.0,6.401176954,288.2737100124359,285.9492470660001,282.47657353700004,415,406,724,1294,774,1120,1032,1209.0,,
dp_w80,mcp4-n110-r16-09,122.47977113350086,3576.0001,3576.0001,0.0,7.443212267,115.03655886650085,114.35760691599997,113.27913453000001,125,119,342,1301,757,1127,720,404.0,,
dp_w80,mcp4-n110-r16-10,186.39561941269176,3257.0001,3257.0001,0.0,8.680720588,177.71489882469177,176.96381559199997,175.35647583100013,179,173,262,1292,781,1118,801,441.0,,
dp_w80,mcp4-n120-r08-01,3703.219811861424,6795.125181250003,17596.394120738878,1.5895614357912267,37.766956036,3665.452855825424,3650.6375496369974,3644.3282391759994,624,615,6756,1486,1004,1296,1379,1319.0,,
dp_w80,mcp4-n120-r08-02,3608.053709312799,9066.375150000007,10968.156238338786,0.20976201148468665,39.054004475,3568.999704837799,3566.1483372530056,3562.016763500997,437,430,789,1469,990,1279,1176,974.0,,
dp_w80,mcp4-n120-r08-03,3602.3709273337818,6994.285871428569,17960.47239790114,1.5678779403725958,36.428135395,3565.9427919387817,3560.6614234460017,3555.210495387002,538,532,1475,1512,1016,1322,1311,1209.0,,
dp_w80,mcp4-n120-r08-04,3628.8287292835653,7133.0002,17436.754985081934,1.4445190657757072,41.202495229,3587.6262340545654,3581.681187860003,3576.424058797003,510,505,2971,1479,978,1289,1239,934.0,,
dp_w80,mcp4-n120-r08-05,3731.7452964580266,8055.0002,18349.882122471914,1.2780734533652667,36.370542506,3695.3747539520264,3688.5204065949983,3683.517908669998,455,450,2633,1483,1002,1293,1214,1283.0,,
dp_w80,mcp4-n120-r08-06,4814.132015998874,8971.000100000001,15935.423834284486,0.7763263467452736,42.535352047,4771.596663951874,4766.388296096999,4761.2757518670005,543,539,2036,1500,979,1310,1277,1175.0,,
dp_w80,mcp4-n120-r08-07,3639.022943726217,6704.333533333339,17814.46702917605,1.657157037400382,47.690116635,3591.332827091217,3576.452366309999,3571.596842044002,514,512,7285,1490,990,1300,1261,1018.0,,
dp_w80,mcp4-n120-r08-08,3655.784980517697,8921.000200000022,16252.620249798616,0.8218383460857422,46.30038355,3609.484596967697,3577.993140171002,3571.489922748995,665,662,17173,1485,988,1295,1406,1603.0,,
dp_w80,mcp4-n120-r08-09,3604.1328749718978,5617.000200000002,18075.606996551727,2.2180178659334424,53.42445398,3550.7084209918976,3540.5106287629987,3535.264087624,537,530,4714,1494,997,1304,1280,1097.0,,
dp_w80,mcp4-n120-r08-10,4570.7894924482125,7756.000100000001,16283.758164516132,1.099504635709859,31.031923612,4539.757568836212,4514.224125232998,4507.193346107002,622,617,10197,1492,989,1302,1360,1448.0,,
dp_w80,mcp4-n120-r10-01,3620.5662571079774,6372.3334666666715,10605.24290748569,0.6642636426610655,22.934538234,3597.6317188739777,3434.3481129950023,3427.4053011120022,672,662,93376,1481,943,1291,1402,1228.0,,
dp_w80,mcp4-n120-r10-02,3762.6872616643163,6150.0001,11629.769330769233,0.8910193726288286,24.949543559,3737.737718105316,3717.5590704600004,3710.1260108869988,777,770,10754,1481,950,1291,1516,1703.0,,
dp_w80,mcp4-n120-r10-03,3834.493819192243,6628.500124999994,11606.230862170885,0.7509588358302846,26.590053037,3807.903766155243,3744.800675903002,3737.4007381959987,680,673,38489,1454,923,1264,1389,1484.0,,
dp_w80,mcp4-n120-r10-04,3821.1142922618774,7145.333466666665,8163.215846080532,0.14245414635472772,22.988580344,3798.125711917877,3667.479001607997,3661.235603717998,755,747,91595,1476,952,1286,1482,1505.0,,
dp_w80,mcp4-n120-r10-05,1787.1264291388654,6967.000100000001,6967.000100000001,0.0,25.255165158,1761.8712639808655,1759.227200476,1755.2710886629998,374,366,915,1458,926,1268,1081,688.0,,
dp_w80,mcp4-n120-r10-06,2193.4531710136193,7058.000100000001,7058.000100000001,0.0,25.30812621,2168.1450448036194,2160.983751560001,2156.8817928930007,476,467,3454,1481,950,1291,1213,1055.0,,
dp_w80,mcp4-n120-r10-07,2337.2047555198424,7019.000099999999,7019.000099999999,0.0,28.11865065,2309.0861048698425,2302.9428495169996,2297.420050567001,535,526,2785,1482,953,1292,1271,1227.0,,
dp_w80,mcp4-n120-r10-08,3600.0006745937203,7300.000100000001,8115.446800661608,0.1117050259576855,23.756963599,3576.2437109947205,3418.692128088,3411.9836392280004,734,731,119250,1459,916,1269,1443,1754.0,,
dp_w80,mcp4-n120-r10-09,628.0874170883969,6495.0001,6495.0001,0.0,25.931616269,602.155800819397,600.8546270430003,600.0629081370001,80,78,743,1460,938,1270,794,258.0,,
dp_w80,mcp4-n120-r10-10,3604.7008002339267,6316.00016666667,10847.290235880033,0.7174303276823367,25.852675253,3578.8481249809265,3506.384008127002,3497.6454706510003,898,893,41118,1484,940,1294,1630,1772.0,,
dp_w80,mcp4-n120-r12-01,960.0963808991486,5697.000100000003,5697.000100000003,0.0,16.35796685,943.7384140491486,942.4312574050006,938.849191567001,382,375,534,1456,888,1266,1065,748.0,,
dp_w80,mcp4-n120-r12-02,1463.17119452122,5520.000200000003,5520.217502703184,3.936643030942343e-5,18.503977505,1444.66721701622,1382.5997966179991,1376.9753876659986,536,528,46660,1463,860,1273,1207,1061.0,,
dp_w80,mcp4-n120-r12-03,1034.3220440785788,5226.000150000003,5226.000150000003,0.0,18.878009979,1015.4440340995789,1013.8728887749999,1009.6868986649998,362,353,515,1445,860,1255,1026,725.0,,
dp_w80,mcp4-n120-r12-04,2104.699609347759,5197.000149999998,5197.000149999998,0.0,19.140723535,2085.5588858127594,2057.677891854,2050.107801175001,688,674,18927,1486,882,1296,1376,1326.0,,
dp_w80,mcp4-n120-r12-05,2231.3726199198595,5477.000100000005,5477.000100000004,0.0,19.902775817,2211.4698441028595,2207.536713063001,2201.5333983729997,612,603,2062,1458,877,1268,1295,1043.0,,
dp_w80,mcp4-n120-r12-06,2504.030053586416,5150.300150000001,5150.548989808737,4.831559355549266e-5,19.088626594,2484.9414269924164,2442.2324559010017,2435.805819706,718,708,28933,1457,905,1267,1431,1352.0,,
dp_w80,mcp4-n120-r12-07,1680.5884027937625,5552.000100000002,5552.000100000003,0.0,19.859407709,1660.7289950847626,1658.4981677540006,1654.7804991470005,440,430,1033,1442,875,1252,1118,810.0,,
dp_w80,mcp4-n120-r12-08,2156.3267114580763,5772.666800000007,5772.666800000008,0.0,19.656416458,2136.6702950000763,2118.4046668969986,2112.343242663998,620,611,12186,1466,882,1276,1311,1253.0,,
dp_w80,mcp4-n120-r12-09,651.3383484993259,5736.000099999999,5736.000099999999,0.0,19.475504509,631.8628439903259,630.5613088509997,628.0179262149999,259,254,607,1445,874,1255,940,558.0,,
dp_w80,mcp4-n120-r12-10,2825.7747030010296,5593.0000999999975,5593.0002,1.787949242674889e-8,19.624371027,2806.1503319740295,2773.7233721499974,2765.591561455001,794,783,24649,1493,887,1303,1480,1034.0,,
dp_w80,mcp4-n120-r14-01,144.96383534934887,4963.000099999999,4963.000099999999,0.0,15.866613498,129.09722185134888,128.59304434699996,127.96359235900002,67,65,87,1458,854,1268,735,361.0,,
dp_w80,mcp4-n120-r14-02,1218.6374144767542,4841.0001500000035,4841.348255625109,7.190779060515936e-5,12.858210585,1205.7792038917542,1179.3303158320002,1172.2917827879992,822,815,15167,1434,845,1244,1489,1426.0,,
dp_w80,mcp4-n120-r14-03,1179.6552128679555,4269.3334666666715,4269.400490462931,1.5698889951508196e-5,16.069945801,1163.5852670669556,1138.342820470001,1132.8595694839996,583,568,19152,1447,852,1257,1256,1301.0,,
dp_w80,mcp4-n120-r14-04,1066.1742230254913,4003.0001499999967,4003.386831533233,9.659793123820953e-5,19.354805072,1046.8194179534912,984.9686988900005,981.5654520160009,358,352,57239,1456,844,1266,1022,666.0,,
dp_w80,mcp4-n120-r14-05,596.2337598360401,4559.0001,4559.0001,0.0,14.391469673,581.8422901630402,580.432349742,577.1610578840003,315,308,670,1453,841,1263,978,746.0,,
dp_w80,mcp4-n120-r14-06,1346.875557464609,4695.000119999998,4695.000119999998,0.0,15.335016531,1331.540540933609,1327.7886541750006,1322.3388298869997,571,556,1714,1456,852,1266,1230,1103.0,,
dp_w80,mcp4-n120-r14-07,1499.1864960593412,4324.333466666669,4324.4242645545055,2.099696717115872e-5,15.194453041,1483.992043018341,1428.6555615489995,1420.5698972820005,803,792,29762,1426,850,1236,1479,1389.0,,
dp_w80,mcp4-n120-r14-08,1241.709775764269,4333.000200000002,4333.000200000002,0.0,13.78780492,1227.9219708442688,1211.851671883,1207.5593591929994,433,427,11766,1467,854,1277,1106,1036.0,,
dp_w80,mcp4-n120-r14-09,825.3569713578412,4077.0001,4077.0001,0.0,15.139560555,810.2174108028412,797.0229434999999,793.3179177519997,440,432,12164,1451,849,1261,1105,786.0,,
dp_w80,mcp4-n120-r14-10,567.7012623625025,4344.000100000002,4344.000100000002,0.0,13.22808636,554.4731760025024,551.1677003589997,547.647378402,398,393,1376,1432,864,1242,1086,833.0,,
dp_w80,mcp4-n120-r16-01,794.7029211396056,3533.0000999999993,3533.0000999999993,0.0,10.800803172,783.9021179676056,781.8096980530004,776.8676997240008,515,508,815,1417,807,1227,1148,1123.0,,
dp_w80,mcp4-n120-r16-02,565.9017733529525,4065.0001500000035,4065.0001500000035,0.0,10.670427461,555.2313458919525,553.3664229370003,548.7121394270004,463,453,783,1428,822,1238,1114,1022.0,,
dp_w80,mcp4-n120-r16-03,676.0082164194546,4025.400139999997,4025.799892886709,9.930761484797935e-5,8.433899441,667.5743169784546,640.1983279549996,635.5319138150004,512,502,21083,1427,822,1237,1159,988.0,,
dp_w80,mcp4-n120-r16-04,411.08867714622545,3979.000100000001,3979.000100000001,0.0,13.511136987,397.57754015922546,396.3145077729999,393.1089615480001,300,292,563,1481,838,1291,963,509.0,,
dp_w80,mcp4-n120-r16-05,620.4281937967885,3748.000100000001,3748.000100000001,0.0,10.536462773,609.8917310237885,607.6773490989998,603.6717029060001,412,406,798,1424,819,1234,1066,971.0,,
dp_w80,mcp4-n120-r16-06,757.9702351033354,3716.000150000002,3716.000150000002,0.0,14.624407047,743.3458280563354,737.8375003139995,731.8345471450008,605,595,2494,1428,808,1238,1248,989.0,,
dp_w80,mcp4-n120-r16-07,379.03714608686374,3743.500199999999,3743.500199999999,0.0,11.604234214,367.43291187286377,366.2276699339998,363.9838740070002,254,248,476,1443,844,1253,920,509.0,,
dp_w80,mcp4-n120-r16-08,806.9915210691271,3480.333466666667,3480.333466666667,0.0,14.230337092,792.7611839771271,789.2906832820005,783.7533090459997,493,484,1744,1437,827,1247,1153,1128.0,,
dp_w80,mcp4-n120-r16-09,214.86404983244714,3623.0000999999993,3623.0000999999993,0.0,10.766659896,204.09738993644714,202.9649758349999,201.10499111500002,186,182,578,1470,836,1280,847,532.0,,
dp_w80,mcp4-n120-r16-10,816.7235377535604,3788.0001333333366,3788.0001333333366,0.0,13.889140676,802.8343970775604,797.3209231860001,790.8416573060008,694,683,3255,1435,814,1245,1339,1211.0,,
vf_w00,mcp4-n070-r08-01,87.45041812167408,4283.000133333332,4283.000133333332,0.0,3.485137112,83.96528100967407,83.57261782900007,83.56501563999996,213,202,898,112,150,,,,,
vf_w00,mcp4-n070-r08-02,97.82161953970336,4517.500149999999,4517.500149999999,0.0,3.3032265,94.51839303970337,91.638953888,91.63316763400002,167,163,3029,112,150,,,,,
vf_w00,mcp4-n070-r08-03,157.44694942132764,3691.0001999999968,3691.0001999999968,0.0,3.520753323,153.92619609832764,147.38788806499997,147.37700055500005,250,238,7051,112,150,,,,,
vf_w00,mcp4-n070-r08-04,129.5993800772484,4690.000099999999,4690.000099999999,0.0,2.523790182,127.07558989524841,126.74970492799999,126.74162232999998,213,206,718,112,150,,,,,
vf_w00,mcp4-n070-r08-05,108.69726740608863,3845.0000999999993,3845.0000999999993,0.0,3.775568359,104.92169904708862,102.610800593,102.60157547299998,201,191,2627,112,150,,,,,
vf_w00,mcp4-n070-r08-06,46.91550078851294,4825.000150000002,4825.000150000002,0.0,3.287257819,43.62824296951294,43.455611688999994,43.45162629700001,124,118,300,112,150,,,,,
vf_w00,mcp4-n070-r08-07,112.14606597301551,3732.000100000002,3732.000100000002,0.0,3.837833904,108.3082320690155,107.34716949599999,107.330113402,182,171,701,112,150,,,,,
vf_w00,mcp4-n070-r08-08,116.74340212963428,4167.000099999999,4167.000099999999,0.0,3.783175117,112.96022701263428,111.23490692999998,111.22640754799997,210,204,1207,112,150,,,,,
vf_w00,mcp4-n070-r08-09,154.49204165325585,4190.000100000001,4190.000100000001,0.0,3.265696591,151.22634506225586,149.660312399,149.65033181799998,245,236,1013,112,150,,,,,
vf_w00,mcp4-n070-r08-10,20.844719682642335,4291.0001,4291.0001,0.0,3.070765768,17.773953914642334,17.641574424,17.638983499,66,63,142,112,150,,,,,
vf_w00,mcp4-n070-r10-01,63.64015238283289,3716.0001999999968,3716.0001999999968,0.0,1.849313426,61.790838956832886,59.21928408899999,59.207328312000016,207,201,1796,112,132,,,,,
vf_w00,mcp4-n070-r10-02,61.75782351459717,3023.00015,3023.00015,0.0,2.565262365,59.19256114959717,57.633258170000005,57.63025461900001,175,165,1199,112,132,,,,,
vf_w00,mcp4-n070-r10-03,65.29683312878063,3403.0000999999997,3403.0000999999997,0.0,2.654812188,62.64202094078064,61.66971357900003,61.664484619999996,197,188,686,112,132,,,,,
vf_w00,mcp4-n070-r10-04,44.50777535682056,3412.250150000002,3412.5000999999997,7.325078438274081e-5,1.751543572,42.75623178482056,42.58807086699998,42.58478448899999,143,134,391,112,132,,,,,
vf_w00,mcp4-n070-r10-05,48.7073648330907,3104.0001,3104.0001,0.0,1.797186887,46.9101779460907,44.416468460999994,44.41352436199999,167,159,2102,112,132,,,,,
vf_w00,mcp4-n070-r10-06,49.493120918796386,3933.0002000000068,3933.0002000000068,0.0,0.50619484,48.98692607879639,47.19669089799999,47.19386671799999,168,160,3514,112,132,,,,,
vf_w00,mcp4-n070-r10-07,38.75929444098865,3412.0001,3412.0001,0.0,1.459709337,37.29958510398865,37.154549906999975,37.15150043400001,131,122,194,112,132,,,,,
vf_w00,mcp4-n070-r10-08,49.566285924789064,3314.000149999998,3314.000149999998,0.0,1.554551916,48.01173400878906,47.84104065999999,47.835915438000015,177,171,328,112,132,,,,,
vf_w00,mcp4-n070-r10-09,80.1997908297522,3319.6668000000036,3319.6668000000036,0.0,2.88975274,77.3100380897522,75.44254328500003,75.43883496700003,218,209,1976,112,132,,,,,
vf_w00,mcp4-n070-r10-10,86.11250208601355,4003.5001500000026,4003.5001500000026,0.0,1.230467069,84.88203501701355,83.46900399200001,83.46070827199998,255,245,846,112,132,,,,,
vf_w00,mcp4-n070-r12-01,40.19690133757165,2717.0001800000005,2717.0001800000005,0.0,1.443121211,38.753780126571655,38.570598243,38.56458168400001,172,164,350,112,121,,,,,
vf_w00,mcp4-n070-r12-02,48.67802112515601,2701.333466666667,2701.333466666667,0.0,1.357211284,47.320809841156006,45.44858078000001,45.442112911000024,192,181,2077,112,121,,,,,
vf_w00,mcp4-n070-r12-03,16.778055538120604,2729.0001000000016,2729.0001000000016,0.0,1.116637577,15.661417961120605,15.569487250999998,15.567107543000002,83,78,121,112,121,,,,,
vf_w00,mcp4-n070-r12-04,45.43650824082165,2555.0001,2555.0001,0.0,1.953724208,43.482784032821655,43.33402336599999,43.32733948299999,197,190,223,112,121,,,,,
vf_w00,mcp4-n070-r12-05,49.06892639040356,2196.00014,2196.00014,0.0,2.557718333,46.511208057403564,46.32556577600001,46.32052881800001,172,164,456,112,121,,,,,
vf_w00,mcp4-n070-r12-06,42.226163097620486,2249.0001,2249.0001,0.0,1.481519171,40.74464392662048,40.48558725600002,40.481785161,152,145,659,112,121,,,,,
vf_w00,mcp4-n070-r12-07,38.16598182128064,2338.5002000000004,2338.5002000000004,0.0,2.015171818,36.15081000328064,35.928636168,35.925015159,156,150,651,112,121,,,,,
vf_w00,mcp4-n070-r12-08,70.7592497310575,2860.333466666666,2860.333466666666,0.0,1.551452919,69.2077968120575,67.57595945200003,67.56752834600002,237,227,3266,112,121,,,,,
vf_w00,mcp4-n070-r12-09,53.666011031539554,2674.0001,2674.0001,0.0,1.311887916,52.35412311553955,51.12433788699998,51.117632433999994,192,186,1031,112,121,,,,,
vf_w00,mcp4-n070-r12-10,23.371045351422975,2880.0002000000013,2880.0002000000013,0.0,1.205070496,22.165974855422974,21.705494945000005,21.702199366,102,99,669,112,121,,,,,
vf_w00,mcp4-n070-r14-01,29.535230900761842,2391.6668000000027,2391.6668000000027,0.0,1.385005023,28.15022587776184,26.392050666999996,26.386176106000004,172,162,3336,112,112,,,,,
vf_w00,mcp4-n070-r14-02,16.775914458761232,1915.5001499999996,1915.5001499999996,0.0,1.245691566,15.53022289276123,15.402705823,15.399696856000007,95,90,215,112,112,,,,,
vf_w00,mcp4-n070-r14-03,26.88018908714038,2035.5715714285711,2035.5715714285711,0.0,0.836143162,26.04404592514038,25.884406530000003,25.879810904000003,141,134,275,112,112,,,,,
vf_w00,mcp4-n070-r14-04,18.54764561094812,2220.0001499999985,2220.0001499999985,0.0,0.437352461,18.11029314994812,18.009675852,18.005952975,112,107,65,112,112,,,,,
vf_w00,mcp4-n070-r14-05,36.639635239560306,1797.5001500000012,1797.5001500000012,0.0,1.685879384,34.9537558555603,34.05420502700001,34.047396251,189,179,805,112,112,,,,,
vf_w00,mcp4-n070-r14-06,35.74455047737561,2060.0002000000018,2060.0002000000018,0.0,1.824010383,33.92054009437561,33.73595287000001,33.73013200199999,176,165,436,112,112,,,,,
vf_w00,mcp4-n070-r14-07,32.74250234637549,2126.0000999999997,2126.0000999999997,0.0,0.966275349,31.77622699737549,31.662162544999997,31.65613257499999,180,171,111,112,112,,,,,
vf_w00,mcp4-n070-r14-08,41.16063679599304,1959.0001000000004,1959.0001000000004,0.0,1.2360927,39.92454409599304,39.73333223599999,39.72822752200001,190,182,329,112,112,,,,,
vf_w00,mcp4-n070-r14-09,24.138901244277342,1995.0000999999997,1995.0000999999997,0.0,1.062279235,23.076622009277344,22.86551151900001,22.861839738999997,114,109,573,112,112,,,,,
vf_w00,mcp4-n070-r14-10,25.538838934343506,2080.0000999999993,2080.0000999999993,0.0,1.580455851,23.958383083343506,23.846618990000014,23.842846368999997,120,114,230,112,112,,,,,
vf_w00,mcp4-n070-r16-01,13.701076625096558,2000.0000999999997,2000.0000999999997,0.0,0.527932523,13.173144102096558,13.055186015999999,13.051893413,93,86,175,112,106,,,,,
vf_w00,mcp4-n070-r16-02,14.981159474796021,1713.0001000000002,1713.0001000000002,0.0,0.454516437,14.52664303779602,14.348505838000003,14.344996056000001,109,105,540,112,106,,,,,
vf_w00,mcp4-n070-r16-03,20.22174116546863,1780.0001333333335,1780.0001333333335,0.0,0.943996157,19.277745008468628,18.549214307000003,18.545279096999998,126,119,2351,112,106,,,,,
vf_w00,mcp4-n070-r16-04,13.944303691618774,2174.0001500000017,2174.0001500000017,0.0,0.761058748,13.183244943618774,12.728264274999999,12.725402657,100,96,1151,112,106,,,,,
vf_w00,mcp4-n070-r16-05,16.42954563040503,1872.0001000000002,1872.1352351351343,7.218756833083403e-5,0.846736659,15.58280897140503,15.465538891999994,15.462228115999997,124,117,125,112,106,,,,,
vf_w00,mcp4-n070-r16-06,29.197777194247557,1821.2501250000005,1821.2501250000005,0.0,0.901910228,28.29586696624756,28.073151665999987,28.067569824000003,156,146,503,112,106,,,,,
vf_w00,mcp4-n070-r16-07,19.674984989237306,1802.5001499999996,1802.5001499999996,0.0,1.610793171,18.064191818237305,17.857924071999992,17.85363524699999,123,117,429,112,106,,,,,
vf_w00,mcp4-n070-r16-08,11.739904360801757,1836.0001000000007,1836.0001000000007,0.0,0.985233264,10.754671096801758,10.65969256,10.656628989000001,88,81,30,112,106,,,,,
vf_w00,mcp4-n070-r16-09,11.325937134993774,1988.0001000000002,1988.0001000000002,0.0,1.076530082,10.249407052993774,10.174971435000002,10.172249195000003,77,74,19,112,106,,,,,
vf_w00,mcp4-n070-r16-10,25.16104919336548,1810.0001666666676,1810.0001666666676,0.0,0.65599615,24.50505304336548,24.281527141999998,24.27560626100001,177,169,452,112,106,,,,,
vf_w00,mcp4-n080-r08-01,374.2942078294279,4810.833483333333,4810.833483333333,0.0,5.396724719,368.89748311042786,362.2229381359999,362.2088968090001,325,315,5708,128,171,,,,,
vf_w00,mcp4-n080-r08-02,254.5293268291477,5122.0003,5122.0003,0.0,4.900713834,249.6286129951477,249.27297039799998,249.25829848099994,302,288,454,128,171,,,,,
vf_w00,mcp4-n080-r08-03,308.56349484157056,6000.000099999999,6000.000099999999,0.0,5.034313838,303.52918100357056,300.68526276399973,300.67310096499983,267,261,1529,128,171,,,,,
vf_w00,mcp4-n080-r08-04,311.73007231466454,5927.111266666667,5927.111266666667,0.0,4.415744121,307.31432819366455,304.54597348199997,304.53366150999983,277,268,1845,128,171,,,,,
vf_w00,mcp4-n080-r08-05,329.82931252932127,5400.000100000001,5400.000100000001,0.0,5.8156006,324.0137119293213,318.8863791969999,318.87022541300024,382,375,3501,128,171,,,,,
vf_w00,mcp4-n080-r08-06,303.1554209521238,4848.0002,4848.0002,0.0,5.361003094,297.7944178581238,293.82714085900005,293.8130365130001,322,314,4580,128,171,,,,,
vf_w00,mcp4-n080-r08-07,172.18639637391075,4926.00015,4926.00015,0.0,5.056223406,167.13017296791077,164.483297746,164.47463269000005,216,212,1540,128,171,,,,,
vf_w00,mcp4-n080-r08-08,155.41884827665467,5168.000100000002,5168.000100000002,0.0,5.534115315,149.88473296165466,146.86592908699998,146.858536783,187,179,777,128,171,,,,,
vf_w00,mcp4-n080-r08-09,303.54112706263186,5038.50015,5038.50015,0.0,6.08044324,297.46068382263184,291.89126952900006,291.878732258,271,265,4113,128,171,,,,,
vf_w00,mcp4-n080-r08-10,314.5280451585521,4610.000099999999,4610.000099999999,0.0,6.327251177,308.2007939815521,305.574993219,305.564342075,256,250,1201,128,171,,,,,
vf_w00,mcp4-n080-r10-01,119.38389416194275,3691.00015,3691.00015,0.0,3.762049155,115.62184500694275,115.37258741800004,115.368857816,183,177,526,128,151,,,,,
vf_w00,mcp4-n080-r10-02,161.68099899433253,3995.2501500000026,3995.2501500000026,0.0,3.839700891,157.84129810333252,155.78206719400004,155.77392391000006,250,243,2545,128,151,,,,,
vf_w00,mcp4-n080-r10-03,197.3675269881759,4124.000099999999,4124.394731250005,9.569137740943782e-5,3.691651086,193.6758759021759,183.24961349900002,183.23923028199985,326,316,10833,128,151,,,,,
vf_w00,mcp4-n080-r10-04,96.44694784394287,4292.0002,4292.0002,0.0,2.71594599,93.73100185394287,93.535405384,93.53044447799996,166,160,369,128,151,,,,,
vf_w00,mcp4-n080-r10-05,163.26928331626354,3823.000199999999,3823.000199999999,0.0,3.845744393,159.42353892326355,157.84996594200004,157.8441592800001,246,237,918,128,151,,,,,
vf_w00,mcp4-n080-r10-06,71.36028092169471,4038.000100000001,4038.075100000001,1.857355080298737e-5,3.779524019,67.5807569026947,67.39653980299998,67.39267825000002,123,117,353,128,151,,,,,
vf_w00,mcp4-n080-r10-07,89.75919036138293,3943.0000999999997,3943.0000999999997,0.0,3.037286322,86.72190403938293,86.45096519599998,86.44754355700006,192,187,631,128,151,,,,,
vf_w00,mcp4-n080-r10-08,125.16725897702734,4339.000099999999,4339.000099999999,0.0,3.307922124,121.85933685302734,121.628722126,121.62211618000002,229,217,406,128,151,,,,,
vf_w00,mcp4-n080-r10-09,127.2784742721565,3860.0001,3860.0001,0.0,4.290568293,122.9879059791565,120.76934116200002,120.76198575900004,238,230,1992,128,151,,,,,
vf_w00,mcp4-n080-r10-10,192.8445465932406,4385.5001500000035,4385.7933269350515,6.685142515569066e-5,3.344838656,189.4997079372406,186.62292378400008,186.61493074000003,243,238,3732,128,151,,,,,
vf_w00,mcp4-n080-r12-01,169.93294846799293,3733.0001,3733.0001,0.0,1.402717469,168.53023099899292,165.168820242,165.15998677599998,246,239,4023,128,138,,,,,
vf_w00,mcp4-n080-r12-02,120.5490730570337,3525.50015,3525.50015,0.0,2.34170516,118.20736789703369,112.76329191699999,112.752836247,285,279,5604,128,138,,,,,
vf_w00,mcp4-n080-r12-03,68.44273911533887,3056.0001000000007,3056.0001000000007,0.0,2.944816218,65.49792289733887,65.198889945,65.19045414300005,242,235,484,128,138,,,,,
vf_w00,mcp4-n080-r12-04,31.44623000207678,3247.0001999999986,3247.0001999999986,0.0,2.065870114,29.380359888076782,29.279723955999994,29.276610194000003,99,95,60,128,138,,,,,
vf_w00,mcp4-n080-r12-05,85.98448188358422,3280.0001000000007,3280.0001000000007,0.0,2.977780891,83.00670099258423,81.87054329099999,81.86301646599999,206,200,866,128,138,,,,,
vf_w00,mcp4-n080-r12-06,111.76854486208521,3081.333466666671,3081.333466666671,0.0,2.301675031,109.4668698310852,105.87962212299996,105.86844930899994,309,301,7945,128,138,,,,,
vf_w00,mcp4-n080-r12-07,103.46667179152783,2996.0002000000013,2996.0002000000013,0.0,2.870902863,100.59576892852783,98.94242607200002,98.93382692599997,236,225,814,128,138,,,,,
vf_w00,mcp4-n080-r12-08,77.91271685018103,2750.0000999999997,2750.0000999999997,0.0,3.876862749,74.03585410118103,73.75330963,73.74662756099998,185,176,693,128,138,,,,,
vf_w00,mcp4-n080-r12-09,40.299501810867675,3034.0001,3034.0001,0.0,2.059117709,38.240384101867676,38.131181811,38.12703264800001,119,116,50,128,138,,,,,
vf_w00,mcp4-n080-r12-10,80.42243591227587,3249.0001,3249.0001,0.0,2.841242942,77.58119297027588,77.21523375399998,77.20723250000003,214,207,777,128,138,,,,,
vf_w00,mcp4-n080-r14-01,61.571312086614014,2692.0000999999997,2692.0000999999997,0.0,1.971356051,59.599956035614014,59.40460488100002,59.398478047,173,164,206,128,129,,,,,
vf_w00,mcp4-n080-r14-02,68.62635010507532,2471.000199999999,2471.000199999999,0.0,2.065638006,66.56071209907532,66.34383608099999,66.33606403099998,226,221,259,128,129,,,,,
vf_w00,mcp4-n080-r14-03,77.81939278296534,2417.5001499999994,2417.5001499999994,0.0,1.794546706,76.02484607696533,75.00460974300002,74.99726750400002,213,204,865,128,129,,,,,
vf_w00,mcp4-n080-r14-04,84.7162172135343,2289.0001000000047,2289.0001000000047,0.0,1.878104144,82.8381130695343,80.39798947399998,80.38948082500004,261,255,2443,128,129,,,,,
vf_w00,mcp4-n080-r14-05,36.738987921323975,2817.0001000000007,2817.0001000000007,0.0,1.442965983,35.296021938323975,35.205927993,35.20270769700001,122,118,45,128,129,,,,,
vf_w00,mcp4-n080-r14-06,63.511330933848875,2750.5001500000026,2750.5001500000026,0.0,1.63969502,61.87163591384888,60.73152316300003,60.72445786699999,203,197,806,128,129,,,,,
vf_w00,mcp4-n080-r14-07,88.10625318036914,2926.0001,2926.0001,0.0,1.394854102,86.71139907836914,84.00965330800001,84.00053159900004,276,265,2254,128,129,,,,,
vf_w00,mcp4-n080-r14-08,90.11257891792103,2455.500149999999,2455.500149999999,0.0,1.674558927,88.43801999092102,86.16858203699998,86.15817213000005,287,277,1891,128,129,,,,,
vf_w00,mcp4-n080-r14-09,61.24843573665613,2462.5001500000017,2462.5001500000017,0.0,2.026476861,59.22195887565613,58.22138607200001,58.21364622599999,218,213,771,128,129,,,,,
vf_w00,mcp4-n080-r14-10,43.99933086729724,2858.0001333333303,2858.0001333333303,0.0,0.940689672,43.05864119529724,42.908088663,42.90234255099998,160,153,140,128,129,,,,,
vf_w00,mcp4-n080-r16-01,19.788126368018556,2328.0001,2328.0001,0.0,1.084957499,18.703168869018555,18.605869061,18.60291975799999,85,82,20,128,121,,,,,
vf_w00,mcp4-n080-r16-02,45.55917865279895,2142.500150000001,2142.500150000001,0.0,1.404958787,44.15421986579895,42.11735702699999,42.11071927799999,190,183,2541,128,121,,,,,
vf_w00,mcp4-n080-r16-03,44.42508610247937,1936.500149999999,1936.500149999999,0.0,1.129429183,43.29565691947937,43.06169262500001,43.05555396199999,213,201,482,128,121,,,,,
vf_w00,mcp4-n080-r16-04,38.5509150945824,2156.7501499999994,2156.7501499999994,0.0,0.749926182,37.8009889125824,37.52257732400002,37.51531688200001,204,199,197,128,121,,,,,
vf_w00,mcp4-n080-r16-05,64.62519780732617,2229.0001,2229.0001,0.0,1.760836998,62.86436080932617,61.48374549799999,61.47645101399998,213,204,1607,128,121,,,,,
vf_w00,mcp4-n080-r16-06,16.537355289932005,2299.0001,2299.0001,0.0,1.279125319,15.258229970932007,15.153812829000001,15.150902917999996,81,77,35,128,121,,,,,
vf_w00,mcp4-n080-r16-07,88.70713559612354,2319.6668333333337,2319.6668333333337,0.0,1.539234557,87.16790103912354,84.80208026599993,84.790016303,308,296,2725,128,121,,,,,
vf_w00,mcp4-n080-r16-08,15.443382763535157,1812.000100000001,1812.000100000001,0.0,1.49937489,13.944007873535156,13.866801613,13.863848501000003,77,74,32,128,121,,,,,
vf_w00,mcp4-n080-r16-09,22.975743402118407,1992.0001000000002,1992.0001000000002,0.0,1.681492437,21.294250965118408,21.165784924000004,21.161979105,111,108,203,128,121,,,,,
vf_w00,mcp4-n080-r16-10,57.29522577273877,1627.0001000000002,1627.0001000000002,0.0,1.506112728,55.78911304473877,55.428225211000004,55.419804354,279,265,649,128,121,,,,,
vf_w00,mcp4-n090-r08-01,703.2149030993804,6051.333466666661,6051.333466666661,0.0,8.836074097,694.3788290023804,692.4112681649999,692.3963589749998,270,259,757,144,193,,,,,
vf_w00,mcp4-n090-r08-02,855.5036938383746,6350.0001,6350.0001,0.0,7.415392895,848.0883009433746,846.0456875410007,846.0011439300001,404,395,943,144,193,,,,,
vf_w00,mcp4-n090-r08-03,896.6305826123878,6544.400119999998,6544.400119999998,0.0,8.401779693,888.2288029193878,826.5544307709996,826.5300357669997,445,431,38537,144,193,,,,,
vf_w00,mcp4-n090-r08-04,1379.452732316605,5604.000200000001,5604.000200000001,0.0,9.358117334,1370.094614982605,1364.9709743370008,1364.9276524540003,499,486,1787,144,193,,,,,
vf_w00,mcp4-n090-r08-05,1245.8512195962091,5733.500149999994,5733.500149999994,0.0,9.553040685,1236.298178911209,1232.7580130170002,1232.7309425239998,492,482,1967,144,193,,,,,
vf_w00,mcp4-n090-r08-06,1340.4672188076988,6854.833483333332,6854.833483333332,0.0,9.342879704,1331.1243391036987,1328.2821617069992,1328.2527532719996,469,462,1102,144,193,,,,,
vf_w00,mcp4-n090-r08-07,1043.7668293420434,6628.500149999993,6628.500149999993,0.0,8.133336157,1035.6334931850433,1033.0890976329997,1033.068965836,372,360,1404,144,193,,,,,
vf_w00,mcp4-n090-r08-08,1053.2216278759,5870.000149999991,5870.000149999991,0.0,9.566179916,1043.6554479599,1032.220452233,1032.2000139859995,383,373,8525,144,193,,,,,
vf_w00,mcp4-n090-r08-09,589.965982475949,5690.500149999992,5690.736987721079,4.161984269289336e-5,8.343544522,581.622437953949,501.427312163,501.39487599599994,338,335,64771,144,193,,,,,
vf_w00,mcp4-n090-r08-10,959.7128599078465,6615.000100000001,6615.000100000001,0.0,9.680610934,950.0322489738464,947.6216761059997,947.6036995540003,337,327,882,144,193,,,,,
vf_w00,mcp4-n090-r10-01,630.202857359562,5127.500150000003,5127.500150000003,0.0,6.843952521,623.358904838562,621.0346722130001,621.0183752440005,361,350,1468,144,170,,,,,
vf_w00,mcp4-n090-r10-02,226.54465368397888,4945.000199999999,4945.000199999999,0.0,6.02839759,220.51625609397888,215.18698229199993,215.17634337399988,266,260,5796,144,170,,,,,
vf_w00,mcp4-n090-r10-03,324.5697301774517,4279.000100000002,4279.000100000002,0.0,7.203068152,317.36666202545166,314.37072258200004,314.3580481450002,250,245,1991,144,170,,,,,
vf_w00,mcp4-n090-r10-04,327.73477617004784,4416.0001,4416.0001,0.0,6.458964021,321.27581214904785,320.8167520130003,320.8015232120002,329,319,622,144,170,,,,,
vf_w00,mcp4-n090-r10-05,547.703897656074,4297.000100000001,4297.000100000001,0.0,7.386879624,540.317018032074,534.7987591970002,534.7840309069999,374,366,5048,144,170,,,,,
vf_w00,mcp4-n090-r10-06,838.4342852083336,4412.000200000006,4412.000200000006,0.0,6.825419232,831.6088659763336,826.4590480199997,826.4392927860001,478,461,4107,144,170,,,,,
vf_w00,mcp4-n090-r10-07,231.10455705056347,4309.000100000003,4309.000100000003,0.0,6.029520048,225.07503700256348,223.409367324,223.40224140200002,214,210,743,144,170,,,,,
vf_w00,mcp4-n090-r10-08,204.40703892611242,4828.000133333336,4828.000133333336,0.0,4.689989089,199.71704983711243,199.428881298,199.418452636,260,253,467,144,170,,,,,
vf_w00,mcp4-n090-r10-09,172.65553751748962,5061.0001,5061.0001,0.0,5.67508045,166.98045706748962,166.762843097,166.75832786699993,182,175,300,144,170,,,,,
vf_w00,mcp4-n090-r10-10,518.0083365745347,4562.400139999996,4562.400139999996,0.0,6.133768589,511.87456798553467,499.3781057300001,499.362805552,423,410,9621,144,170,,,,,
vf_w00,mcp4-n090-r12-01,222.1766109512395,3706.400139999999,3706.400139999999,0.0,4.600720887,217.5758900642395,208.48533226399996,208.47464834899995,282,275,8504,144,155,,,,,
vf_w00,mcp4-n090-r12-02,307.1045822056356,3871.00015,3871.00015,0.0,4.541286126,302.5632960796356,293.4881405410002,293.4720276609999,405,397,9834,144,155,,,,,
vf_w00,mcp4-n090-r12-03,202.9763823480089,3755.0001,3755.0001,0.0,5.240354392,197.7360279560089,197.3391883890001,197.32654587900007,298,291,638,144,155,,,,,
vf_w00,mcp4-n090-r12-04,309.0773101985709,3608.0001500000003,3608.0001500000003,0.0,5.212846154,303.8644640445709,302.38698175299993,302.3710977939999,381,372,920,144,155,,,,,
vf_w00,mcp4-n090-r12-05,152.88051026048302,3550.0000999999993,3550.0000999999993,0.0,4.890226056,147.99028420448303,147.76830454100005,147.76015572699998,216,210,247,144,155,,,,,
vf_w00,mcp4-n090-r12-06,357.79418965838096,3339.0002000000004,3339.0002000000004,0.0,4.810982671,352.983206987381,350.50480117000023,350.4876173389998,502,488,2938,144,155,,,,,
vf_w00,mcp4-n090-r12-07,274.8349059707427,3782.5001500000026,3782.5001500000026,0.0,3.918008197,270.9168977737427,270.258387772,270.2476263519998,301,294,615,144,155,,,,,
vf_w00,mcp4-n090-r12-08,293.81341760609655,3672.0000999999997,3672.3340269812984,9.09387179206901e-5,5.909804754,287.90361285209656,285.566859089,285.5540476230001,442,432,1422,144,155,,,,,
vf_w00,mcp4-n090-r12-09,187.80554010534252,4184.000100000001,4184.000100000001,0.0,3.161818048,184.64372205734253,183.98156006599996,183.9721021679999,270,264,629,144,155,,,,,
vf_w00,mcp4-n090-r12-10,317.32545590165915,3350.3334666666656,3350.3334666666656,0.0,5.110903976,312.2145519256592,303.2481403649999,303.231521411,381,371,8196,144,155,,,,,
vf_w00,mcp4-n090-r14-01,179.5967275827638,3413.0001,3413.0001,0.0,2.719523403,176.8772041797638,176.5768417440001,176.56477425299994,287,277,397,144,145,,,,,
vf_w00,mcp4-n090-r14-02,113.10239220095215,3182.0001499999994,3182.0001499999994,0.0,3.282501225,109.81989097595215,109.51104131099996,109.50420722599999,178,171,543,144,145,,,,,
vf_w00,mcp4-n090-r14-03,181.6828114325824,3149.0001999999986,3149.0001999999986,0.0,3.81932252,177.8634889125824,177.415921956,177.40372541600001,298,287,693,144,145,,,,,
vf_w00,mcp4-n090-r14-04,56.724786029000974,3646.0001,3646.0001,0.0,3.097625003,53.62716102600098,53.44830033300002,53.44277501299999,130,125,234,144,145,,,,,
vf_w00,mcp4-n090-r14-05,220.3419791379701,3044.0001,3044.0001,0.0,3.782672278,216.5593068599701,213.386304584,213.36919338899997,377,364,1973,144,145,,,,,
vf_w00,mcp4-n090-r14-06,262.4930542234367,3399.3334666666656,3399.3334666666656,0.0,3.519481254,258.97357296943665,257.37406688600015,257.35805644200013,371,359,1132,144,145,,,,,
vf_w00,mcp4-n090-r14-07,202.95057044689563,2659.666833333333,2659.666833333333,0.0,3.324596507,199.62597393989563,187.69146082700016,187.6755757820001,412,400,11578,144,145,,,,,
vf_w00,mcp4-n090-r14-08,187.72604217008495,2623.5001333333357,2623.741801644296,9.211675192613507e-5,4.305611033,183.42043113708496,180.39654560700004,180.384016497,343,337,2305,144,145,,,,,
vf_w00,mcp4-n090-r14-09,93.34315639966407,2984.0001999999995,2984.0001999999995,0.0,3.977174344,89.36598205566406,88.984796405,88.97765552699995,197,192,761,144,145,,,,,
vf_w00,mcp4-n090-r14-10,148.17006216848986,2664.0001000000007,2664.0001000000007,0.0,3.592385157,144.57767701148987,143.41443888499998,143.40332925200008,296,284,1795,144,145,,,,,
vf_w00,mcp4-n090-r16-01,112.29740774846594,2082.333466666667,2082.333466666667,0.0,3.317597749,108.97980999946594,107.264225638,107.25516995499997,258,252,1539,144,137,,,,,
vf_w00,mcp4-n090-r16-02,157.09664646039906,2594.00015,2594.00015,0.0,2.950413617,154.14623284339905,149.70659080600007,149.691801727,380,364,3746,144,137,,,,,
vf_w00,mcp4-n090-r16-03,130.7366216479706,2573.3334666666647,2573.3334666666647,0.0,2.90084365,127.83577799797058,126.63181994500003,126.621260009,284,274,883,144,137,,,,,
vf_w00,mcp4-n090-r16-04,103.07888884871912,2174.0001400000037,2174.0001400000037,0.0,3.293715671,99.78517317771912,92.53050381599996,92.52189412800004,227,224,8224,144,137,,,,,
vf_w00,mcp4-n090-r16-05,95.89487165636083,2710.000149999999,2710.000149999999,0.0,2.176450674,93.71842098236084,92.49362436200008,92.48799407399997,283,276,886,144,137,,,,,
vf_w00,mcp4-n090-r16-06,80.71063927313574,2677.0001,2677.0001,0.0,3.107522284,77.60311698913574,77.37617420000001,77.36811633899994,213,207,271,144,137,,,,,
vf_w00,mcp4-n090-r16-07,116.62327947927758,2343.00015,2343.00015,0.0,2.291234401,114.33204507827759,114.05611583500001,114.04731764800006,293,285,345,144,137,,,,,
vf_w00,mcp4-n090-r16-08,89.67608294603552,2537.0001,2537.0001,0.0,1.950502969,87.72557997703552,87.58740523599997,87.580728271,221,212,93,144,137,,,,,
vf_w00,mcp4-n090-r16-09,104.55768818858459,2431.0002000000004,2431.0002000000004,0.0,3.58875103,100.9689371585846,98.88273706599999,98.87646663000004,227,221,1936,144,137,,,,,
vf_w00,mcp4-n090-r16-10,66.95271262296949,2754.0001,2754.0001,0.0,2.120830623,64.83188199996948,64.54911352999999,64.54521801000003,189,181,577,144,137,,,,,
vf_w00,mcp4-n100-r08-01,2100.4316950047055,6727.000199999991,6727.000199999991,0.0,13.233853122,2087.1978418827057,2076.185761836001,2076.1359020169994,568,561,6951,160,214,,,,,
vf_w00,mcp4-n100-r08-02,2825.158667296136,7489.764852941167,7489.764852941167,0.0,11.728516072,2813.4301512241364,2806.8637425619972,2806.7567184970007,735,724,3437,160,214,,,,,
vf_w00,mcp4-n100-r08-03,3314.869601265074,7652.500150000001,7652.845563836878,4.513738387538803e-5,12.08752133,3302.782079935074,3275.8643147079997,3275.8177128759985,579,570,46008,160,214,,,,,
vf_w00,mcp4-n100-r08-04,1393.4530782209472,6973.6667999999945,6974.2060306687235,7.732383611001222e-5,11.954321097,1381.4987571239471,1265.7265537390003,1265.6799678709995,465,458,69529,160,214,,,,,
vf_w00,mcp4-n100-r08-05,3003.350358563887,7837.000100000005,7837.000100000005,0.0,10.977990705,2992.3723678588867,2988.158320619998,2988.0441420239995,686,671,2131,160,214,,,,,
vf_w00,mcp4-n100-r08-06,3668.840588370755,6307.666800000003,7432.291202905184,0.17829483366261212,15.836785356,3653.0038030147552,3638.7600017560003,3638.708525793999,574,565,12851,160,214,,,,,
vf_w00,mcp4-n100-r08-07,2623.0765396063157,7155.0001500000035,7155.647585897442,9.048719550876586e-5,16.394807667,2606.681731939316,2255.9442418969998,2255.8970608239993,581,572,209151,160,214,,,,,
vf_w00,mcp4-n100-r08-08,946.368916013694,7455.000166666652,7455.000166666652,0.0,14.640583971,931.7283320426941,921.4245437429998,921.4014008899996,344,333,6874,160,214,,,,,
vf_w00,mcp4-n100-r08-09,528.0596313427533,8006.000100000001,8006.000100000001,0.0,13.062103505,514.9975278377533,514.4085812379999,514.3954365299999,158,156,138,160,214,,,,,
vf_w00,mcp4-n100-r08-10,459.165628535027,7545.000100000008,7545.000100000008,0.0,11.575168473,447.590460062027,447.1116488360001,447.10120684199995,175,167,585,160,214,,,,,
vf_w00,mcp4-n100-r10-01,1035.3942153221417,5748.000100000001,5748.000100000001,0.0,9.13772533,1026.2564899921417,1022.4127083420001,1022.3939929180003,432,425,2872,160,189,,,,,
vf_w00,mcp4-n100-r10-02,1525.007995791978,5565.500150000001,5565.500150000001,0.0,8.775150724,1516.232845067978,1508.4146779390019,1508.3813867660006,668,651,5299,160,189,,,,,
vf_w00,mcp4-n100-r10-03,886.1081308118726,5742.000200000002,5742.000200000002,0.0,8.47022283,877.6379079818726,875.6805197700005,875.6649189540001,354,343,963,160,189,,,,,
vf_w00,mcp4-n100-r10-04,589.653129457713,5337.000099999999,5337.000099999999,0.0,8.66564238,580.987487077713,575.033061644,575.0159258879995,395,388,5308,160,189,,,,,
vf_w00,mcp4-n100-r10-05,1104.5288429677305,5641.600120000005,5641.600120000005,0.0,8.435833019,1096.0930099487305,1091.6286036029996,1091.6028867429998,542,535,2849,160,189,,,,,
vf_w00,mcp4-n100-r10-06,793.2840171724229,4740.28585714286,4740.28585714286,0.0,8.836574164,784.4474430084229,782.6251565219994,782.6068522190003,411,403,2134,160,189,,,,,
vf_w00,mcp4-n100-r10-07,752.9341252641499,4962.0001,4962.0001,0.0,9.063345273,743.8707799911499,737.2212034879999,737.2027825299994,409,401,5996,160,189,,,,,
vf_w00,mcp4-n100-r10-08,724.6192759134108,5207.200240000002,5207.200240000002,0.0,10.294767008,714.3245089054108,712.0202371129998,712.004966834,326,320,1426,160,189,,,,,
vf_w00,mcp4-n100-r10-09,1219.0459169308178,5493.000200000002,5493.333466666661,6.067115501986441e-5,9.87863578,1209.1672811508179,1189.3867303870015,1189.35798684,604,594,14675,160,189,,,,,
vf_w00,mcp4-n100-r10-10,187.80295389106664,5179.0001,5179.0001,0.0,8.133002929,179.66995096206665,179.44665262699988,179.43988222800007,157,153,134,160,189,,,,,
vf_w00,mcp4-n100-r12-01,117.36570739475245,4715.0001,4715.0001,0.0,6.101027486,111.26467990875244,111.10693524099999,111.10285693300001,109,104,97,160,173,,,,,
vf_w00,mcp4-n100-r12-02,483.0021239895992,4416.750149999998,4416.750149999998,0.0,8.367958941,474.63416504859924,474.263270363,474.2492082240003,314,307,396,160,173,,,,,
vf_w00,mcp4-n100-r12-03,532.2967684379041,4371.0001,4371.0001,0.0,6.471221458,525.8255469799042,524.2225741710001,524.2071146630001,353,344,1307,160,173,,,,,
vf_w00,mcp4-n100-r12-04,847.230978762213,4026.0000999999997,4026.0000999999997,0.0,8.484702622,838.746276140213,835.0772169919995,835.053264319,533,524,2636,160,173,,,,,
vf_w00,mcp4-n100-r12-05,510.08431380461803,4321.000100000001,4321.000100000001,0.0,7.067728693,503.01658511161804,499.92723641199984,499.906877027,463,456,2480,160,173,,,,,
vf_w00,mcp4-n100-r12-06,154.66286700800794,4808.000099999999,4808.000099999999,0.0,7.036421953,147.62644505500793,147.31603678199997,147.308036496,201,195,503,160,173,,,,,
vf_w00,mcp4-n100-r12-07,715.6150625103501,4274.000200000001,4274.000200000001,0.0,6.465334689,709.1497278213501,702.7987985320001,702.7753062400004,501,492,4892,160,173,,,,,
vf_w00,mcp4-n100-r12-08,741.5119450924827,4097.000133333333,4097.000133333333,0.0,6.638412082,734.8735330104828,732.9028319560006,732.8778769519998,543,531,883,160,173,,,,,
vf_w00,mcp4-n100-r12-09,386.47334399739174,4716.0001,4716.0001,0.0,8.593318849,377.8800251483917,375.9322026809995,375.91583369600016,357,346,1147,160,173,,,,,
vf_w00,mcp4-n100-r12-10,281.35905840701344,3990.0000999999993,3990.0000999999993,0.0,6.494383362,274.8646750450134,274.44927366900004,274.4365448770001,300,289,485,160,173,,,,,
vf_w00,mcp4-n100-r14-01,378.6403279818872,3127.0001000000007,3127.0681203473523,2.175258879961293e-5,7.319613985,371.3207139968872,362.62509496600006,362.6074489040002,497,487,7197,160,161,,,,,
vf_w00,mcp4-n100-r14-02,407.6198419006642,3279.0001,3279.0001,0.0,6.312671748,401.3071701526642,379.1083754029998,379.08775469800037,476,470,18321,160,161,,,,,
vf_w00,mcp4-n100-r14-03,118.22982646128077,3916.000099999999,3916.000099999999,0.0,5.561656486,112.66816997528076,112.41807516199995,112.41129497600004,179,173,269,160,161,,,,,
vf_w00,mcp4-n100-r14-04,315.7000590929038,3715.0001,3715.0001,0.0,3.879717029,311.8203420639038,311.491521527,311.48025900200014,304,297,363,160,161,,,,,
vf_w00,mcp4-n100-r14-05,134.46630327436205,3551.0001,3551.0001,0.0,4.148501322,130.31780195236206,130.16179612000005,130.15602878299998,150,147,59,160,161,,,,,
vf_w00,mcp4-n100-r14-06,363.036868442313,3210.0001500000008,3210.0001500000008,0.0,7.422384609,355.614483833313,354.5520951380002,354.5329773019998,464,457,1600,160,161,,,,,
vf_w00,mcp4-n100-r14-07,193.53784147227418,3198.0001999999995,3198.0001999999995,0.0,5.627422485,187.91041898727417,187.43780601900002,187.42673660200012,292,280,772,160,161,,,,,
vf_w00,mcp4-n100-r14-08,46.17228406133313,3560.0001,3560.0001,0.0,4.431686098,41.74059796333313,41.62227033400002,41.619772078999986,67,64,36,160,161,,,,,
vf_w00,mcp4-n100-r14-09,347.4041781558599,3627.750162500001,3627.750162500001,0.0,4.712332262,342.69184589385986,323.24789323100015,323.22983685900005,459,451,17947,160,161,,,,,
vf_w00,mcp4-n100-r14-10,249.14339930782347,3540.6001400000005,3540.6001400000005,0.0,5.98810632,243.1552929878235,239.8816723150001,239.8504038959999,388,382,3395,160,161,,,,,
vf_w00,mcp4-n100-r16-01,157.85980291906762,3241.0001,3241.0001,0.0,3.437690931,154.42211198806763,154.17838631700008,154.16855270699992,258,252,272,160,152,,,,,
vf_w00,mcp4-n100-r16-02,163.34123892304603,2910.000149999998,2910.000149999998,0.0,4.112935729,159.22830319404602,158.99373863999998,158.98089945700002,301,296,139,160,152,,,,,
vf_w00,mcp4-n100-r16-03,125.35071579203552,3159.0001,3159.0001,0.0,3.203260815,122.14745497703552,121.90719594,121.89778580199994,253,244,264,160,152,,,,,
vf_w00,mcp4-n100-r16-04,259.78683417187,3067.0001,3067.0001,0.0,4.710751227,255.07608294487,253.94331123799998,253.9303388650001,318,313,861,160,152,,,,,
vf_w00,mcp4-n100-r16-05,217.7620693084198,2811.000100000001,2811.000100000001,0.0,5.15096935,212.6110999584198,212.26332397699963,212.24427596199996,429,419,277,160,152,,,,,
vf_w00,mcp4-n100-r16-06,149.51814227935597,2984.0001,2984.0001,0.0,4.197245177,145.32089710235596,145.07372033299993,145.06069288900002,296,290,91,160,152,,,,,
vf_w00,mcp4-n100-r16-07,66.14251707586158,2678.0001,2678.0001,0.0,5.342397199,60.80011987686157,60.642314094000014,60.63678046900001,135,131,156,160,152,,,,,
vf_w00,mcp4-n100-r16-08,194.60920877389967,3016.0002000000004,3016.0002000000004,0.0,4.254105758,190.35510301589966,189.94197420100005,189.92832964499985,286,276,504,160,152,,,,,
vf_w00,mcp4-n100-r16-09,326.00607348432163,2889.0001600000032,2889.0001600000032,0.0,4.782078514,321.22399497032166,320.2029447879999,320.1842668639997,439,423,793,160,152,,,,,
vf_w00,mcp4-n100-r16-10,114.80057737815088,2992.0001,2992.0001,0.0,3.443261361,111.35731601715088,111.085587716,111.07635435200004,226,220,387,160,152,,,,,
vf_w00,mcp4-n110-r08-01,3837.1518544689525,7453.0001,14914.002481762502,1.0010736994036136,21.539867355,3815.6119871139526,3799.284250243999,3799.2445427830007,652,641,8272,174,233,,,,,
vf_w00,mcp4-n110-r08-02,3743.4217804418436,5642.000200000005,15165.005229000657,1.6878774710076478,23.614546393,3719.8072340488434,3712.5865838920004,3712.5466367659997,684,676,3120,174,233,,,,,
vf_w00,mcp4-n110-r08-03,4161.817818245503,8261.000150000005,14308.137855102039,0.7320103613727728,21.396514258,4140.421303987503,4131.487736071,4131.451700173,604,593,5372,174,233,,,,,
vf_w00,mcp4-n110-r08-04,4164.877945326118,8120.0001,8120.0001,0.0,21.200009249,4143.677936077118,4142.750025387002,4142.723230337999,411,404,958,174,233,,,,,
vf_w00,mcp4-n110-r08-05,4385.640368721918,7733.333499999995,8745.152946177737,0.13083871866870123,23.54715874,4362.093209981918,4359.593183256001,4359.559950406,529,520,1677,174,233,,,,,
vf_w00,mcp4-n110-r08-06,3603.857791031092,7224.50015,16653.798691507156,1.3051835207598628,24.424185837,3579.433605194092,3573.4210226979953,3573.3849209020004,567,556,2635,174,233,,,,,
vf_w00,mcp4-n110-r08-07,4478.42646585061,6135.000100000001,15049.089014445302,1.4529892044248376,28.791748863,4449.63471698761,4445.372486309999,4445.3525064509995,306,295,929,174,233,,,,,
vf_w00,mcp4-n110-r08-08,3796.9590482136846,7531.750175000001,15002.681914997322,0.9919250594364436,23.778153362,3773.1808948516846,3723.780282477001,3723.7420634940027,770,762,25108,174,233,,,,,
vf_w00,mcp4-n110-r08-09,3666.7674976928647,8865.833466666678,8865.833466666678,0.0,24.506034766,3642.2614629268646,3640.709359487001,3640.6765929609983,582,574,1793,174,233,,,,,
vf_w00,mcp4-n110-r08-10,3914.7529348394214,7036.000133333335,15843.777877777778,1.251816028643496,23.42592087,3891.3270139694214,3879.4351862270028,3879.401188863001,690,680,5377,174,233,,,,,
vf_w00,mcp4-n110-r10-01,3412.5265366565673,5975.000099999999,5975.000099999999,0.0,14.917246772,3397.6092898845673,3393.229576668998,3393.1977732479972,638,624,2306,174,205,,,,,
vf_w00,mcp4-n110-r10-02,1826.619567224045,5588.000099999997,5588.000099999997,0.0,15.491081306,1811.128485918045,1799.5970992690002,1799.5736449349993,514,503,7098,174,205,,,,,
vf_w00,mcp4-n110-r10-03,1020.0839252406878,6293.20014,6293.20014,0.0,14.904796117,1005.1791291236877,985.0557463010003,985.0359292139993,442,437,17643,174,205,,,,,
vf_w00,mcp4-n110-r10-04,1618.3961099677656,5736.000100000001,5736.000100000001,0.0,14.490928083,1603.9051818847656,1595.5030751450001,1595.476817319,539,527,5868,174,205,,,,,
vf_w00,mcp4-n110-r10-05,3432.7384248641188,6081.666800000006,6081.666800000006,0.0,15.812015858,3416.926409006119,3411.729095494,3411.6889931879978,736,724,3541,174,205,,,,,
vf_w00,mcp4-n110-r10-06,1354.7782001884016,6171.000100000002,6171.000100000002,0.0,12.351392308,1342.4268078804016,1342.0000316110002,1341.983297179,341,333,469,174,205,,,,,
vf_w00,mcp4-n110-r10-07,1336.746538084493,6631.000100000001,6631.000100000001,0.0,15.098361176,1321.648176908493,1319.7286466139994,1319.7127297340005,356,350,824,174,205,,,,,
vf_w00,mcp4-n110-r10-08,2528.232477169955,6140.000150000003,6140.280573266322,4.5671540630060614e-5,17.798899394,2510.433577775955,2382.3872494470006,2382.3560018060007,720,710,90705,174,205,,,,,
vf_w00,mcp4-n110-r10-09,1685.7958231857428,6376.000149999998,6376.000149999998,0.0,16.65453419,1669.1412889957428,1636.6086508999997,1636.592082591001,346,339,25559,174,205,,,,,
vf_w00,mcp4-n110-r10-10,3845.1726280404523,5978.800140000002,9534.723971628242,0.5947554272366493,17.526024933,3827.6466031074524,3742.837086310001,3742.7978568759995,743,734,39718,174,205,,,,,
vf_w00,mcp4-n110-r12-01,879.3166775448018,5279.500149999997,5279.500149999997,0.0,8.407709573,870.9089679718018,865.4358565199999,865.4176265589998,413,406,4972,174,187,,,,,
vf_w00,mcp4-n110-r12-02,793.3010413790272,4376.000099999999,4376.000099999999,0.0,12.175861373,781.1251800060272,779.6031639029998,779.5859844849999,381,368,909,174,187,,,,,
vf_w00,mcp4-n110-r12-03,665.9758293800882,5184.000099999999,5184.000099999999,0.0,11.795445221,654.1803841590881,651.8797835030001,651.8686054279999,261,254,1792,174,187,,,,,
vf_w00,mcp4-n110-r12-04,1535.7814040879261,4269.000099999999,4269.000099999999,0.0,11.657234023,1524.1241700649261,1522.3551499230002,1522.3278608150006,575,566,884,174,187,,,,,
vf_w00,mcp4-n110-r12-05,2051.9695010890446,4786.500149999996,4786.522865598651,4.7457636985429885e-6,13.299345087,2038.6701560020447,2030.0338667949995,2029.991446786,914,899,6439,174,187,,,,,
vf_w00,mcp4-n110-r12-06,1829.7870195042296,4867.666800000001,4867.739873977398,1.5012115742421728e-5,12.576271547,1817.2107479572296,1813.3687249019997,1813.3345526849996,612,603,2521,174,187,,,,,
vf_w00,mcp4-n110-r12-07,1407.2575952257291,5195.500150000002,5195.500150000002,0.0,12.109451219,1395.1481440067291,1348.7515532700008,1348.7073028760008,744,734,27660,174,187,,,,,
vf_w00,mcp4-n110-r12-08,1586.7828158082618,4649.555699999998,4649.555699999998,0.0,14.295675868,1572.4871399402618,1564.81117721,1564.7827846600003,507,494,6043,174,187,,,,,
vf_w00,mcp4-n110-r12-09,858.1842962329929,4766.000166666665,4766.000166666665,0.0,12.310315234,845.8739809989929,834.5140071539994,834.493247032,363,358,11598,174,187,,,,,
vf_w00,mcp4-n110-r12-10,496.6375777214131,4922.000100000001,4922.000100000001,0.0,13.455885598,483.1816921234131,481.54631432699995,481.52977973900016,297,290,885,174,187,,,,,
vf_w00,mcp4-n110-r14-01,886.5361012399142,4101.80018,4101.938483373875,3.371772582905426e-5,6.548755306,879.9873459339142,863.3030262250008,863.2776030599999,572,561,10400,174,174,,,,,
vf_w00,mcp4-n110-r14-02,882.3226603802017,4067.0001333333353,4067.3025691358025,7.436336182742285e-5,9.327580386,872.9950799942017,847.7996598040002,847.7782085799995,509,502,24671,174,174,,,,,
vf_w00,mcp4-n110-r14-03,175.43612032531348,4554.000100000001,4554.000100000001,0.0,7.750243479,167.68587684631348,167.41082760899997,167.40237922800003,209,204,235,174,174,,,,,
vf_w00,mcp4-n110-r14-04,118.59660535931701,4383.000099999999,4383.000099999999,0.0,6.860414325,111.73619103431702,111.49843129399999,111.494061596,112,107,213,174,174,,,,,
vf_w00,mcp4-n110-r14-05,1055.5537953223354,3578.0001,3578.0001,0.0,9.254842266,1046.2989530563354,1044.3992578109999,1044.37104616,500,491,1055,174,174,,,,,
vf_w00,mcp4-n110-r14-06,493.4877896445543,3597.0001999999995,3597.0001999999995,0.0,10.843656792,482.6441328525543,477.0909466949999,477.0749388700003,302,295,5283,174,174,,,,,
vf_w00,mcp4-n110-r14-07,296.2685829525797,4315.1668,4315.328998604591,3.7588026629964774e-5,9.029200924,287.2393820285797,257.166918688,257.15333299300016,255,251,27452,174,174,,,,,
vf_w00,mcp4-n110-r14-08,697.5702660001867,4166.666800000003,4166.666800000003,0.0,8.245836965,689.3244290351868,683.0247593989995,682.9883366639998,703,696,4674,174,174,,,,,
vf_w00,mcp4-n110-r14-09,464.8130366564547,4067.0002,4067.0002,0.0,7.813156581,456.9998800754547,455.7899281379998,455.76085612899976,566,562,940,174,174,,,,,
vf_w00,mcp4-n110-r14-10,583.8886772453137,3643.0001999999995,3643.0001999999995,0.0,11.13487733,572.7537999153137,569.2660005200005,569.2476850729998,360,354,3208,174,174,,,,,
vf_w00,mcp4-n110-r16-01,295.35355041643896,3365.0001,3365.0001,0.0,5.292325479,290.06122493743896,289.1202773809998,289.10657761000004,340,334,846,174,164,,,,,
vf_w00,mcp4-n110-r16-02,626.005938859641,3295.0001,3295.0001,0.0,5.958100887,620.047837972641,619.3258726939996,619.2994166770006,597,587,647,174,164,,,,,
vf_w00,mcp4-n110-r16-03,286.0053777841377,3681.0002000000004,3681.0002000000004,0.0,6.427235618,279.5781421661377,278.14201598400007,278.1294326899998,294,286,876,174,164,,,,,
vf_w00,mcp4-n110-r16-04,464.2140891846254,3299.3334999999975,3299.3334999999975,0.0,7.364890128,456.84919905662537,453.828329595,453.81238966199965,348,343,3280,174,164,,,,,
vf_w00,mcp4-n110-r16-05,575.4480801481313,3513.0000999999993,3513.0000999999993,0.0,5.050000276,570.3980798721313,569.9767539310004,569.956278152,521,511,285,174,164,,,,,
vf_w00,mcp4-n110-r16-06,388.20638794950474,3310.5001500000017,3310.811656955195,9.409664433731589e-5,5.663138104,382.54324984550476,347.53866375500013,347.5219054959999,432,423,29414,174,164,,,,,
vf_w00,mcp4-n110-r16-07,576.6712547522461,3346.000100000002,3346.3311514490515,9.89394617918518e-5,5.7126137,570.9586410522461,562.2485192089998,562.2309937269999,407,396,11679,174,164,,,,,
vf_w00,mcp4-n110-r16-08,256.067225959569,3322.00015,3322.00015,0.0,5.378958967,250.68826699256897,250.43922066800013,250.43110870499993,306,301,146,174,164,,,,,
vf_w00,mcp4-n110-r16-09,464.0116333515188,3576.0001,3576.0001,0.0,6.530580476,457.4810528755188,456.093945925,456.07978605899973,399,387,712,174,164,,,,,
vf_w00,mcp4-n110-r16-10,549.5624794940983,3257.0001,3257.0001,0.0,7.624811409,541.9376680850983,541.383249958,541.3671392589998,453,444,645,174,164,,,,,
vf_w00,mcp4-n120-r08-01,1650.7409912666287,9001.000100000001,9001.000100000001,0.0,40.708229216,1610.0327620506287,1608.981431399,1608.96940939,155,153,1452,190,254,,,,,
vf_w00,mcp4-n120-r08-02,3624.8571915563034,7551.666900000004,17742.000032291202,1.349415071828869,39.469832414,3585.3873591423035,3578.033197684003,3577.9999794099967,610,605,4790,190,254,,,,,
vf_w00,mcp4-n120-r08-03,5522.445274808024,8269.000100000001,10067.475642807673,0.21749613267118853,36.196580865,5486.248693943024,5479.9168785309985,5479.884737190998,531,527,4461,190,254,,,,,
vf_w00,mcp4-n120-r08-04,4036.9452829922193,6172.000199999998,43095.09358204856,5.982354534280245,39.82536703,3997.1199159622192,3996.7361085849993,3996.7184043520024,304,297,258,190,254,,,,,
vf_w00,mcp4-n120-r08-05,8579.212703329085,7422.000200000002,10358.342594608785,0.3956268277396141,35.912067276,8543.300636053085,8539.752390558997,8539.715950467,586,582,1215,190,254,,,,,
vf_w00,mcp4-n120-r08-06,5464.151930908854,8936.571557142863,17944.79791807541,1.0080181536433186,41.554001908,5422.5979290008545,5417.492192294001,5417.469602082,501,494,3086,190,254,,,,,
vf_w00,mcp4-n120-r08-07,3606.7344823358785,6782.000166666666,19668.30144908501,1.900073866962455,45.908263254,3560.8262190818787,3559.697853205999,3559.680856176001,366,359,523,190,254,,,,,
vf_w00,mcp4-n120-r08-08,4877.861616528766,8466.000100000001,10399.014135087722,0.22832672008682361,44.728573478,4833.133043050766,4829.259976901003,4829.239712582001,418,415,1990,190,254,,,,,
vf_w00,mcp4-n120-r08-09,3639.889205067157,6357.500250000004,18898.380285056184,1.9726118036811988,52.453389256,3587.435815811157,3582.173423366001,3582.1506623680007,505,501,2062,190,254,,,,,
vf_w00,mcp4-n120-r08-10,1034.4534431376255,9149.000100000001,9149.000100000001,0.0,29.647649137,1004.8057940006256,1004.5357428120001,1004.5325849050001,77,75,264,190,254,,,,,
vf_w00,mcp4-n120-r10-01,3631.495527822067,6163.333466666665,12618.532883091635,1.0473552098611592,22.259606916,3609.235920906067,3596.538777228001,3596.5036416819976,710,703,6687,190,224,,,,,
vf_w00,mcp4-n120-r10-02,4750.745264549167,6223.250162500002,7805.683932256363,0.254277705127744,23.805416603,4726.939847946167,4723.169323369001,4723.1363651870015,636,628,878,190,224,,,,,
vf_w00,mcp4-n120-r10-03,3667.5142384324354,6175.000125000008,12829.883535582818,1.0777138908289174,26.355108336,3641.1591300964355,3629.9230056789997,3629.8787178140005,526,519,5437,190,224,,,,,
vf_w00,mcp4-n120-r10-04,3645.577124640861,6521.000200000004,10867.056558511564,0.6664708212264059,22.73229079,3622.8448338508606,3577.341699859998,3577.291686853002,757,746,25911,190,224,,,,,
vf_w00,mcp4-n120-r10-05,3811.297488792899,6967.000100000001,12281.457074602378,0.7628042052995487,25.097326859,3786.200161933899,3764.257528819002,3764.212124051001,731,724,11061,190,224,,,,,
vf_w00,mcp4-n120-r10-06,4318.543105102647,6479.250174999999,7121.5072316172555,0.09912521345377072,25.465159155,4293.077945947647,4289.761836575998,4289.724476486001,542,536,1333,190,224,,,,,
vf_w00,mcp4-n120-r10-07,1219.7903384052265,7019.000100000005,7019.000100000005,0.0,27.900090345,1191.8902480602264,1191.43764444,1191.4223562299997,230,223,488,190,224,,,,,
vf_w00,mcp4-n120-r10-08,4026.8625357763217,6021.000180952379,13468.880349945859,1.2369838806109124,24.124650778,4002.7378849983215,3997.073605871999,3997.032309312999,619,613,2861,190,224,,,,,
vf_w00,mcp4-n120-r10-09,3680.786290389798,6228.000100000001,12513.914080629418,1.0092989530667182,25.874902231,3654.911388158798,3650.935802547,3650.9020734789997,508,498,2234,190,224,,,,,
vf_w00,mcp4-n120-r10-10,3603.123810842332,6069.000199999995,11483.815322472477,0.892208756637129,25.801825836,3577.3219850063324,3559.1140820150003,3559.0718415419988,883,878,8156,190,224,,,,,
vf_w00,mcp4-n120-r12-01,2294.9007237631586,5697.0001,5697.0001,0.0,15.518088885,2279.3826348781586,2276.577127381,2276.550021143998,561,552,1615,190,204,,,,,
vf_w00,mcp4-n120-r12-02,2846.0989748345532,5520.000200000007,5520.311431113766,5.638244610195422e-5,17.701361786,2828.3976130485535,2760.8852220130007,2760.856334245999,652,641,44036,190,204,,,,,
vf_w00,mcp4-n120-r12-03,3900.1524851764602,5181.0001,5501.6901280667,0.06189732134278469,17.888766333,3882.26371884346,3879.263345159999,3879.213342366999,924,914,1054,190,204,,,,,
vf_w00,mcp4-n120-r12-04,3666.2570474354234,5197.000149999998,5600.302749372159,0.07760296088738065,18.945024511,3647.312022924423,3524.559233129998,3524.5143229419987,706,698,77128,190,204,,,,,
vf_w00,mcp4-n120-r12-05,2128.0424039925642,5477.000100000001,5477.000100000001,0.0,19.894239005,2108.148164987564,2105.4799719689995,2105.4483749670007,480,471,1508,190,204,,,,,
vf_w00,mcp4-n120-r12-06,2911.978931692843,5150.3001499999955,5150.3001499999955,0.0,19.421697644,2892.5572340488434,2886.7321710839988,2886.6887330000004,684,672,4104,190,204,,,,,
vf_w00,mcp4-n120-r12-07,3923.006148843436,4997.000100000001,9627.250442817967,0.9266060136396566,20.496328859,3902.509819984436,3879.3928978670046,3879.3276102040004,1041,1028,15856,190,204,,,,,
vf_w00,mcp4-n120-r12-08,3205.871808191959,5772.666800000002,5772.666800000002,0.0,19.847773215,3186.0240349769592,3181.5306203290006,3181.4798402750002,763,757,2572,190,204,,,,,
vf_w00,mcp4-n120-r12-09,4049.1273078443332,5736.0001,6492.124138892366,0.1318207855143458,19.929896784,4029.1974110603333,4027.2813240539986,4027.244684578002,521,514,735,190,204,,,,,
vf_w00,mcp4-n120-r12-10,3989.46718949441,5593.0001,5653.125100000003,0.010750044506525707,19.938028518,3969.52916097641,3965.6493663009983,3965.605656148004,652,640,1969,190,204,,,,,
vf_w00,mcp4-n120-r14-01,207.13534767105787,4963.000099999999,4963.000099999999,0.0,14.842267818,192.29307985305786,191.98457342200007,191.98014321000005,152,146,365,190,190,,,,,
vf_w00,mcp4-n120-r14-02,1499.6566220393852,4841.000149999998,4841.000149999998,0.0,11.971847879,1487.6847741603851,1353.547343207,1353.506081614001,887,880,62900,190,190,,,,,
vf_w00,mcp4-n120-r14-03,1235.371997794248,4269.33346666667,4269.430108922277,2.2636380212999175e-5,15.223487815,1220.148509979248,1176.3463249190004,1176.321549417001,568,556,30579,190,190,,,,,
vf_w00,mcp4-n120-r14-04,1327.572206815395,4003.0001500000003,4003.0001500000003,0.0,18.477368673,1309.094838142395,1307.8180569010008,1307.7974261789998,465,457,1448,190,190,,,,,
vf_w00,mcp4-n120-r14-05,763.2964742861941,4559.000099999999,4559.000099999999,0.0,13.420681306,749.8757929801941,749.40588902,749.3930154109999,333,325,441,190,190,,,,,
vf_w00,mcp4-n120-r14-06,1172.4981579745804,4695.00012,4695.064458352651,1.3703589138832224e-5,14.467116114,1158.0310418605804,1015.6604643289992,1015.6376219120004,572,564,75756,190,190,,,,,
vf_w00,mcp4-n120-r14-07,1905.7188185602602,4324.333466666668,4324.333466666668,0.0,14.310655728,1891.4081628322601,1882.050886902001,1882.0189807610004,624,616,7271,190,190,,,,,
vf_w00,mcp4-n120-r14-08,2328.1141054612513,4333.0002,4333.0002,0.0,13.44001746,2314.674088001251,2303.889784458,2303.8497252990005,606,597,7775,190,190,,,,,
vf_w00,mcp4-n120-r14-09,1703.2854778778908,4077.000100000002,4077.000100000002,0.0,14.883417846,1688.4020600318909,1685.2239090779997,1685.1883638400009,601,586,2008,190,190,,,,,
vf_w00,mcp4-n120-r14-10,1775.690068281615,4344.000100000001,4344.000100000001,0.0,13.18170122,1762.508367061615,1759.5995385510003,1759.547362595,812,804,954,190,190,,,,,
vf_w00,mcp4-n120-r16-01,710.6851131230943,3533.0000999999997,3533.0000999999997,0.0,9.629136017,701.0559771060944,699.2997817090003,699.2806594159996,418,410,820,190,179,,,,,
vf_w00,mcp4-n120-r16-02,1551.4402193281353,4065.0001500000008,4065.0001500000008,0.0,9.643088505,1541.7971308231354,1535.765816546999,1535.731567879,707,695,4846,190,179,,,,,
vf_w00,mcp4-n120-r16-03,585.5337470175663,4025.400140000002,4025.400140000002,0.0,7.237165034,578.2965819835663,569.7534536229997,569.7380434879998,452,444,13458,190,179,,,,,
vf_w00,mcp4-n120-r16-04,930.8017841155129,3979.000100000002,3979.000100000002,0.0,11.626447993,919.1753361225128,917.3842820229993,917.3625032339995,493,486,1020,190,179,,,,,
vf_w00,mcp4-n120-r16-05,912.3358311530891,3748.000100000001,3748.000100000001,0.0,9.231410968,903.1044201850891,895.1614497689994,895.1386848790005,496,487,6026,190,179,,,,,
vf_w00,mcp4-n120-r16-06,804.8916826791155,3716.000150000001,3716.000150000001,0.0,12.45764857,792.4340341091156,790.5584435859998,790.5359527920002,482,469,1056,190,179,,,,,
vf_w00,mcp4-n120-r16-07,1431.1504254914018,3743.500199999994,3743.500199999994,0.0,9.952569542,1421.1978559494019,1416.4840459310005,1416.4484596490001,811,800,3367,190,179,,,,,
vf_w00,mcp4-n120-r16-08,1067.0276461829787,3480.333466666668,3480.333466666668,0.0,13.581266283,1053.4463798999786,1050.1003588120002,1050.0586136129998,642,631,1599,190,179,,,,,
vf_w00,mcp4-n120-r16-09,1274.668675839933,3623.0000999999997,3623.0000999999997,0.0,9.623346746,1265.045329093933,1263.2084417580004,1263.1638465370008,681,672,883,190,179,,,,,
vf_w00,mcp4-n120-r16-10,1780.8455570310177,3788.000133333336,3788.3397226415095,8.964870544355433e-5,12.779751119,1768.0658059120178,1681.1853761030002,1681.1216008530002,900,886,57660,190,179,,,,,
vf_w10,mcp4-n070-r08-01,99.86039618383911,4283.000133333331,4283.000133333331,0.0,3.33458928,96.52580690383911,95.12559644599999,95.11710859899995,230,220,1074,112,160,,,,,
vf_w10,mcp4-n070-r08-02,192.6374121515514,4517.500149999995,4517.500149999995,0.0,3.306403002,189.3310091495514,187.22841096000002,187.21836615300003,252,239,3093,112,160,,,,,
vf_w10,mcp4-n070-r08-03,38.224644625897824,3691.0002000000018,3691.0002000000018,0.0,3.24712869,34.97751593589783,34.665836778,34.66167285799999,123,116,697,112,160,,,,,
vf_w10,mcp4-n070-r08-04,151.90191796173207,4690.000099999999,4690.000099999999,0.0,2.374244002,149.52767395973206,149.16618560400005,149.075822949,221,210,499,112,160,,,,,
vf_w10,mcp4-n070-r08-05,158.82824264616198,3845.000100000001,3845.000100000001,0.0,3.588434802,155.239807844162,153.39812330600003,153.388559303,245,232,1687,112,160,,,,,
vf_w10,mcp4-n070-r08-06,81.87313272480371,4825.000149999997,4825.000149999997,0.0,3.254764576,78.61836814880371,75.59734538900003,75.59054495399998,173,169,6150,112,160,,,,,
vf_w10,mcp4-n070-r08-07,88.0994216476499,3732.0001,3732.0001,0.0,3.753055719,84.3463659286499,83.43398504399998,83.42635250700002,182,176,1683,112,160,,,,,
vf_w10,mcp4-n070-r08-08,70.8747922838285,4167.000099999999,4167.000099999999,0.0,3.538990444,67.33580183982849,67.13537779200001,67.13054598699999,141,132,247,112,160,,,,,
vf_w10,mcp4-n070-r08-09,105.70619510995618,4190.000099999999,4190.000099999999,0.0,3.223581308,102.48261380195618,102.267568498,102.26014404200005,190,186,249,112,160,,,,,
vf_w10,mcp4-n070-r08-10,73.95955134216308,4291.0001,4291.0001,0.0,2.9033475,71.05620384216309,70.57729527399997,70.56994058300003,215,206,557,112,160,,,,,
vf_w10,mcp4-n070-r10-01,44.13659747451587,3716.0002000000004,3716.0002000000004,0.0,1.816324552,42.32027292251587,42.10923676400004,42.10362223500001,164,159,344,112,142,,,,,
vf_w10,mcp4-n070-r10-02,51.49034890499426,3023.00015,3023.00015,0.0,2.528923839,48.96142506599426,48.210173100999995,48.205223785,137,130,1108,112,142,,,,,
vf_w10,mcp4-n070-r10-03,49.044296231777345,3403.0001,3403.0001,0.0,2.742088285,46.302207946777344,46.17043173500001,46.164994334,159,152,130,112,142,,,,,
vf_w10,mcp4-n070-r10-04,53.18190463751917,3412.2501500000003,3412.2501500000003,0.0,1.678068721,51.503835916519165,51.22468554100003,51.21903230800001,173,166,609,112,142,,,,,
vf_w10,mcp4-n070-r10-05,55.00753851038391,3104.0001,3104.0001,0.0,1.80105157,53.20648694038391,52.87888441200001,52.87304165900001,197,186,657,112,142,,,,,
vf_w10,mcp4-n070-r10-06,16.737147937495727,3933.0001999999995,3933.0001999999995,0.0,0.492207895,16.244940042495728,16.129895868,16.127842129,58,55,8,112,142,,,,,
vf_w10,mcp4-n070-r10-07,54.030553370114504,3412.0001,3412.0001,0.0,1.321118384,52.7094349861145,52.523653005999996,52.517457492000005,177,169,292,112,142,,,,,
vf_w10,mcp4-n070-r10-08,55.1497299581029,3314.00015,3314.00015,0.0,1.476211062,53.673518896102905,53.47239547100003,53.46592297499999,198,190,173,112,142,,,,,
vf_w10,mcp4-n070-r10-09,68.95570635169103,3319.6668000000013,3319.731192436975,1.939725907846415e-5,2.811764234,66.14394211769104,64.64872553999997,64.64231659000001,212,204,2272,112,142,,,,,
vf_w10,mcp4-n070-r10-10,50.32518795875439,4003.500149999998,4003.500149999998,0.0,1.165560998,49.159626960754395,49.01641739399999,49.01153066600002,142,137,134,112,142,,,,,
vf_w10,mcp4-n070-r12-01,63.48655873107544,2717.000180000001,2717.000180000001,0.0,1.504189785,61.98236894607544,61.73596284699998,61.72762247999998,256,249,345,112,131,,,,,
vf_w10,mcp4-n070-r12-02,21.446929081469847,2701.3334666666665,2701.3334666666665,0.0,1.395974978,20.05095410346985,19.946551661,19.944015628999995,95,90,90,112,131,,,,,
vf_w10,mcp4-n070-r12-03,33.36321886026416,2729.0001,2729.0001,0.0,1.255223827,32.10799503326416,31.919114791999988,31.914782617999993,138,131,368,112,131,,,,,
vf_w10,mcp4-n070-r12-04,42.51631175204993,2555.000100000002,2555.021568409694,8.402508356773169e-6,1.968817579,40.54749417304993,40.334907587000004,40.32959412600001,185,178,286,112,131,,,,,
vf_w10,mcp4-n070-r12-05,70.44455628659277,2196.0001400000006,2196.0001400000006,0.0,2.566407254,67.87814903259277,67.23541026099997,67.22902337000001,254,245,1279,112,131,,,,,
vf_w10,mcp4-n070-r12-06,31.0213291937323,2249.0001,2249.0001,0.0,1.519482165,29.5018470287323,29.350812295000004,29.347272838,127,121,203,112,131,,,,,
vf_w10,mcp4-n070-r12-07,27.768013167321655,2338.500199999999,2338.500199999999,0.0,2.075268197,25.692744970321655,25.506819625999995,25.50354012799998,110,105,339,112,131,,,,,
vf_w10,mcp4-n070-r12-08,58.66511918121557,2860.333466666667,2860.333466666667,0.0,1.485924254,57.179194927215576,55.95009422300001,55.944269798,170,160,845,112,131,,,,,
vf_w10,mcp4-n070-r12-09,43.00247493817554,2674.0001,2674.0001,0.0,1.331803952,41.67067098617554,41.40627241200001,41.401989254,146,140,635,112,131,,,,,
vf_w10,mcp4-n070-r12-10,43.13435625874817,2880.0002000000013,2880.0002000000013,0.0,1.319072245,41.81528401374817,40.94741878599997,40.942194981,155,150,1270,112,131,,,,,
vf_w10,mcp4-n070-r14-01,15.999688728315064,2391.6668000000022,2391.6668000000022,0.0,1.535397871,14.464290857315063,14.296035768000001,14.292798933,103,99,111,112,122,,,,,
vf_w10,mcp4-n070-r14-02,31.76307050638745,1915.5001499999998,1915.5001499999998,0.0,1.275800628,30.48726987838745,30.271902256000004,30.267360851999992,149,144,290,112,122,,,,,
vf_w10,mcp4-n070-r14-03,24.28248021944031,2035.5715714285711,2035.5715714285711,0.0,0.868186215,23.414294004440308,23.22772362300001,23.224374322,122,117,242,112,122,,,,,
vf_w10,mcp4-n070-r14-04,20.870388860847047,2220.0001500000008,2220.0001500000008,0.0,0.563840027,20.306548833847046,20.211148924,20.207068939999996,116,109,27,112,122,,,,,
vf_w10,mcp4-n070-r14-05,26.49431419020349,1797.5001500000017,1797.5001500000017,0.0,1.717350241,24.77696394920349,24.591985918,24.587562209000016,151,147,301,112,122,,,,,
vf_w10,mcp4-n070-r14-06,36.584638425948484,2060.000199999993,2060.000199999993,0.0,1.830468485,34.754169940948486,34.498504424999986,34.49277063699999,174,169,557,112,122,,,,,
vf_w10,mcp4-n070-r14-07,26.104197071464355,2126.000100000001,2126.000100000001,0.0,1.012176083,25.092020988464355,24.972774747,24.967731514999993,158,152,94,112,122,,,,,
vf_w10,mcp4-n070-r14-08,32.21604959733618,1959.0001000000018,1959.0001000000018,0.0,1.295358584,30.92069101333618,30.69928767200001,30.694964460999984,129,124,309,112,122,,,,,
vf_w10,mcp4-n070-r14-09,39.342496574711426,1995.0001000000025,1995.0001000000025,0.0,1.121704758,38.220791816711426,38.086239312,38.080693628,162,156,135,112,122,,,,,
vf_w10,mcp4-n070-r14-10,26.714664931585204,2080.0001,2080.0001,0.0,1.627677913,25.086987018585205,24.846936295999996,24.842648431000004,132,127,522,112,122,,,,,
vf_w10,mcp4-n070-r16-01,22.625382352510375,2000.0001000000004,2000.0001000000004,0.0,0.603886295,22.021496057510376,21.798135791,21.79244853199999,146,141,366,112,116,,,,,
vf_w10,mcp4-n070-r16-02,20.702591928529298,1713.0001000000002,1713.0001000000002,0.0,0.502018961,20.200572967529297,19.896748503999994,19.89171163,132,126,754,112,116,,,,,
vf_w10,mcp4-n070-r16-03,28.221001546596558,1780.0001333333344,1780.0001333333344,0.0,1.011724632,27.209276914596558,27.073407371,27.067642200999995,151,145,140,112,116,,,,,
vf_w10,mcp4-n070-r16-04,22.23241375410303,2174.000149999997,2174.000149999997,0.0,0.807159886,21.425253868103027,20.791459848000006,20.785949298999984,152,148,1345,112,116,,,,,
vf_w10,mcp4-n070-r16-05,26.69995131622168,1872.0001000000002,1872.0001000000002,0.0,0.863695289,25.83625602722168,25.241738834999992,25.239353735999998,158,151,956,112,116,,,,,
vf_w10,mcp4-n070-r16-06,39.96913690631348,1821.2501250000018,1821.2501250000018,0.0,0.93560381,39.03353309631348,38.378189938,38.37255671299999,197,188,935,112,116,,,,,
vf_w10,mcp4-n070-r16-07,19.684540862572632,1802.500149999998,1802.500149999998,0.0,1.602427835,18.082113027572632,17.889415794999998,17.885787782999998,97,93,381,112,116,,,,,
vf_w10,mcp4-n070-r16-08,20.65214717606726,1836.0001000000002,1836.0001000000002,0.0,1.123911979,19.52823519706726,19.418529346000003,19.41356855600001,133,128,42,112,116,,,,,
vf_w10,mcp4-n070-r16-09,39.921853490930175,1988.0001000000002,1988.0001000000002,0.0,1.1505856,38.771267890930176,38.543728441999995,38.535764332999996,207,196,307,112,116,,,,,
vf_w10,mcp4-n070-r16-10,18.554154773664795,1810.0001666666662,1810.0001666666662,0.0,0.689481636,17.864673137664795,17.723563738999992,17.720827595,133,128,59,112,116,,,,,
vf_w10,mcp4-n080-r08-01,293.44652899108263,4810.833483333332,4811.16818390561,6.957226298469696e-5,5.191874822,288.25465416908264,258.72430613499984,258.706120103,491,484,44901,128,181,,,,,
vf_w10,mcp4-n080-r08-02,281.40695418168104,5122.000300000005,5122.000300000005,0.0,4.694342268,276.71261191368103,276.1721562619999,276.16043091399996,308,300,778,128,181,,,,,
vf_w10,mcp4-n080-r08-03,308.6534660167002,6000.0001,6000.0001,0.0,4.771979124,303.8814868927002,302.574104911,302.5629862780001,301,294,1862,128,181,,,,,
vf_w10,mcp4-n080-r08-04,58.03731541012805,5927.1112666666595,5927.1112666666595,0.0,4.150923532,53.88639187812805,53.709072496000005,53.70664046500001,74,69,103,128,181,,,,,
vf_w10,mcp4-n080-r08-05,359.8353023533435,5400.000100000001,5400.000100000001,0.0,5.50191927,354.3333830833435,352.11018900299985,352.09590614,378,368,1128,128,181,,,,,
vf_w10,mcp4-n080-r08-06,221.72092682529882,4848.000200000001,4848.000200000001,0.0,5.120199744,216.60072708129883,211.45905210799995,211.4485371480001,292,289,10085,128,181,,,,,
vf_w10,mcp4-n080-r08-07,259.7964918507782,4926.000149999997,4926.000149999997,0.0,4.82198285,254.9745090007782,254.574748483,254.5664262700001,224,214,623,128,181,,,,,
vf_w10,mcp4-n080-r08-08,248.97315306069422,5168.000100000001,5168.000100000001,0.0,5.323164171,243.6499888896942,242.37513959799992,242.36564531700012,268,261,1071,128,181,,,,,
vf_w10,mcp4-n080-r08-09,480.1406344456456,5038.500150000007,5038.500150000007,0.0,5.835461287,474.30517315864563,458.1437750479999,458.1310897730002,334,323,31992,128,181,,,,,
vf_w10,mcp4-n080-r08-10,182.78541691922914,4610.000099999999,4610.000099999999,0.0,6.09723385,176.68818306922913,176.27864897999999,176.27193821100005,178,172,763,128,181,,,,,
vf_w10,mcp4-n080-r10-01,128.9894343283252,3691.0001500000008,3691.0001500000008,0.0,3.888953295,125.1004810333252,124.23957745300001,124.23124783700004,218,213,673,128,161,,,,,
vf_w10,mcp4-n080-r10-02,144.22285792108715,3995.25015,3995.25015,0.0,4.064166038,140.15869188308716,139.91396012599998,139.90583287899995,213,205,348,128,161,,,,,
vf_w10,mcp4-n080-r10-03,175.8144034292312,4124.0001,4124.0001,0.0,3.682663336,172.1317400932312,171.76394873399997,171.75273018900006,300,289,475,128,161,,,,,
vf_w10,mcp4-n080-r10-04,114.40099563036267,4292.000200000003,4292.000200000003,0.0,2.697565693,111.70342993736267,107.10740427600007,107.10040060800002,187,183,9010,128,161,,,,,
vf_w10,mcp4-n080-r10-05,173.81515196846826,3823.0002,3823.0002,0.0,3.872690001,169.94246196746826,168.6537847889999,168.64322172299998,292,286,1289,128,161,,,,,
vf_w10,mcp4-n080-r10-06,91.72776299460449,4038.0001000000025,4038.0001000000025,0.0,3.700634775,88.02712821960449,87.826676306,87.81943217299995,179,171,240,128,161,,,,,
vf_w10,mcp4-n080-r10-07,95.25729988102906,3943.0001,3943.0001,0.0,3.008439045,92.24886083602905,92.033502223,92.02743809700002,173,166,225,128,161,,,,,
vf_w10,mcp4-n080-r10-08,125.3401902999082,4339.000099999999,4339.000099999999,0.0,3.381217369,121.9589729309082,121.64928229499998,121.64196683600002,196,189,489,128,161,,,,,
vf_w10,mcp4-n080-r10-09,169.33505602580908,3860.0001,3860.1344283582116,3.480009189932545e-5,4.198942859,165.13611316680908,164.67888725199984,164.66905705299988,267,256,752,128,161,,,,,
vf_w10,mcp4-n080-r10-10,271.3419968477528,4385.500149999999,4385.500149999999,0.0,3.410002648,267.9319941997528,267.09733282799994,267.08292450500005,373,364,720,128,161,,,,,
vf_w10,mcp4-n080-r12-01,94.45252259788147,3733.0001,3733.0001,0.0,1.42233666,93.03018593788147,92.84474906700002,92.83922702199999,169,164,64,128,148,,,,,
vf_w10,mcp4-n080-r12-02,119.7435311600033,3525.5001500000035,3525.5001500000035,0.0,2.356843166,117.3866879940033,114.69412488300001,114.68585381000003,274,267,4420,128,148,,,,,
vf_w10,mcp4-n080-r12-03,57.92374111601184,3056.000100000001,3056.000100000001,0.0,2.950761332,54.97297978401184,54.742691374,54.73687168600001,169,165,363,128,148,,,,,
vf_w10,mcp4-n080-r12-04,44.127305149572265,3247.0001999999995,3247.0001999999995,0.0,2.222272038,41.905033111572266,41.657499564000005,41.65353749199998,121,118,399,128,148,,,,,
vf_w10,mcp4-n080-r12-05,102.02508077091821,3280.0001000000007,3280.0001000000007,0.0,2.888683886,99.13639688491821,98.193480856,98.18433691600006,271,267,1028,128,148,,,,,
vf_w10,mcp4-n080-r12-06,57.718116202200804,3081.333466666667,3081.333466666667,0.0,2.348462262,55.369653940200806,53.21461581000002,53.208074882,194,190,3481,128,148,,,,,
vf_w10,mcp4-n080-r12-07,73.02305741767114,2996.000200000001,2996.000200000001,0.0,3.031056361,69.99200105667114,69.80470818899998,69.79868755099997,183,175,291,128,148,,,,,
vf_w10,mcp4-n080-r12-08,95.1885195302461,2750.0001000000007,2750.0001000000007,0.0,3.946675353,91.2418441772461,90.97158519800001,90.96478575300004,205,198,480,128,148,,,,,
vf_w10,mcp4-n080-r12-09,68.42585426859144,3034.0001000000007,3034.0001000000007,0.0,2.086321178,66.33953309059143,66.218728531,66.201254952,190,185,72,128,148,,,,,
vf_w10,mcp4-n080-r12-10,88.77612896263513,3249.0001,3249.0001,0.0,2.944382146,85.83174681663513,85.52330197399996,85.51619113200002,191,184,504,128,148,,,,,
vf_w10,mcp4-n080-r14-01,68.28926738820435,2692.0001,2692.0001,0.0,1.996252385,66.29301500320435,65.65172662599998,65.645962238,179,174,594,128,139,,,,,
vf_w10,mcp4-n080-r14-02,54.675572612718874,2471.0001999999986,2471.0001999999986,0.0,2.085275629,52.59029698371887,51.84348955799999,51.73986048500003,181,177,785,128,139,,,,,
vf_w10,mcp4-n080-r14-03,88.21597421151355,2417.500150000001,2417.500150000001,0.0,1.811478257,86.40449595451355,85.69678748099994,85.687724171,251,237,829,128,139,,,,,
vf_w10,mcp4-n080-r14-04,49.140454307506104,2289.0001,2289.0001,0.0,1.962885395,47.1775689125061,46.94526585499999,46.939454932,166,162,384,128,139,,,,,
vf_w10,mcp4-n080-r14-05,18.416969350914307,2817.0001,2817.0001,0.0,1.47281032,16.944159030914307,16.866230571,16.865130079000004,62,60,38,128,139,,,,,
vf_w10,mcp4-n080-r14-06,56.452872235810915,2750.500150000001,2750.500150000001,0.0,1.601281364,54.85159087181091,54.297211686999994,54.291594241000006,171,167,713,128,139,,,,,
vf_w10,mcp4-n080-r14-07,104.92709791454187,2926.000100000001,2926.000100000001,0.0,1.440400956,103.48669695854187,102.43648587300001,102.42202513399998,292,281,1217,128,139,,,,,
vf_w10,mcp4-n080-r14-08,87.99498265032142,2455.500149999999,2455.500149999999,0.0,1.711957624,86.28302502632141,85.14390851399997,85.135531981,224,214,1804,128,139,,,,,
vf_w10,mcp4-n080-r14-09,52.31386365712549,2462.5001500000008,2462.5001500000008,0.0,2.094765566,50.21909809112549,49.996216269999984,49.990310906999994,180,171,418,128,139,,,,,
vf_w10,mcp4-n080-r14-10,64.58240499080836,2858.000133333335,2858.000133333335,0.0,0.964514156,63.61789083480835,61.941083353000025,61.93210532099995,228,221,2310,128,139,,,,,
vf_w10,mcp4-n080-r16-01,21.99197206068213,2328.0001,2328.0001,0.0,1.164136024,20.82783603668213,20.709468335,20.70644307500001,103,101,21,128,131,,,,,
vf_w10,mcp4-n080-r16-02,31.23165769874109,2142.5001499999994,2142.5001499999994,0.0,1.495517686,29.73614001274109,27.860506789999995,27.857312564000004,122,118,3881,128,131,,,,,
vf_w10,mcp4-n080-r16-03,29.318540147086427,1936.5001500000017,1936.5001500000017,0.0,1.295258096,28.023282051086426,27.85810922200001,27.853819567999988,123,119,80,128,131,,,,,
vf_w10,mcp4-n080-r16-04,51.26542556790247,2156.7501499999994,2156.7501499999994,0.0,0.784480696,50.480944871902466,48.551193622999996,48.54298058800002,253,250,3560,128,131,,,,,
vf_w10,mcp4-n080-r16-05,35.84523851046497,2229.0001,2229.0001,0.0,1.838292662,34.006945848464966,33.86511352399999,33.86159322900001,124,120,102,128,131,,,,,
vf_w10,mcp4-n080-r16-06,32.580938490204346,2299.0001,2299.0001,0.0,1.319173487,31.261765003204346,31.127294134000007,31.12405816299999,126,120,47,128,131,,,,,
vf_w10,mcp4-n080-r16-07,29.801330913376464,2319.666833333335,2319.666833333335,0.0,1.649896015,28.151434898376465,26.164853899999997,26.16077559699999,116,113,3864,128,131,,,,,
vf_w10,mcp4-n080-r16-08,18.932378606998903,1812.0001000000007,1812.0001000000007,0.0,1.545649605,17.3867290019989,17.270514683000002,17.2677749,87,82,44,128,131,,,,,
vf_w10,mcp4-n080-r16-09,52.600754393095826,1992.0001000000002,1992.0001000000002,0.0,1.752473248,50.848281145095825,50.47983523200001,50.47344620299998,236,227,664,128,131,,,,,
vf_w10,mcp4-n080-r16-10,37.54739450301941,1627.0000999999997,1627.0000999999997,0.0,1.59379958,35.95359492301941,35.635263187999996,35.62851676799999,191,186,531,128,131,,,,,
vf_w10,mcp4-n090-r08-01,1165.2203430251668,6051.333466666667,6051.916042028992,9.627222917625255e-5,8.250761898,1156.9695811271667,1145.0670445779992,1145.042674433,555,543,9440,144,203,,,,,
vf_w10,mcp4-n090-r08-02,439.0357326177715,6350.0000999999975,6350.0000999999975,0.0,6.760162702,432.2755699157715,430.70616039600014,430.6923776579999,334,327,1168,144,203,,,,,
vf_w10,mcp4-n090-r08-03,752.1478106715524,6544.400119999998,6544.400119999998,0.0,7.691593621,744.4562170505524,721.1386193590001,721.1180148429994,470,463,35127,144,203,,,,,
vf_w10,mcp4-n090-r08-04,986.7488115895924,5604.0002,5604.0002,0.0,8.643445598,978.1053659915924,974.4356426699998,974.420489393,341,332,1574,144,203,,,,,
vf_w10,mcp4-n090-r08-05,1830.7689654612573,5733.500150000002,5733.808571454879,5.379287465042347e-5,9.12531636,1821.6436491012573,1817.547738162,1817.517048515999,622,609,3628,144,203,,,,,
vf_w10,mcp4-n090-r08-06,824.4815664738534,6854.833483333331,6854.833483333331,0.0,8.965658471,815.5159080028534,814.8168519579993,814.799662241,353,347,725,144,203,,,,,
vf_w10,mcp4-n090-r08-07,1428.555728868244,6628.500150000003,6628.500150000003,0.0,7.544332937,1421.011395931244,1412.0224782629991,1411.9938121240014,654,636,12407,144,203,,,,,
vf_w10,mcp4-n090-r08-08,967.623031444815,5870.000149999995,5870.0001999999995,8.517888060677819e-9,9.325514622,958.2975168228149,951.150471590001,951.1319205789996,362,355,14988,144,203,,,,,
vf_w10,mcp4-n090-r08-09,940.3451655284389,5690.500150000002,5690.500150000002,0.0,8.147003688,932.1981618404388,923.0600379079999,923.0383951060007,415,402,7743,144,203,,,,,
vf_w10,mcp4-n090-r08-10,646.1320842005179,6615.000100000001,6615.000100000001,0.0,9.041864226,637.0902199745178,636.7268468990001,636.7135278880004,256,251,177,144,203,,,,,
vf_w10,mcp4-n090-r10-01,1144.0143222403813,5127.500150000001,5127.500150000001,0.0,6.789582212,1137.2247400283813,1134.4179362809998,1134.3896836390006,580,564,3415,144,180,,,,,
vf_w10,mcp4-n090-r10-02,695.0304281006039,4945.000199999999,4945.19790721656,3.998123530143974e-5,5.908459116,689.1219689846039,680.4833825610006,680.4589147349992,533,519,13686,144,180,,,,,
vf_w10,mcp4-n090-r10-03,438.64926251728394,4279.0001,4279.0001,0.0,7.207467645,431.44179487228394,430.99192156799984,430.9806808539998,285,278,431,144,180,,,,,
vf_w10,mcp4-n090-r10-04,264.55490066713793,4416.0001,4416.0001,0.0,6.397116682,258.15778398513794,257.8252864330001,257.8141764060001,241,233,421,144,180,,,,,
vf_w10,mcp4-n090-r10-05,782.6397334111085,4297.000100000001,4297.000100000001,0.0,7.396171428,775.2435619831085,774.085264999999,774.0660612520006,480,468,1396,144,180,,,,,
vf_w10,mcp4-n090-r10-06,737.1210060099899,4412.000200000001,4412.262826262642,5.9525442143198176e-5,6.772821186,730.3481848239899,719.158989221,719.1361555000002,523,511,23656,144,180,,,,,
vf_w10,mcp4-n090-r10-07,488.3768256249509,4309.000100000001,4309.000100000001,0.0,6.029362494,482.3474631309509,480.1456197340001,480.1299809130002,389,377,1142,144,180,,,,,
vf_w10,mcp4-n090-r10-08,349.68240551135915,4828.000133333334,4828.33343333333,6.903479510999356e-5,4.744133512,344.93827199935913,344.55200313099994,344.5406544760001,345,335,273,144,180,,,,,
vf_w10,mcp4-n090-r10-09,204.75834595433435,5061.000099999999,5061.000099999999,0.0,5.775788896,198.98255705833435,198.14287270800006,198.13577676199986,215,212,657,144,180,,,,,
vf_w10,mcp4-n090-r10-10,441.7209130814917,4562.400139999996,4562.400139999996,0.0,6.080102115,435.6408109664917,428.59855753699986,428.5812330270001,419,411,4692,144,180,,,,,
vf_w10,mcp4-n090-r12-01,241.31498375633325,3706.400139999999,3706.400139999999,0.0,4.682025821,236.63295793533325,236.254322352,236.243013846,311,305,397,144,165,,,,,
vf_w10,mcp4-n090-r12-02,227.432710529473,3871.0001500000008,3871.0001500000008,0.0,4.500709654,222.93200087547302,221.9268976480001,221.91634224800003,268,261,880,144,165,,,,,
vf_w10,mcp4-n090-r12-03,415.3511929266133,3755.0001,3755.0001,0.0,5.267506098,410.0836868286133,409.3604709910002,409.33831235699984,574,565,698,144,165,,,,,
vf_w10,mcp4-n090-r12-04,390.7804026936361,3608.0001500000017,3608.2223555555665,6.1586903083934e-5,5.288291726,385.4921109676361,378.42699585000025,378.4095471400001,511,499,10702,144,165,,,,,
vf_w10,mcp4-n090-r12-05,185.97822646944385,3550.0001,3550.0001,0.0,4.966743277,181.01148319244385,180.65523015100004,180.64576864400001,304,293,376,144,165,,,,,
vf_w10,mcp4-n090-r12-06,181.63964809536682,3339.000200000001,3339.000200000001,0.0,4.86160411,176.77804398536682,176.44363477699997,176.43650355899996,282,276,457,144,165,,,,,
vf_w10,mcp4-n090-r12-07,201.13629405293395,3782.500150000002,3782.500150000002,0.0,3.99874203,197.13755202293396,188.32128290999992,188.31450305399994,232,226,20584,144,165,,,,,
vf_w10,mcp4-n090-r12-08,140.73940405816748,3672.0001000000007,3672.0001000000007,0.0,5.901991224,134.83741283416748,134.48801706999998,134.47940087499998,229,220,394,144,165,,,,,
vf_w10,mcp4-n090-r12-09,114.73776250988611,4184.0001,4184.0001,0.0,3.280319511,111.45744299888611,111.05044532099997,111.04147231899998,223,219,512,144,165,,,,,
vf_w10,mcp4-n090-r12-10,297.7777459515505,3350.333466666667,3350.333466666667,0.0,5.263569106,292.51417684555054,285.53963601699996,285.508686899,437,427,9369,144,165,,,,,
vf_w10,mcp4-n090-r14-01,119.11323714579687,3413.0001000000007,3413.0001000000007,0.0,2.820543054,116.29269409179688,116.10144218199996,116.09367464600003,190,185,110,144,155,,,,,
vf_w10,mcp4-n090-r14-02,61.50285054850061,3182.000149999996,3182.000149999996,0.0,3.543980376,57.95887017250061,57.77465201,57.77012484499999,116,111,284,144,155,,,,,
vf_w10,mcp4-n090-r14-03,212.3710371744734,3149.0002000000004,3149.0002000000004,0.0,3.976800133,208.3942370414734,207.53701835400003,207.52369090000008,301,293,713,144,155,,,,,
vf_w10,mcp4-n090-r14-04,102.23374133899854,3646.0001,3646.0001,0.0,3.131514128,99.10222721099854,98.77544707000001,98.767262453,197,191,411,144,155,,,,,
vf_w10,mcp4-n090-r14-05,169.751013852281,3044.0001,3044.0001,0.0,3.891873933,165.859139919281,163.7654480539999,163.75172022499984,326,319,2965,144,155,,,,,
vf_w10,mcp4-n090-r14-06,177.16167742702808,3399.3334666666638,3399.3334666666638,0.0,3.614196367,173.54748106002808,172.98268853200005,172.969356262,287,280,802,144,155,,,,,
vf_w10,mcp4-n090-r14-07,183.72264992437965,2659.6668333333314,2659.6668333333314,0.0,3.483137004,180.23951292037964,179.52060230800004,179.5071388570001,304,293,1164,144,155,,,,,
vf_w10,mcp4-n090-r14-08,281.8720186716029,2623.500133333331,2623.500133333331,0.0,4.361585713,277.5104329586029,275.610548981,275.592049139,412,400,1086,144,155,,,,,
vf_w10,mcp4-n090-r14-09,252.75386993289527,2984.0002000000004,2984.0002000000004,0.0,4.135054034,248.61881589889526,244.24814000400005,244.230751951,463,450,5566,144,155,,,,,
vf_w10,mcp4-n090-r14-10,89.41209092672827,2664.0001,2664.0001,0.0,3.670622974,85.74146795272827,85.35237353200006,85.346090464,245,237,440,144,155,,,,,
vf_w10,mcp4-n090-r16-01,162.04372837154602,2082.333466666666,2082.333466666666,0.0,3.43749549,158.60623288154602,157.35083423500004,157.33860765900008,315,302,1522,144,147,,,,,
vf_w10,mcp4-n090-r16-02,145.12767672821315,2594.00015,2594.00015,0.0,3.133571866,141.99410486221313,138.86623601600007,138.85344743899998,375,360,4798,144,147,,,,,
vf_w10,mcp4-n090-r16-03,121.34612297940589,2573.333466666667,2573.5275612973714,7.542537071805554e-5,2.999216079,118.34690690040588,117.29206347799995,117.28021997399995,261,252,1279,144,147,,,,,
vf_w10,mcp4-n090-r16-04,102.32284310911511,2174.000140000003,2174.000140000003,0.0,3.339108263,98.98373484611511,94.96805451699998,94.960872247,240,236,7066,144,147,,,,,
vf_w10,mcp4-n090-r16-05,79.60315353881128,2710.0001499999994,2710.0001499999994,0.0,2.260029626,77.34312391281128,77.15679307,77.15061565199997,191,185,110,144,147,,,,,
vf_w10,mcp4-n090-r16-06,105.15843878035058,2677.0001,2677.0001,0.0,3.339661696,101.81877708435059,100.7768607,100.76766574000003,217,212,966,144,147,,,,,
vf_w10,mcp4-n090-r16-07,142.6884014945392,2343.000150000001,2343.000150000001,0.0,2.37268642,140.31571507453918,139.884926807,139.876160527,303,292,624,144,147,,,,,
vf_w10,mcp4-n090-r16-08,64.50012965493445,2537.0001000000007,2537.0001000000007,0.0,2.121262744,62.37886691093445,62.189930502000024,62.184428964000006,173,169,77,144,147,,,,,
vf_w10,mcp4-n090-r16-09,117.4999826898053,2431.0002000000004,2431.0002000000004,0.0,3.698903655,113.8010790348053,111.94425426800002,111.93767540599995,259,251,2463,144,147,,,,,
vf_w10,mcp4-n090-r16-10,112.5519200760016,2754.0001,2754.0001,0.0,2.24030294,110.31161713600159,109.94720669499999,109.93889742400002,237,230,477,144,147,,,,,
vf_w10,mcp4-n100-r08-01,3083.5295682637798,6727.000199999999,6727.000199999999,0.0,12.149692127,3071.37987613678,3064.4584469260008,3064.420382117,754,739,5840,160,224,,,,,
vf_w10,mcp4-n100-r08-02,3222.4376020009445,7489.764852941167,7490.381710416641,8.236005903864561e-5,10.349842983,3212.0877590179443,3189.3611448569977,3189.3212632989957,843,828,32500,160,224,,,,,
vf_w10,mcp4-n100-r08-03,3228.6790056130776,7652.500149999999,7652.500149999999,0.0,11.186891546,3217.4921140670776,3212.175588378999,3212.1469691349967,578,567,4183,160,224,,,,,
vf_w10,mcp4-n100-r08-04,1340.2635186035327,6973.666799999999,6973.666799999999,0.0,10.97139767,1329.2921209335327,1326.7031407819995,1326.6686298479997,749,739,1302,160,224,,,,,
vf_w10,mcp4-n100-r08-05,2222.4658687818396,7837.000100000003,7837.000100000003,0.0,10.149700712,2212.3161680698395,2210.9316169169983,2210.8937208300013,750,738,673,160,224,,,,,
vf_w10,mcp4-n100-r08-06,2519.263993080934,6773.400139999997,6773.400139999997,0.0,13.994283017,2505.2697100639343,2474.376538034999,2474.3435927499986,644,634,43302,160,224,,,,,
vf_w10,mcp4-n100-r08-07,2338.6206129891566,7155.000150000002,7155.000150000002,0.0,14.587785135,2324.0328278541565,2304.568975564,2304.5313832440006,758,751,22252,160,224,,,,,
vf_w10,mcp4-n100-r08-08,1519.0567165933219,7455.000166666664,7455.000166666664,0.0,12.739189776,1506.3175268173218,1483.2692590029997,1483.246769954001,458,450,19877,160,224,,,,,
vf_w10,mcp4-n100-r08-09,1651.067177594915,8006.0001,8006.0001,0.0,11.516905607,1639.550271987915,1638.8483873119994,1638.830542321,366,354,764,160,224,,,,,
vf_w10,mcp4-n100-r08-10,538.5907682124392,7545.000100000001,7545.000100000001,0.0,10.914745206,527.6760230064392,527.375916882,527.3677879149999,171,165,232,160,224,,,,,
vf_w10,mcp4-n100-r10-01,702.9583988396488,5748.0001,5748.0001,0.0,9.162803909,693.7955949306488,692.8822880690001,692.8672067040001,343,336,629,160,199,,,,,
vf_w10,mcp4-n100-r10-02,863.9805942873313,5565.50015,5566.000100000001,8.983020151410168e-5,8.896880279,855.0837140083313,794.0021557250003,793.9792170180002,495,489,77156,160,199,,,,,
vf_w10,mcp4-n100-r10-03,276.28752957896654,5742.000199999993,5742.000199999993,0.0,8.475802532,267.81172704696655,267.62124047000003,267.6149749860001,146,142,206,160,199,,,,,
vf_w10,mcp4-n100-r10-04,619.2316122857728,5337.000099999999,5337.000099999999,0.0,8.696723303,610.5348889827728,602.2985613629995,602.281800403,374,364,6275,160,199,,,,,
vf_w10,mcp4-n100-r10-05,923.8300242181742,5641.600119999988,5642.093267426403,8.741268716771589e-5,8.572969174,915.2570550441742,879.1189473720003,879.0831945249992,544,536,24863,160,199,,,,,
vf_w10,mcp4-n100-r10-06,1111.35463580442,4740.28585714286,4740.28585714286,0.0,9.052347749,1102.30228805542,1100.519377115,1100.4948449659998,504,494,1094,160,199,,,,,
vf_w10,mcp4-n100-r10-07,575.1672956849822,4962.0001,4962.0001,0.0,9.201851597,565.9654440879822,557.3583007999999,557.3420422950003,370,366,14573,160,199,,,,,
vf_w10,mcp4-n100-r10-08,740.7189893432616,5207.200240000004,5207.200240000004,0.0,10.264616222,730.4543731212616,729.9721706050004,729.9590278530006,293,286,542,160,199,,,,,
vf_w10,mcp4-n100-r10-09,1038.0320900530714,5493.000199999999,5493.000199999999,0.0,9.698772058,1028.3333179950714,1015.487190035,1015.462037745,548,541,26005,160,199,,,,,
vf_w10,mcp4-n100-r10-10,603.8862739422833,5179.000100000001,5179.000100000001,0.0,8.07815393,595.8081200122833,595.2768147670004,595.2590746759995,404,396,403,160,199,,,,,
vf_w10,mcp4-n100-r12-01,375.64776359305677,4715.000100000001,4715.000100000001,0.0,6.294126613,369.35363698005676,369.03828196800015,369.0250718809999,297,291,157,160,183,,,,,
vf_w10,mcp4-n100-r12-02,420.5953735740995,4416.75015,4416.75015,0.0,8.511449519,412.0839240550995,407.09598257399995,407.0789527810001,359,355,7163,160,183,,,,,
vf_w10,mcp4-n100-r12-03,538.7603339351297,4371.000100000001,4371.000100000001,0.0,6.749824921,532.0105090141296,530.7461464259997,530.7297498520003,315,306,1230,160,183,,,,,
vf_w10,mcp4-n100-r12-04,813.0393596711366,4026.000100000001,4026.000100000001,0.0,8.683863503,804.3554961681366,802.1885801350002,802.1603570290004,549,544,1444,160,183,,,,,
vf_w10,mcp4-n100-r12-05,712.0904339080288,4321.000099999999,4321.000099999999,0.0,7.313793016,704.7766408920288,700.0373274039997,700.0107544859994,538,525,4257,160,183,,,,,
vf_w10,mcp4-n100-r12-06,530.1719709800669,4808.000099999999,4808.000099999999,0.0,7.545425074,522.6265459060669,519.1568412440004,519.1371941160003,439,431,3868,160,183,,,,,
vf_w10,mcp4-n100-r12-07,633.3943503820442,4274.000200000001,4274.000200000001,0.0,6.762384268,626.6319661140442,625.2707604990002,625.243649196,571,562,929,160,183,,,,,
vf_w10,mcp4-n100-r12-08,601.5217390900716,4097.000133333327,4097.111028242268,2.7067343259021695e-5,6.776748026,594.7449910640717,579.403992242,579.3822330749999,470,462,27638,160,183,,,,,
vf_w10,mcp4-n100-r12-09,484.5756431233611,4716.000099999999,4716.000099999999,0.0,8.867424072,475.7082190513611,474.53110938900005,474.5143015639999,353,345,869,160,183,,,,,
vf_w10,mcp4-n100-r12-10,390.5616130402014,3990.0001000000016,3990.0001000000016,0.0,6.69890924,383.8627038002014,383.301892906,383.2811330939999,453,445,304,160,183,,,,,
vf_w10,mcp4-n100-r14-01,581.2810496159902,3127.0001,3127.0001,0.0,7.519456751,573.7615928649902,570.9556777460001,570.9290443130001,588,574,2824,160,171,,,,,
vf_w10,mcp4-n100-r14-02,524.0361918878233,3279.0001,3279.0001,0.0,6.368743844,517.6674480438232,512.3142755519997,512.2884191300005,585,576,8923,160,171,,,,,
vf_w10,mcp4-n100-r14-03,162.11398795110046,3916.0001,3916.0001,0.0,5.717355995,156.39663195610046,155.692435086,155.67788963900003,315,307,574,160,171,,,,,
vf_w10,mcp4-n100-r14-04,269.86769841665966,3715.0001,3715.0001,0.0,3.970425353,265.89727306365967,265.48663222299996,265.47414833199986,274,267,542,160,171,,,,,
vf_w10,mcp4-n100-r14-05,324.68462886030943,3551.0000999999993,3551.0000999999993,0.0,4.272802965,320.41182589530945,315.70755839400016,315.691323758,351,344,7844,160,171,,,,,
vf_w10,mcp4-n100-r14-06,489.614492571853,3210.0001500000008,3210.0001500000008,0.0,7.588164485,482.026328086853,480.17735039000024,480.154070262,494,484,1416,160,171,,,,,
vf_w10,mcp4-n100-r14-07,156.10767280796483,3198.0001999999995,3198.0001999999995,0.0,5.716719744,150.39095306396484,150.09606367799998,150.08584116699996,224,219,189,160,171,,,,,
vf_w10,mcp4-n100-r14-08,322.1982246985283,3560.0000999999993,3560.0000999999993,0.0,4.640437757,317.5577869415283,316.617244336,316.60265304300003,325,317,574,160,171,,,,,
vf_w10,mcp4-n100-r14-09,188.6741687080813,3627.7501624999977,3627.7501624999977,0.0,4.977661731,183.6965069770813,173.39402217900002,173.38164077999988,289,285,16216,160,171,,,,,
vf_w10,mcp4-n100-r14-10,323.3989365692606,3540.6001399999946,3540.6001399999946,0.0,6.382271349,317.0166652202606,314.5029061090002,314.4865389210002,377,370,3309,160,171,,,,,
vf_w10,mcp4-n100-r16-01,290.11614428101893,3241.0001,3241.0001,0.0,3.558161121,286.5579831600189,286.1743123239999,286.159410706,341,334,297,160,162,,,,,
vf_w10,mcp4-n100-r16-02,261.7788986078894,2910.0001500000003,2910.0001500000003,0.0,4.17109574,257.6078028678894,256.70803453900004,256.690088895,395,387,1061,160,162,,,,,
vf_w10,mcp4-n100-r16-03,212.38889142626832,3159.0000999999993,3159.0000999999993,0.0,3.36448547,209.0244059562683,208.7277907489999,208.71442440300012,322,313,144,160,162,,,,,
vf_w10,mcp4-n100-r16-04,221.27302403937,3067.0000999999993,3067.0000999999993,0.0,4.875652032,216.39737200737,215.94399022099995,215.93470955200004,232,223,540,160,162,,,,,
vf_w10,mcp4-n100-r16-05,197.7780248624518,2811.0001000000007,2811.0001000000007,0.0,5.253377865,192.52464699745178,190.73834518399997,190.72271395300012,368,360,2185,160,162,,,,,
vf_w10,mcp4-n100-r16-06,194.5928028699962,2984.0001,2984.0001,0.0,4.332133877,190.26066899299622,189.86668648600008,189.85383241699995,303,295,342,160,162,,,,,
vf_w10,mcp4-n100-r16-07,154.92615733037903,2678.0000999999993,2678.0000999999993,0.0,5.447272395,149.47888493537903,149.2226754190001,149.21177307200003,254,245,165,160,162,,,,,
vf_w10,mcp4-n100-r16-08,247.21765936080786,3016.0002000000004,3016.0002000000004,0.0,4.354755289,242.86290407180786,234.11296099700007,234.09577746600007,401,393,17352,160,162,,,,,
vf_w10,mcp4-n100-r16-09,145.79105044725804,2889.0001599999987,2889.0001599999987,0.0,4.931913389,140.85913705825806,140.301533892,140.28824524000004,315,309,739,160,162,,,,,
vf_w10,mcp4-n100-r16-10,229.89756017023717,2992.0000999999997,2992.0000999999997,0.0,3.440572074,226.45698809623718,225.53328500999996,225.5170523829999,369,361,618,160,162,,,,,
vf_w10,mcp4-n110-r08-01,3670.2690522625735,7453.000100000001,7918.088403743599,0.06240283073974436,21.440419431,3648.8286328315735,3647.358047860999,3647.3316418449995,513,505,1297,174,243,,,,,
vf_w10,mcp4-n110-r08-02,3677.5730905826063,6116.500200000003,14683.195890724577,1.4005878215657654,23.203531533,3654.3695590496063,3642.4707359899985,3642.4377735829994,646,637,5309,174,243,,,,,
vf_w10,mcp4-n110-r08-03,3023.1991686261244,8261.000150000003,8261.784742285303,9.497545951495567e-5,21.50327963,3001.6958889961243,2821.620866010001,2821.5787886209996,758,751,151417,174,243,,,,,
vf_w10,mcp4-n110-r08-04,4326.181230312915,6551.000199999998,9483.41458535522,0.44762849882911365,21.372283465,4304.808946847916,4303.047414211999,4303.019672883001,526,518,737,174,243,,,,,
vf_w10,mcp4-n110-r08-05,3555.27840002709,7733.333500000009,7734.000199999994,8.621120503663932e-5,23.785100066,3531.49329996109,3447.3140078370025,3447.2862151530016,546,542,58675,174,243,,,,,
vf_w10,mcp4-n110-r08-06,3823.8432757537535,6354.800160000002,15736.633525919777,1.476338064094178,25.088371722,3798.7549040317535,3791.1348565350036,3791.1033388909987,586,578,3973,174,243,,,,,
vf_w10,mcp4-n110-r08-07,4089.967688683173,6599.500200000002,8226.71189750741,0.24656589865811462,29.188702706,4060.778985977173,4058.393881145002,4058.3655249870017,516,511,1080,174,243,,,,,
vf_w10,mcp4-n110-r08-08,3730.7880676476316,7710.000200000005,15176.35727046772,0.9683990761073795,24.690228769,3706.0978388786316,3682.1339494659996,3682.0934558450003,812,807,21415,174,243,,,,,
vf_w10,mcp4-n110-r08-09,3945.8124046039056,8343.000200000002,11795.265073016662,0.4137917763704068,25.696288557,3920.1161160469055,3811.6332034800025,3811.6011875319978,645,641,144142,174,243,,,,,
vf_w10,mcp4-n110-r08-10,3673.4677577078737,7564.000150000007,9206.995794294904,0.21721253459981693,23.306640631,3650.161117076874,3640.8310111330034,3640.807666702001,451,446,7246,174,243,,,,,
vf_w10,mcp4-n110-r10-01,3199.4283491727037,5975.000100000001,5975.000100000001,0.0,14.947719967,3184.4806292057037,3181.264234115001,3181.223314166999,702,687,2474,174,215,,,,,
vf_w10,mcp4-n110-r10-02,2564.0562659109705,5588.000100000002,5588.000100000002,0.0,15.798612913,2548.2576529979706,2542.814558069999,2542.7827480099995,596,584,2278,174,215,,,,,
vf_w10,mcp4-n110-r10-03,1892.2705693294645,6293.200140000001,6293.713549218522,8.158158124632468e-5,15.096735244,1877.1738340854645,1812.614110691,1812.586178316001,572,564,44490,174,215,,,,,
vf_w10,mcp4-n110-r10-04,2903.206086428914,5736.000100000001,5736.479611533245,8.359684882912868e-5,15.484365495,2887.721720933914,2855.0173520410003,2854.939611526,895,883,36478,174,215,,,,,
vf_w10,mcp4-n110-r10-05,3188.4732450607307,6081.666800000001,6081.666800000001,0.0,16.000030196,3172.473214864731,3168.989677395001,3168.943228257999,716,708,1602,174,215,,,,,
vf_w10,mcp4-n110-r10-06,1087.888468113616,6171.000100000006,6171.000100000006,0.0,12.378158179,1075.510309934616,1075.049595388,1075.033817323,287,282,502,174,215,,,,,
vf_w10,mcp4-n110-r10-07,3945.7850245973045,6162.000174999997,10237.73940892919,0.6614312103503299,15.272457554,3930.5125670433044,3915.8368421099967,3915.781269374004,869,859,6567,174,215,,,,,
vf_w10,mcp4-n110-r10-08,2523.3811025919244,6140.000150000002,6140.358364117279,5.834106002055788e-5,18.52536276,2504.8557398319244,2493.1973514140013,2493.160275621998,575,567,18082,174,215,,,,,
vf_w10,mcp4-n110-r10-09,3779.0349439864435,6281.750149999998,6814.702093355483,0.08484131502038254,17.083135057,3761.9518089294434,3754.003597025999,3753.9529297550034,763,750,4034,174,215,,,,,
vf_w10,mcp4-n110-r10-10,3604.394185177825,5978.800140000001,9681.13121888111,0.6192431578556008,17.993463151,3586.400722026825,3509.8647389519956,3509.8269577139968,710,701,42398,174,215,,,,,
vf_w10,mcp4-n110-r12-01,1169.4296865699428,5279.500149999998,5279.500149999998,0.0,8.589309716,1160.8403768539429,1157.6446567969997,1157.620824547,491,479,2564,174,197,,,,,
vf_w10,mcp4-n110-r12-02,1637.9277537012902,4376.000099999999,4376.1251,2.8564898798999002e-5,12.608412757,1625.3193409442902,1623.4444992429987,1623.4138137960006,557,548,1501,174,197,,,,,
vf_w10,mcp4-n110-r12-03,1553.751880253201,5184.0001,5184.0001,0.0,12.644381369,1541.107498884201,1534.1162281979998,1534.0952435639997,444,436,10022,174,197,,,,,
vf_w10,mcp4-n110-r12-04,1134.4139186453426,4269.000100000001,4269.000100000001,0.0,11.899102838,1122.5148158073425,1120.9981591220003,1120.9730733199995,535,528,1000,174,197,,,,,
vf_w10,mcp4-n110-r12-05,1361.9648007061699,4786.500150000002,4786.5201599999855,4.180507543452814e-6,13.846594682,1348.11820602417,1344.3126048089994,1344.2872951420006,531,524,4323,174,197,,,,,
vf_w10,mcp4-n110-r12-06,1436.738940842024,4867.666800000001,4867.666800000001,0.0,12.625666983,1424.113273859024,1418.9638218670007,1418.9389392929984,551,538,3410,174,197,,,,,
vf_w10,mcp4-n110-r12-07,1625.2233167195725,5195.500150000001,5195.500150000001,0.0,11.787251761,1613.4360649585724,1595.1153727790004,1595.0828203730002,663,652,23169,174,197,,,,,
vf_w10,mcp4-n110-r12-08,1823.4808962329619,4649.555699999999,4649.555699999999,0.0,13.850114344,1809.6307818889618,1807.134245877999,1807.1061992910013,551,540,1605,174,197,,,,,
vf_w10,mcp4-n110-r12-09,1675.4324612052928,4766.0001666666685,4766.0001666666685,0.0,12.067138377,1663.3653228282928,1650.080802532,1650.046783647001,613,605,20686,174,197,,,,,
vf_w10,mcp4-n110-r12-10,1342.9351463338228,4922.0001,4922.0001,0.0,12.761184456,1330.1739618778229,1324.331053869,1324.3030381800002,615,607,8002,174,197,,,,,
vf_w10,mcp4-n110-r14-01,321.8717146334033,4101.80018,4101.80018,0.0,6.647179645,315.2245349884033,309.110015815,309.0993294999999,294,290,6032,174,184,,,,,
vf_w10,mcp4-n110-r14-02,992.9360880872947,4067.000133333335,4067.000133333335,0.0,9.630678179,983.3054099082947,973.8161243730001,973.7943985559997,502,491,12248,174,184,,,,,
vf_w10,mcp4-n110-r14-03,395.48300960696264,4554.000100000001,4554.000100000001,0.0,7.988520414,387.49448919296265,386.44479199700004,386.4273917459999,359,349,628,174,184,,,,,
vf_w10,mcp4-n110-r14-04,122.0073949017461,4383.000100000001,4383.000100000001,0.0,7.059496037,114.9478988647461,114.788365687,114.782911785,128,126,27,174,184,,,,,
vf_w10,mcp4-n110-r14-05,1249.0983404324884,3578.0001,3578.0491463215267,1.3707747388401516e-5,9.467264335,1239.6310760974884,1237.2456640830005,1237.2167968990007,665,654,1519,174,184,,,,,
vf_w10,mcp4-n110-r14-06,465.9963539071803,3597.0001999999986,3597.0001999999986,0.0,10.771690888,455.2246630191803,454.62282344299996,454.6108340150002,295,288,581,174,184,,,,,
vf_w10,mcp4-n110-r14-07,322.1992027587678,4315.166800000001,4315.50015,7.725077973787075e-5,8.926853878,313.2723488807678,295.01510864299996,295.0027232940001,305,303,36520,174,184,,,,,
vf_w10,mcp4-n110-r14-08,845.5653901844101,4166.6668,4166.6668,0.0,8.124556139,837.4408340454102,836.3953161029997,836.3750530790002,494,481,828,174,184,,,,,
vf_w10,mcp4-n110-r14-09,1049.891109050901,4067.000199999998,4067.217023372375,5.331285018793302e-5,7.636061968,1042.255047082901,1039.3466197300004,1039.312298335,782,768,2477,174,184,,,,,
vf_w10,mcp4-n110-r14-10,1307.441468786138,3643.0001999999968,3643.323094381992,8.863419277204853e-5,11.043886732,1296.3975820541382,1267.3798351829992,1267.3462971529998,719,704,45414,174,184,,,,,
vf_w10,mcp4-n110-r16-01,620.3155325946931,3365.0001,3365.0001,0.0,5.575689703,614.7398428916931,608.4513463990002,608.4229166569997,597,586,7117,174,174,,,,,
vf_w10,mcp4-n110-r16-02,597.9939936159157,3295.000099999999,3295.000099999999,0.0,6.153796768,591.8401968479156,590.6317944819999,590.6110415969996,487,473,946,174,174,,,,,
vf_w10,mcp4-n110-r16-03,361.7503601479708,3681.0002000000013,3681.0002000000013,0.0,6.377909081,355.3724510669708,350.87657188300017,350.85825285699985,412,405,6020,174,174,,,,,
vf_w10,mcp4-n110-r16-04,689.2326734401213,3299.3335,3299.4499714652743,3.530151325233317e-5,7.402642522,681.8300309181213,678.3985646499997,678.3777474799999,461,452,3982,174,174,,,,,
vf_w10,mcp4-n110-r16-05,354.6267223161987,3513.0001000000007,3513.000199999998,2.846569730350634e-8,5.2475004,349.37922191619873,349.0040981629999,348.9939784290002,289,279,496,174,174,,,,,
vf_w10,mcp4-n110-r16-06,946.0838739929541,3310.50015,3310.551900830361,1.5632329864421147e-5,5.71473909,940.3691349029541,909.887519402,909.8259042109999,809,793,35648,174,174,,,,,
vf_w10,mcp4-n110-r16-07,582.2428029226855,3346.000100000001,3346.000100000001,0.0,6.15154392,576.0912590026855,574.8179516120003,574.7914255140001,432,421,642,174,174,,,,,
vf_w10,mcp4-n110-r16-08,392.50553095950636,3322.00015,3322.00015,0.0,5.543242103,386.96228885650635,386.02990229200003,386.0109724359999,375,369,1029,174,174,,,,,
vf_w10,mcp4-n110-r16-09,677.4647304798775,3576.0001,3576.0001,0.0,6.784985521,670.6797449588776,669.4765235699999,669.453674263,418,408,834,174,174,,,,,
vf_w10,mcp4-n110-r16-10,717.2201723364052,3257.0000999999997,3257.0000999999997,0.0,8.162972143,709.0572001934052,706.9315224439995,706.9044045860003,486,474,1988,174,174,,,,,
vf_w10,mcp4-n120-r08-01,6528.077556882517,7075.000200000007,18583.950474725476,1.6267067066267304,36.83845285,6491.2391040325165,6488.444335962004,6488.413173477002,623,618,1590,190,264,,,,,
vf_w10,mcp4-n120-r08-02,3785.136086380922,7472.000100000001,19682.640447217145,1.6341863201015137,38.463265336,3746.672821044922,3744.964239346,3744.9407133170002,453,449,581,190,264,,,,,
vf_w10,mcp4-n120-r08-03,6160.004967159106,6972.500150000005,16929.326456850275,1.4280137816634197,36.019197172,6123.985769987106,6112.771604191,6112.739174980001,618,614,9766,190,264,,,,,
vf_w10,mcp4-n120-r08-04,3629.356037124529,7929.000199999995,25689.829554941043,2.2399834666344263,40.256372198,3589.099664926529,3588.5242026719984,3588.507012137,333,327,349,190,264,,,,,
vf_w10,mcp4-n120-r08-05,3895.3569947285137,6296.000149999999,10828.628138287777,0.7199218361339744,36.151935677,3859.2050590515137,3855.619385350998,3855.5934056969995,513,507,782,190,264,,,,,
vf_w10,mcp4-n120-r08-06,4423.121480519281,5691.000233333338,19249.02601684336,2.382362542193888,42.850449378,4380.271031141281,4378.060032793999,4378.033686623997,510,505,860,190,264,,,,,
vf_w10,mcp4-n120-r08-07,3643.5474935897632,7617.0001500000035,19592.232623357773,1.5721717523345151,48.157261742,3595.390231847763,3593.0024692970005,3592.9852283670016,324,320,601,190,264,,,,,
vf_w10,mcp4-n120-r08-08,3668.271079635644,6782.249824999988,35888.45471354528,4.291526505151311,46.404476738,3621.866602897644,3621.199030357002,3621.1803723030007,374,369,497,190,264,,,,,
vf_w10,mcp4-n120-r08-09,3601.9480881654827,6599.50015,18821.49816580172,1.8519581389511326,52.543087002,3549.4050011634827,3543.382135493002,3543.3605732099986,430,423,1983,190,264,,,,,
vf_w10,mcp4-n120-r08-10,4095.5310125915767,7436.000174999991,10317.403192615833,0.38749367264718304,30.440473613,4065.0905389785767,4063.9162633070023,4063.893390882001,423,414,604,190,264,,,,,
vf_w10,mcp4-n120-r10-01,4038.9428128274967,5221.0003,12375.397824112652,1.370311647772296,22.430304912,4016.512507915497,3976.7801336850025,3976.7369812749985,778,772,20164,190,234,,,,,
vf_w10,mcp4-n120-r10-02,5051.426623265344,6391.0001,7865.418932459785,0.23070236416672632,24.15400521,5027.272618055344,5025.288656729997,5025.249832082999,671,661,682,190,234,,,,,
vf_w10,mcp4-n120-r10-03,3936.5849566610855,5777.500149999997,12688.264522197933,1.196151309870228,25.673210636,3910.9117460250854,3904.591679626003,3904.554394193001,658,652,5193,190,234,,,,,
vf_w10,mcp4-n120-r10-04,3643.2752697124265,6713.000149999998,7715.838136809814,0.14938745186976,21.701340641,3621.5739290714264,3617.912973654,3617.882456630002,563,555,1320,190,234,,,,,
vf_w10,mcp4-n120-r10-05,3873.186697150066,5927.5002,7823.423384962892,0.3198520659624594,24.905844117,3848.280853033066,3845.739330838998,3845.6772547719975,831,821,949,190,234,,,,,
vf_w10,mcp4-n120-r10-06,5915.449653714144,7058.000100000001,7098.0000999999975,0.005667327774619379,25.34509167,5890.104562044144,5888.170247856999,5888.105695160004,810,801,965,190,234,,,,,
vf_w10,mcp4-n120-r10-07,4273.093610236539,6093.000100000001,11860.891448745566,0.9466422540753878,27.465821216,4245.627789020538,4242.665039539001,4242.606050342996,848,839,1388,190,234,,,,,
vf_w10,mcp4-n120-r10-08,6453.154890393485,6419.000133333329,13475.258720689657,1.099276903066845,23.83628354,6429.318606853485,6423.864368764997,6423.817698548998,670,663,4002,190,234,,,,,
vf_w10,mcp4-n120-r10-09,3914.0118193172784,5169.000100000001,19487.438893829316,2.7700596859785924,24.698879435,3889.3129398822784,3888.4922764329976,3888.4586791620013,568,563,504,190,234,,,,,
vf_w10,mcp4-n120-r10-10,3605.092902060958,6598.000099999999,7388.564452929579,0.1198187846237801,25.451451179,3579.641450881958,3576.4405723630002,3576.400004212997,555,548,1424,190,234,,,,,
vf_w10,mcp4-n120-r12-01,1892.2552012440217,5697.000100000001,5697.000100000001,0.0,15.85826745,1876.3969337940216,1875.263928069001,1875.2337845129985,602,594,729,190,214,,,,,
vf_w10,mcp4-n120-r12-02,3419.3390295635163,5520.000199999998,5520.2092535432985,3.7872017341738e-5,18.1053486,3401.2336809635162,3397.389427360003,3397.342537431001,655,647,1957,190,214,,,,,
vf_w10,mcp4-n120-r12-03,768.6166393676393,5226.000149999999,5226.000149999999,0.0,18.616528503,750.0001108646393,749.5694179480001,749.5569252329997,270,262,244,190,214,,,,,
vf_w10,mcp4-n120-r12-04,3789.04017290851,4832.000200000002,7542.108121877851,0.56086668247196,18.728959892,3770.31121301651,3711.673776048002,3711.6327184060033,836,826,65906,190,214,,,,,
vf_w10,mcp4-n120-r12-05,2269.6596589804813,5477.0001,5477.0001,0.0,19.302603078,2250.357055902481,2241.835244927999,2241.797059076,692,682,8599,190,214,,,,,
vf_w10,mcp4-n120-r12-06,2416.228129610992,5150.300150000005,5150.300150000005,0.0,19.578529582,2396.6496000289917,2393.9230546890003,2393.8896825699994,585,578,2137,190,214,,,,,
vf_w10,mcp4-n120-r12-07,3477.366196868426,5552.000100000001,5552.000100000001,0.0,19.64491081,3457.721286058426,3442.479183712005,3442.4269064399987,944,931,16771,190,214,,,,,
vf_w10,mcp4-n120-r12-08,3161.6299290534007,5772.6668000000045,5772.6668000000045,0.0,19.045344102,3142.5845849514008,3127.331637950998,3127.2886049039994,778,768,9345,190,214,,,,,
vf_w10,mcp4-n120-r12-09,1746.663906803393,5736.000100000001,5736.000100000001,0.0,18.606375685,1728.057531118393,1727.2664547159993,1727.2440646379994,420,413,667,190,214,,,,,
vf_w10,mcp4-n120-r12-10,1980.0749430622293,5593.000100000002,5593.500200000008,8.94153390066378e-5,18.742446896,1961.3324961662292,1952.3209085040007,1952.2867114229998,647,640,11500,190,214,,,,,
vf_w10,mcp4-n120-r14-01,1188.0446288004207,4963.000099999999,4963.477894793259,9.627136482625059e-5,15.169430913,1172.8751978874207,1138.6455557590004,1138.6133893359993,629,622,53309,190,200,,,,,
vf_w10,mcp4-n120-r14-02,1330.3543681930728,4841.000150000002,4841.3114138601695,6.42974283253958e-5,12.451184256,1317.9031839370728,1268.6949765169995,1268.638337265001,815,809,51033,190,200,,,,,
vf_w10,mcp4-n120-r14-03,2218.163468751128,4269.333466666671,4269.5537320319545,5.159244809609504e-5,15.662278804,2202.5011899471283,2183.151449816999,2183.098295995,687,670,30947,190,200,,,,,
vf_w10,mcp4-n120-r14-04,2089.3372469992405,4003.000149999999,4003.349061208576,8.716242705541549e-5,18.882460937,2070.4547860622406,2046.9376957579987,2046.9001176680001,652,639,38122,190,200,,,,,
vf_w10,mcp4-n120-r14-05,2290.8668989739963,4559.000100000003,4559.000100000003,0.0,15.748808106,2275.118090867996,2273.0731976790007,2273.0282127110004,700,686,906,190,200,,,,,
vf_w10,mcp4-n120-r14-06,1702.8381352393749,4695.000119999997,4695.3554618720245,7.568516782648476e-5,14.650661227,1688.1874740123749,1639.613507328,1639.566374932998,760,753,60036,190,200,,,,,
vf_w10,mcp4-n120-r14-07,3320.7197965966548,4324.333466666667,4324.638988888886,7.065186451837869e-5,14.661453663,3306.058342933655,3295.153426688,3295.0846640310015,975,962,7183,190,200,,,,,
vf_w10,mcp4-n120-r14-08,936.8073006245821,4333.000200000002,4333.000200000002,0.0,13.072281656,923.7350189685822,909.7351911449998,909.7114637910004,455,451,21536,190,200,,,,,
vf_w10,mcp4-n120-r14-09,1871.1325854385927,4077.0001,4077.0001,0.0,16.584514531,1854.5480709075928,1851.8138074269998,1851.7657763430002,715,702,3051,190,200,,,,,
vf_w10,mcp4-n120-r14-10,2483.6616039743044,4344.000100000001,4344.000100000001,0.0,12.857585,2470.804018974304,2468.7614737840026,2468.6889817469996,1076,1068,732,190,200,,,,,
vf_w10,mcp4-n120-r16-01,1567.7858717565573,3533.000100000004,3533.000100000004,0.0,10.055395854,1557.7304759025574,1555.9207976260006,1555.886328896998,651,640,1203,190,189,,,,,
vf_w10,mcp4-n120-r16-02,1402.1490616646447,4065.0001500000035,4065.0001500000035,0.0,9.658767685,1392.4902939796448,1380.9508251939988,1380.9145238699994,730,720,15191,190,189,,,,,
vf_w10,mcp4-n120-r16-03,556.0782953084326,4025.4001400000006,4025.500149999999,2.4844735062361322e-5,7.55064829,548.5276470184326,524.5789715149996,524.5564904860001,453,450,31972,190,189,,,,,
vf_w10,mcp4-n120-r16-04,885.8501123280195,3979.0001,3979.0001,0.0,12.11331428,873.7367980480194,861.9646001409999,861.9371200280003,578,564,14115,190,189,,,,,
vf_w10,mcp4-n120-r16-05,452.68752426770584,3748.0001,3748.0001,0.0,9.314119288,443.3734049797058,442.30908901400016,442.296814861,351,343,942,190,189,,,,,
vf_w10,mcp4-n120-r16-06,1056.4036180108487,3716.00015,3716.00015,0.0,12.484888944,1043.9187290668488,1040.7235177229998,1040.701769107,534,525,2988,190,189,,,,,
vf_w10,mcp4-n120-r16-07,1622.7569048225264,3743.5002,3743.5002,0.0,10.119673711,1612.6372311115265,1609.855905013999,1609.8184949089994,684,669,1922,190,189,,,,,
vf_w10,mcp4-n120-r16-08,1745.9426018778402,3480.333466666665,3480.666800000005,9.577626297376203e-5,13.549617726,1732.3929841518402,1724.0305467839999,1723.975622594,783,772,10655,190,189,,,,,
vf_w10,mcp4-n120-r16-09,1021.476861494719,3623.0000999999993,3623.0000999999993,0.0,9.400454539,1012.076406955719,1010.9357196609998,1010.9094600339998,575,564,901,190,189,,,,,
vf_w10,mcp4-n120-r16-10,895.6295360850505,3788.0001333333303,3788.0001333333303,0.0,12.682742052,882.9467940330505,877.7239527940002,877.6934250630002,614,607,7854,190,189,,,,,
vf_w20,mcp4-n070-r08-01,106.33681048842858,4283.000133333332,4283.000133333332,0.0,3.413292546,102.92351794242859,102.64503108400004,102.63598147500002,220,211,381,112,170,,,,,
vf_w20,mcp4-n070-r08-02,104.77378130583008,4517.500149999993,4517.500149999993,0.0,3.436909205,101.33687210083008,101.09646450999996,101.090713207,138,134,199,112,170,,,,,
vf_w20,mcp4-n070-r08-03,120.56968989309692,3691.0002000000018,3691.0002000000018,0.0,3.438215875,117.13147401809692,115.52030576899996,115.51224364799998,205,199,2662,112,170,,,,,
vf_w20,mcp4-n070-r08-04,128.5122619334271,4690.000099999998,4690.000099999998,0.0,2.519719905,125.99254202842712,125.67600725199996,125.66819778399999,192,185,383,112,170,,,,,
vf_w20,mcp4-n070-r08-05,101.57425127419788,3845.0001,3845.0001,0.0,3.726705412,97.84754586219788,96.40156200900003,96.39452200400001,171,166,2053,112,170,,,,,
vf_w20,mcp4-n070-r08-06,94.64010382793725,4825.000150000001,4825.000150000001,0.0,3.256488811,91.38361501693726,91.21972676399997,91.21304384500007,148,141,120,112,170,,,,,
vf_w20,mcp4-n070-r08-07,91.8212999849922,3732.0001,3732.0001,0.0,3.912806943,87.90849304199219,87.60563866900003,87.59811034300002,195,184,366,112,170,,,,,
vf_w20,mcp4-n070-r08-08,124.97588616081629,4167.000099999999,4167.000099999999,0.0,3.715925271,121.25996088981628,120.43122983900007,120.42328270299998,223,214,768,112,170,,,,,
vf_w20,mcp4-n070-r08-09,133.3441380497274,4190.0001,4190.0001,0.0,3.382393026,129.96174502372742,129.214088254,129.20474213400004,245,238,974,112,170,,,,,
vf_w20,mcp4-n070-r08-10,27.939889719482423,4291.000099999999,4291.000099999999,0.0,3.028592875,24.911296844482422,24.752181466999996,24.749053446000005,88,85,88,112,170,,,,,
vf_w20,mcp4-n070-r10-01,70.64672186212354,3716.000199999999,3716.000199999999,0.0,1.933898948,68.71282291412354,66.23571403900002,66.22750498500001,228,222,5281,112,152,,,,,
vf_w20,mcp4-n070-r10-02,88.27954070851099,3023.0001500000017,3023.0001500000017,0.0,2.671244791,85.60829591751099,84.58943814200002,84.58308166700002,184,175,1939,112,152,,,,,
vf_w20,mcp4-n070-r10-03,40.71167535045019,3403.0000999999997,3403.0000999999997,0.0,2.809192364,37.902482986450195,37.763911674,37.75961131500001,119,116,87,112,152,,,,,
vf_w20,mcp4-n070-r10-04,54.9969978820741,3412.25015,3412.25015,0.0,1.756369878,53.2406280040741,52.629433722999984,52.62388127600003,176,168,737,112,152,,,,,
vf_w20,mcp4-n070-r10-05,27.33244228654883,3104.0000999999997,3104.0000999999997,0.0,1.907008174,25.425434112548828,25.228514563000005,25.225313752999988,95,91,114,112,152,,,,,
vf_w20,mcp4-n070-r10-06,65.58782031382276,3933.000200000003,3933.000200000003,0.0,0.601140283,64.98668003082275,64.42579616199995,64.41854113900001,197,187,840,112,152,,,,,
vf_w20,mcp4-n070-r10-07,49.18348539558374,3412.0001000000007,3412.0001000000007,0.0,1.326302416,47.85718297958374,47.64628402999999,47.640437939,153,147,342,112,152,,,,,
vf_w20,mcp4-n070-r10-08,63.737783663306516,3314.000150000002,3314.000150000002,0.0,1.562909596,62.17487406730652,61.30406996999997,61.29634294200002,206,199,788,112,152,,,,,
vf_w20,mcp4-n070-r10-09,46.63378669832227,3319.666799999999,3319.666799999999,0.0,3.104241868,43.529544830322266,42.691046211999996,42.68664341100002,128,124,799,112,152,,,,,
vf_w20,mcp4-n070-r10-10,37.38144003840527,4003.50015,4003.50015,0.0,1.183832998,36.19760704040527,36.065436277,36.061440090999994,121,117,49,112,152,,,,,
vf_w20,mcp4-n070-r12-01,25.633333322699706,2717.000180000002,2717.000180000002,0.0,1.475583193,24.157750129699707,24.043242209999992,24.041054919000004,119,115,98,112,141,,,,,
vf_w20,mcp4-n070-r12-02,22.785863270608033,2701.3334666666647,2701.3334666666647,0.0,1.370530238,21.415333032608032,21.268342006999998,21.266361104999998,101,98,214,112,141,,,,,
vf_w20,mcp4-n070-r12-03,17.263801682476807,2729.0001,2729.0001,0.0,1.1237198,16.140081882476807,16.023343252999997,16.021705001999997,79,75,46,112,141,,,,,
vf_w20,mcp4-n070-r12-04,37.746378189754395,2555.0001000000007,2555.0001000000007,0.0,2.055501229,35.690876960754395,35.39043907899998,35.3861255,151,144,645,112,141,,,,,
vf_w20,mcp4-n070-r12-05,71.53056106553454,2196.00014,2196.00014,0.0,2.534681177,68.99587988853455,68.512365631,68.50699041200004,251,242,737,112,141,,,,,
vf_w20,mcp4-n070-r12-06,34.18406635031738,2249.0001,2249.0001,0.0,1.503217275,32.68084907531738,32.55579495100001,32.553123232,139,133,95,112,141,,,,,
vf_w20,mcp4-n070-r12-07,48.40628970204895,2338.5002000000004,2338.5002000000004,0.0,2.142206555,46.26408314704895,45.671375719,45.665572478,177,166,743,112,141,,,,,
vf_w20,mcp4-n070-r12-08,37.39913615456457,2860.333466666667,2860.333466666667,0.0,1.460828154,35.938308000564575,35.76459167400001,35.76047102600001,140,130,333,112,141,,,,,
vf_w20,mcp4-n070-r12-09,50.11908393395801,2674.000099999999,2674.000099999999,0.0,1.319429927,48.79965400695801,48.555067949,48.55027474499999,163,155,436,112,141,,,,,
vf_w20,mcp4-n070-r12-10,48.81151913204883,2880.0002000000013,2880.0002000000013,0.0,1.224952207,47.58656692504883,46.36560615199999,46.360430535,169,165,3051,112,141,,,,,
vf_w20,mcp4-n070-r14-01,28.97638147291919,2391.6668000000022,2391.6668000000022,0.0,1.494073562,27.48230791091919,25.902600699999997,25.899961349999998,143,138,2743,112,132,,,,,
vf_w20,mcp4-n070-r14-02,26.15154957078662,1915.5001499999994,1915.5001499999994,0.0,1.291702502,24.85984706878662,24.70481588,24.702347671000002,134,128,219,112,132,,,,,
vf_w20,mcp4-n070-r14-03,35.693963615972656,2035.5715714285714,2035.5715714285714,0.0,0.865800469,34.828163146972656,34.13328103799999,34.12875664200001,168,163,1624,112,132,,,,,
vf_w20,mcp4-n070-r14-04,28.90326746246887,2220.0001499999994,2220.0001499999994,0.0,0.46580251,28.437464952468872,28.259736231999998,28.256179108999994,150,143,244,112,132,,,,,
vf_w20,mcp4-n070-r14-05,23.013568786309325,1797.5001500000017,1797.5001500000017,0.0,1.744102863,21.269465923309326,21.100700878000005,21.098134963000007,126,122,193,112,132,,,,,
vf_w20,mcp4-n070-r14-06,30.540575412246582,2060.0002000000013,2060.0002000000013,0.0,1.887494472,28.653080940246582,27.978519917,27.976042121999985,145,141,935,112,132,,,,,
vf_w20,mcp4-n070-r14-07,13.617191553593262,2126.0000999999997,2126.0000999999997,0.0,0.995774508,12.621417045593262,12.541817413000002,12.540658489,75,73,23,112,132,,,,,
vf_w20,mcp4-n070-r14-08,32.693850994114015,1959.0001000000002,1959.0001000000002,0.0,1.430809021,31.263041973114014,30.57762190999999,30.573965316000002,140,135,1143,112,132,,,,,
vf_w20,mcp4-n070-r14-09,40.19692449432263,1995.0001000000002,1995.0001000000002,0.0,1.111393498,39.08553099632263,38.94983363500001,38.945999349000004,158,153,71,112,132,,,,,
vf_w20,mcp4-n070-r14-10,25.937929723270507,2080.0001,2080.0001,0.0,1.624481771,24.313447952270508,24.152811366,24.150808777000005,126,121,143,112,132,,,,,
vf_w20,mcp4-n070-r16-01,28.357510329084107,2000.0001000000002,2000.0001000000002,0.0,0.656255246,27.701255083084106,27.389901385000005,27.387466306999993,161,151,689,112,126,,,,,
vf_w20,mcp4-n070-r16-02,23.12511534305835,1713.0001,1713.0001,0.0,0.491111227,22.63400411605835,22.386292220000005,22.383970838,142,136,540,112,126,,,,,
vf_w20,mcp4-n070-r16-03,33.29982242618933,1780.0001333333341,1780.0001333333341,0.0,0.993646479,32.30617594718933,31.013670072000014,31.010685158000005,172,165,2449,112,126,,,,,
vf_w20,mcp4-n070-r16-04,15.190989618674195,2174.000149999999,2174.000149999999,0.0,0.909520512,14.281469106674194,14.165184265000004,14.163587700000006,100,97,56,112,126,,,,,
vf_w20,mcp4-n070-r16-05,24.132582874050172,1872.0001000000007,1872.0001000000007,0.0,0.864821882,23.26776099205017,22.817086076,22.814923883000006,139,135,645,112,126,,,,,
vf_w20,mcp4-n070-r16-06,24.313481707615967,1821.2501249999998,1821.2501249999998,0.0,0.91623487,23.397246837615967,23.276011813,23.27377124400001,139,135,94,112,126,,,,,
vf_w20,mcp4-n070-r16-07,27.271802449098388,1802.5001500000012,1802.5001500000012,0.0,1.598024392,25.67377805709839,24.897101084,24.894985547000008,134,127,1118,112,126,,,,,
vf_w20,mcp4-n070-r16-08,14.794402892009765,1836.0001000000002,1836.0001000000002,0.0,1.120448882,13.673954010009766,13.565591144000003,13.562470188000002,91,88,37,112,126,,,,,
vf_w20,mcp4-n070-r16-09,12.205541104269653,1988.0001000000002,1988.0001000000002,0.0,1.078066081,11.127475023269653,11.015419238,11.013748313,76,74,42,112,126,,,,,
vf_w20,mcp4-n070-r16-10,17.75099041579834,1810.0001666666649,1810.0001666666649,0.0,0.68357041,17.06742000579834,16.932755435999994,16.930473365999994,118,113,94,112,126,,,,,
vf_w20,mcp4-n080-r08-01,299.6344698639658,4810.833483333332,4810.833483333332,0.0,5.305808899,294.3286609649658,277.5910912720001,277.57646964600013,512,509,25717,128,191,,,,,
vf_w20,mcp4-n080-r08-02,353.73926718740586,5122.000299999996,5122.000299999996,0.0,4.861110287,348.8781569004059,348.39885688999993,348.38761571799995,348,335,509,128,191,,,,,
vf_w20,mcp4-n080-r08-03,301.7328016746604,6000.000100000001,6000.000100000001,0.0,4.870040654,296.8627610206604,293.2786809400001,293.2708226329998,279,273,5957,128,191,,,,,
vf_w20,mcp4-n080-r08-04,164.70046953330433,5927.111266666664,5927.111266666664,0.0,4.267762462,160.43270707130432,156.46584319700008,156.45998003199998,215,212,7186,128,191,,,,,
vf_w20,mcp4-n080-r08-05,327.2141257070857,5400.000100000001,5400.000100000001,0.0,5.658284738,321.5558409690857,318.927024331,318.915597566,318,309,1906,128,191,,,,,
vf_w20,mcp4-n080-r08-06,290.0995193943543,4848.000200000001,4848.000200000001,0.0,5.3575994,284.74191999435425,283.40656557500006,283.3964004499998,287,279,1168,128,191,,,,,
vf_w20,mcp4-n080-r08-07,169.16618856769446,4926.000149999997,4926.000149999997,0.0,5.006870359,164.15931820869446,163.73002062699996,163.72352797200003,208,204,741,128,191,,,,,
vf_w20,mcp4-n080-r08-08,260.8389913104072,5168.0001000000075,5168.0001000000075,0.0,5.357765343,255.48122596740723,255.03952538099998,255.0320699440001,236,226,532,128,191,,,,,
vf_w20,mcp4-n080-r08-09,605.1458052230648,5038.500149999999,5038.937599999998,8.682147206037976e-5,6.072191341,599.0736138820648,593.5472096369999,593.534240218,383,375,5040,128,191,,,,,
vf_w20,mcp4-n080-r08-10,440.83783217878783,4610.000100000001,4610.000100000001,0.0,6.267276015,434.57055616378784,432.326012087,432.31446974700003,325,315,2291,128,191,,,,,
vf_w20,mcp4-n080-r10-01,216.75993795985534,3691.0001500000076,3691.0001500000076,0.0,4.099082905,212.66085505485535,211.58319176300006,211.5728614250001,290,279,685,128,171,,,,,
vf_w20,mcp4-n080-r10-02,242.05846031906202,3995.2501500000017,3995.2501500000017,0.0,4.171235168,237.887225151062,237.31868731999987,237.309701748,326,315,703,128,171,,,,,
vf_w20,mcp4-n080-r10-03,161.43290608146813,4124.0001,4124.186906771743,4.529747022635852e-5,4.054679086,157.37822699546814,152.17060698100005,152.16061194900007,266,256,10129,128,171,,,,,
vf_w20,mcp4-n080-r10-04,112.13146926824633,4292.000200000002,4292.000200000002,0.0,2.809983272,109.32148599624634,107.00025475999998,106.99468723200002,188,183,4255,128,171,,,,,
vf_w20,mcp4-n080-r10-05,168.94866598708924,3823.0001999999995,3823.0001999999995,0.0,4.332745205,164.61592078208923,163.57260413400002,163.560172627,287,278,824,128,171,,,,,
vf_w20,mcp4-n080-r10-06,93.95863689554467,4038.0001,4038.0001,0.0,3.859769956,90.09886693954468,89.76849893500003,89.76352153100001,177,174,491,128,171,,,,,
vf_w20,mcp4-n080-r10-07,64.5175205765448,3943.0000999999993,3943.0000999999993,0.0,3.22746554,61.2900550365448,61.11256619499999,61.10712378099999,125,123,59,128,171,,,,,
vf_w20,mcp4-n080-r10-08,159.3710266026969,4339.000099999999,4339.000099999999,0.0,3.436774579,155.9342520236969,155.56355248299994,155.55682897399996,238,230,448,128,171,,,,,
vf_w20,mcp4-n080-r10-09,155.4193709974547,3860.0001,3860.0001,0.0,4.530819047,150.8885519504547,150.463709967,150.452961356,244,239,599,128,171,,,,,
vf_w20,mcp4-n080-r10-10,72.69705838075342,4385.500150000001,4385.500150000001,0.0,3.555217446,69.14184093475342,68.97956216199998,68.97441654699999,118,114,118,128,171,,,,,
vf_w20,mcp4-n080-r12-01,92.32500072119738,3733.0000999999993,3733.0000999999993,0.0,1.390644747,90.93435597419739,90.78797590699997,90.78005532400002,163,158,74,128,158,,,,,
vf_w20,mcp4-n080-r12-02,145.02130373284106,3525.5001500000003,3525.5001500000003,0.0,2.411096652,142.61020708084106,140.55062819100002,140.53880079099997,315,307,3622,128,158,,,,,
vf_w20,mcp4-n080-r12-03,97.81859812432117,3056.0001,3056.0001,0.0,2.947246167,94.87135195732117,94.52656450000005,94.51730430299996,220,211,398,128,158,,,,,
vf_w20,mcp4-n080-r12-04,31.658529883414673,3247.0002000000013,3247.0002000000013,0.0,2.202329999,29.456199884414673,29.332646042000004,29.330192997,83,80,64,128,158,,,,,
vf_w20,mcp4-n080-r12-05,115.95761455843189,3280.0000999999993,3280.0000999999993,0.0,2.850533622,113.10708093643188,111.77315983900002,111.758882008,332,328,1701,128,158,,,,,
vf_w20,mcp4-n080-r12-06,96.36677509897082,3081.333466666663,3081.333466666663,0.0,2.355652157,94.01112294197083,92.31984153000005,92.22265693699995,277,269,1874,128,158,,,,,
vf_w20,mcp4-n080-r12-07,81.71049252540014,2996.0002000000004,2996.0002000000004,0.0,2.886535559,78.82395696640015,78.543530018,78.53668568199997,196,190,429,128,158,,,,,
vf_w20,mcp4-n080-r12-08,120.09410402238953,2750.000100000001,2750.000100000001,0.0,3.85077712,116.24332690238953,115.43119073,115.4199245,244,231,991,128,158,,,,,
vf_w20,mcp4-n080-r12-09,44.81981322967859,3034.0001,3034.2728324675263,8.989204302468928e-5,2.102838256,42.71697497367859,42.599029937000005,42.59388572000003,124,120,53,128,158,,,,,
vf_w20,mcp4-n080-r12-10,173.11992660935462,3249.0001,3249.0001,0.0,2.808348574,170.31157803535461,168.9355672389999,168.9230266739999,341,327,1613,128,158,,,,,
vf_w20,mcp4-n080-r14-01,58.688703790444706,2692.0001,2692.0001,0.0,2.053747669,56.6349561214447,56.44655796599999,56.441400472,138,131,122,128,149,,,,,
vf_w20,mcp4-n080-r14-02,72.25340061242176,2471.0002000000004,2471.0002000000004,0.0,2.153603602,70.09979701042175,69.21375746899999,69.205306016,221,216,1038,128,149,,,,,
vf_w20,mcp4-n080-r14-03,94.08142993485303,2417.5001500000017,2417.5001500000017,0.0,1.809008098,92.27242183685303,90.47705660299995,90.46526206900002,309,302,2791,128,149,,,,,
vf_w20,mcp4-n080-r14-04,96.3961754840901,2289.0001,2289.0001,0.0,1.979047398,94.41712808609009,94.01607284600003,94.00632011200003,251,242,699,128,149,,,,,
vf_w20,mcp4-n080-r14-05,15.570906183695312,2817.000100000001,2817.000100000001,0.0,1.540068171,14.030838012695312,13.891253343000004,13.888094343000002,58,55,31,128,149,,,,,
vf_w20,mcp4-n080-r14-06,92.33761051315832,2750.500150000001,2750.500150000001,0.0,1.628367454,90.70924305915833,88.32595326600006,88.31475291900001,276,270,3694,128,149,,,,,
vf_w20,mcp4-n080-r14-07,45.952753441988406,2926.0001,2926.0001,0.0,1.455466407,44.4972870349884,43.31744853999998,43.31142805699999,165,162,1635,128,149,,,,,
vf_w20,mcp4-n080-r14-08,63.728053043697265,2455.500149999999,2455.5003808317424,9.400599851944108e-8,1.817892979,61.910160064697266,61.49156226999999,61.48398961,197,193,797,128,149,,,,,
vf_w20,mcp4-n080-r14-09,85.97828687174854,2462.5001500000017,2462.5001500000017,0.0,2.108969817,83.86931705474854,83.03287647600006,83.023308429,254,243,941,128,149,,,,,
vf_w20,mcp4-n080-r14-10,78.17776078937817,2858.000133333333,2858.000133333333,0.0,1.023520658,77.15424013137817,76.76530335900001,76.75442730000002,247,239,552,128,149,,,,,
vf_w20,mcp4-n080-r16-01,77.50965135617004,2328.0001,2328.0001,0.0,1.13971036,76.36994099617004,75.52084431400003,75.51668283100001,252,239,1124,128,141,,,,,
vf_w20,mcp4-n080-r16-02,39.2042752091654,2142.50015,2142.50015,0.0,1.415888149,37.788387060165405,37.598925761999986,37.594510464,166,158,180,128,141,,,,,
vf_w20,mcp4-n080-r16-03,26.37263514313733,1936.500150000001,1936.500150000001,0.0,1.149307268,25.22332787513733,25.068386775000008,25.066056311000008,115,112,105,128,141,,,,,
vf_w20,mcp4-n080-r16-04,76.45649544616796,2156.750150000001,2156.750150000001,0.0,0.762533349,75.69396209716797,73.22320671399999,73.21738827300001,364,355,3356,128,141,,,,,
vf_w20,mcp4-n080-r16-05,38.9121585439314,2229.0001,2229.0001,0.0,1.758306558,37.1538519859314,37.01067319900001,37.007574675,130,127,120,128,141,,,,,
vf_w20,mcp4-n080-r16-06,26.843890875486572,2299.0001,2299.0001,0.0,1.340401858,25.503489017486572,25.35751258600001,25.354419312999998,130,124,35,128,141,,,,,
vf_w20,mcp4-n080-r16-07,79.66294154846692,2319.666833333334,2319.666833333334,0.0,1.542298648,78.12064290046692,75.92669145999999,75.921704082,296,284,3776,128,141,,,,,
vf_w20,mcp4-n080-r16-08,27.73332616393701,1812.0001,1812.0001,0.0,1.493806091,26.23952007293701,26.115896945000006,26.113337153000003,133,128,90,128,141,,,,,
vf_w20,mcp4-n080-r16-09,41.364589110142454,1992.0001000000002,1992.0001000000002,0.0,1.765658036,39.598931074142456,39.347975024,39.34359289900001,184,175,252,128,141,,,,,
vf_w20,mcp4-n080-r16-10,44.0958850008761,1627.0001000000002,1627.0001000000002,0.0,1.534615956,42.5612690448761,42.31847717299997,42.308687220000024,204,194,330,128,141,,,,,
vf_w20,mcp4-n090-r08-01,622.3032089157831,6051.333466666662,6051.333466666662,0.0,8.49172291,613.8114860057831,612.1296706340001,612.1110745180002,388,383,1441,144,213,,,,,
vf_w20,mcp4-n090-r08-02,101.89543849489222,6350.0001,6350.0001,0.0,7.017262521,94.87817597389221,94.647225724,94.64367748000001,77,74,208,144,213,,,,,
vf_w20,mcp4-n090-r08-03,821.7492654381709,6544.400119999998,6544.92640898514,8.041821641277429e-5,7.847648388,813.9016170501709,803.5973070490003,803.5753925390003,474,462,20709,144,213,,,,,
vf_w20,mcp4-n090-r08-04,1169.908963144548,5604.0002,5604.288067274004,5.136817696820825e-5,9.044501961,1160.864461183548,1156.2252744360003,1156.2031556859993,436,425,5434,144,213,,,,,
vf_w20,mcp4-n090-r08-05,1069.7307140511048,5733.500149999998,5733.500149999998,0.0,9.2284362,1060.5022778511047,1056.1010638860005,1056.0660892089995,537,529,5226,144,213,,,,,
vf_w20,mcp4-n090-r08-06,993.168482014998,6854.833483333332,6855.2858142857185,6.598715395294903e-5,9.018289039,984.1501929759979,936.4836568860002,936.461306433,489,484,72016,144,213,,,,,
vf_w20,mcp4-n090-r08-07,1653.4272700568836,6628.500150000002,6628.500150000002,0.0,7.682260873,1645.7450091838837,1642.7563126080008,1642.727865982,616,603,3043,144,213,,,,,
vf_w20,mcp4-n090-r08-08,1021.479027031072,5870.000149999997,5870.000149999997,0.0,9.214941023,1012.2640860080719,1008.1463915210005,1008.1272678159999,427,417,5986,144,213,,,,,
vf_w20,mcp4-n090-r08-09,660.8035897103041,5690.500150000002,5690.500150000002,0.0,8.143883833,652.6597058773041,636.5473775909998,636.533597928,332,326,28127,144,213,,,,,
vf_w20,mcp4-n090-r08-10,822.1011283640879,6615.000100000001,6615.000100000001,0.0,8.912495399,813.1886329650879,812.6413282750004,812.6205953990006,451,445,435,144,213,,,,,
vf_w20,mcp4-n090-r10-01,911.4454662301495,5127.500150000002,5127.500150000002,0.0,7.036704252,904.4087619781494,903.0403458239997,903.0175872800003,510,500,1352,144,190,,,,,
vf_w20,mcp4-n090-r10-02,292.7343486180625,4945.000199999999,4945.000199999999,0.0,6.326511704,286.4078369140625,283.9585259039998,283.943278309,343,335,3488,144,190,,,,,
vf_w20,mcp4-n090-r10-03,378.49394089521115,4279.0001,4279.0001,0.0,7.703376835,370.7905640602112,369.13014222500004,369.1146658749999,302,298,2665,144,190,,,,,
vf_w20,mcp4-n090-r10-04,151.3043698257223,4416.0001,4416.0001,0.0,6.823696751,144.4806730747223,144.19468489200005,144.18754947800005,153,149,359,144,190,,,,,
vf_w20,mcp4-n090-r10-05,769.1900872028344,4297.000099999999,4297.000099999999,0.0,7.73216236,761.4579248428345,760.23393972,760.2041468569998,474,462,1224,144,190,,,,,
vf_w20,mcp4-n090-r10-06,548.9041819685574,4412.000199999997,4412.000199999997,0.0,7.267456066,541.6367259025574,540.707162675,540.6880845349998,397,387,833,144,190,,,,,
vf_w20,mcp4-n090-r10-07,503.8568195608594,4309.000100000007,4309.000100000007,0.0,6.625038555,497.2317810058594,495.82005745600003,495.7994939209997,376,368,969,144,190,,,,,
vf_w20,mcp4-n090-r10-08,278.44289980960485,4828.0001333333275,4828.0001333333275,0.0,5.084394799,273.35850501060486,272.9894024500001,272.97687410299994,251,245,136,144,190,,,,,
vf_w20,mcp4-n090-r10-09,323.3588983885736,5061.000100000001,5061.000100000001,0.0,6.102749335,317.2561490535736,316.23637785500006,316.22648943299987,278,271,854,144,190,,,,,
vf_w20,mcp4-n090-r10-10,537.0086602241083,4562.400139999996,4562.400139999996,0.0,6.502943185,530.5057170391083,526.7110934869999,526.6984768109999,368,357,4237,144,190,,,,,
vf_w20,mcp4-n090-r12-01,353.5334827796415,3706.4001399999997,3706.4001399999997,0.0,4.617376794,348.9161059856415,341.35169622,341.3332045020001,427,415,12160,144,175,,,,,
vf_w20,mcp4-n090-r12-02,166.92516047382617,3871.0001500000008,3871.0001500000008,0.0,4.456307477,162.46885299682617,162.228081499,162.21783102599997,210,205,179,144,175,,,,,
vf_w20,mcp4-n090-r12-03,430.5015082172572,3755.0001,3755.0001,0.0,5.144750338,425.3567578792572,423.90887608199984,423.88649177699995,502,492,973,144,175,,,,,
vf_w20,mcp4-n090-r12-04,350.9455144678397,3608.000149999998,3608.000149999998,0.0,5.268454579,345.6770598888397,343.197331279,343.17770601900037,483,476,2969,144,175,,,,,
vf_w20,mcp4-n090-r12-05,122.78325132614074,3550.0000999999993,3550.0000999999993,0.0,4.90392236,117.87932896614075,117.60085047099994,117.59229730300004,209,203,257,144,175,,,,,
vf_w20,mcp4-n090-r12-06,89.26540578505787,3339.0002000000004,3339.0002000000004,0.0,4.845372807,84.42003297805786,84.174934063,84.16849824199997,163,159,268,144,175,,,,,
vf_w20,mcp4-n090-r12-07,229.6383412610166,3782.500149999998,3782.500149999998,0.0,3.921916319,225.7164249420166,225.28127315100014,225.2662389939999,327,317,677,144,175,,,,,
vf_w20,mcp4-n090-r12-08,241.75206848936864,3672.000100000002,3672.000100000002,0.0,6.004640549,235.74742794036865,233.3186322039999,233.30310710199998,341,333,4393,144,175,,,,,
vf_w20,mcp4-n090-r12-09,317.86047868417177,4184.000100000001,4184.000100000001,0.0,3.226013705,314.63446497917175,313.9220783239999,313.9027845639997,489,479,549,144,175,,,,,
vf_w20,mcp4-n090-r12-10,321.579932954845,3350.3334666666683,3350.6130033040795,8.343546700421487e-5,5.197409895,316.38252305984497,313.06764853000004,313.0511795079998,386,376,2741,144,175,,,,,
vf_w20,mcp4-n090-r14-01,90.25690122675854,3413.0000999999997,3413.0000999999997,0.0,2.882035218,87.37486600875854,87.17013258600005,87.16142379799994,182,178,55,144,165,,,,,
vf_w20,mcp4-n090-r14-02,164.96929450517504,3182.000149999995,3182.000149999995,0.0,3.414938407,161.55435609817505,161.17782531300008,161.16669731699994,245,237,477,144,165,,,,,
vf_w20,mcp4-n090-r14-03,280.98550582464696,3149.0001999999986,3149.0001999999986,0.0,3.924919849,277.060585975647,275.53088183399996,275.51023656099994,355,344,1752,144,165,,,,,
vf_w20,mcp4-n090-r14-04,178.74563961199914,3646.0001,3646.0001,0.0,3.132784416,175.61285519599915,174.37707812600001,174.35894680500007,303,294,913,144,165,,,,,
vf_w20,mcp4-n090-r14-05,62.871446970993894,3044.0001,3044.0001,0.0,3.885929946,58.9855170249939,58.708030632,58.700588194,154,150,335,144,165,,,,,
vf_w20,mcp4-n090-r14-06,231.08187020233277,3399.3334666666633,3399.3334666666633,0.0,3.58280528,227.49906492233276,225.65103421000003,225.63285405799994,326,318,2856,144,165,,,,,
vf_w20,mcp4-n090-r14-07,183.2122622011261,2659.6668333333337,2659.6668333333337,0.0,3.451286125,179.7609760761261,178.02884948800005,178.01002979499998,359,352,1886,144,165,,,,,
vf_w20,mcp4-n090-r14-08,262.66307956248585,2623.5001333333353,2623.5001333333353,0.0,4.437578502,258.22550106048584,257.06112482600014,257.04400289000006,369,357,1098,144,165,,,,,
vf_w20,mcp4-n090-r14-09,238.2577240371322,2984.000199999999,2984.000199999999,0.0,4.154139986,234.1035840511322,233.15434575499987,233.135713827,443,433,962,144,165,,,,,
vf_w20,mcp4-n090-r14-10,153.13207885749023,2664.000100000001,2664.000100000001,0.0,3.719118805,149.41296005249023,148.255954914,148.24265032999998,318,309,1807,144,165,,,,,
vf_w20,mcp4-n090-r16-01,149.2121721994381,2082.333466666666,2082.333466666666,0.0,3.791998316,145.4201738834381,144.9612060199999,144.94485009300004,283,274,644,144,157,,,,,
vf_w20,mcp4-n090-r16-02,81.68092536842505,2594.0001500000003,2594.0001500000003,0.0,3.538190364,78.14273500442505,76.98359144100003,76.97076316799995,236,230,1768,144,157,,,,,
vf_w20,mcp4-n090-r16-03,114.40757739188135,2573.3334666666665,2573.3334666666665,0.0,3.287329551,111.12024784088135,108.53824953600002,108.52537944399998,254,246,3836,144,157,,,,,
vf_w20,mcp4-n090-r16-04,138.96229267849805,2174.0001400000033,2174.0001999999995,2.7598892523776776e-8,3.848450668,135.11384201049805,132.330414556,132.31493822799996,275,264,4308,144,157,,,,,
vf_w20,mcp4-n090-r16-05,102.61442347473547,2710.0001499999994,2710.0001499999994,0.0,2.553795299,100.06062817573547,99.82700571899998,99.81571384700005,221,215,180,144,157,,,,,
vf_w20,mcp4-n090-r16-06,128.37252445973388,2677.0001000000007,2677.0001000000007,0.0,3.531716545,124.84080791473389,124.40531398499994,124.39091152900006,282,276,382,144,157,,,,,
vf_w20,mcp4-n090-r16-07,128.51360266019347,2343.00015,2343.00015,0.0,2.67773454,125.83586812019348,124.83776312199998,124.81799398099999,322,317,862,144,157,,,,,
vf_w20,mcp4-n090-r16-08,101.7854388490857,2537.0001,2537.0001,0.0,2.38584788,99.3995909690857,99.09802235400002,99.08634214,218,211,323,144,157,,,,,
vf_w20,mcp4-n090-r16-09,153.68098062347326,2431.0002000000004,2431.2354941176445,9.678901616055659e-5,3.946681679,149.73429894447327,147.85681299599997,147.8419714260001,248,238,2288,144,157,,,,,
vf_w20,mcp4-n090-r16-10,147.21367447850392,2754.0001,2754.0001,0.0,2.571241312,144.6424331665039,144.33145142499993,144.315719803,281,274,108,144,157,,,,,
vf_w20,mcp4-n100-r08-01,3137.1668497904193,6727.000199999995,6727.120339593976,1.7859311789620428e-5,12.500407873,3124.6664419174194,3112.7980814750035,3112.7504614349996,913,899,7736,160,234,,,,,
vf_w20,mcp4-n100-r08-02,3114.8120107927493,7489.764852941175,7489.764852941175,0.0,10.727205781,3104.0848050117493,3097.757509086,3097.7215334359994,740,726,7112,160,234,,,,,
vf_w20,mcp4-n100-r08-03,1724.125617884547,7652.50015,7652.50015,0.0,11.624645852,1712.500972032547,1711.5465653840001,1711.5211601439999,538,533,728,160,234,,,,,
vf_w20,mcp4-n100-r08-04,1363.5454646738626,6973.6668,6973.6668,0.0,11.085198799,1352.4602658748627,1342.0371514599992,1342.0021170209998,516,508,17013,160,234,,,,,
vf_w20,mcp4-n100-r08-05,882.0530891788004,7837.000100000001,7837.333533333335,4.254604173529893e-5,10.778440274,871.2746489048004,866.6517064880001,866.6235549079993,480,474,5462,160,234,,,,,
vf_w20,mcp4-n100-r08-06,3111.981305487081,6773.400139999996,6773.400139999996,0.0,14.399378426,3097.581927061081,3079.2736026529997,3079.2398070240015,568,553,24815,160,234,,,,,
vf_w20,mcp4-n100-r08-07,3645.33805311674,6882.142999999982,7689.108668542514,0.11725499870353386,15.135105977,3630.20294713974,3617.5267515000005,3617.482348772002,714,704,8575,160,234,,,,,
vf_w20,mcp4-n100-r08-08,1739.138233501103,7455.000166666665,7455.000166666665,0.0,13.130948383,1726.007285118103,1719.0772743629998,1719.049332942999,475,467,3653,160,234,,,,,
vf_w20,mcp4-n100-r08-09,1944.956314291999,8006.000100000001,8006.236467372603,2.952377837245056e-5,12.097147193,1932.859167098999,1927.0856501939995,1927.0581374749986,473,467,8478,160,234,,,,,
vf_w20,mcp4-n100-r08-10,1984.1751427645706,7545.000100000001,7545.000100000001,0.0,11.579773664,1972.5953691005707,1964.6925112189992,1964.6624578829992,539,530,8962,160,234,,,,,
vf_w20,mcp4-n100-r10-01,1261.2749908761702,5748.000100000001,5748.000100000001,0.0,9.696501811,1251.5784890651703,1250.5521542039996,1250.5210718829994,501,490,829,160,209,,,,,
vf_w20,mcp4-n100-r10-02,958.0493675307688,5565.500150000007,5565.500150000007,0.0,9.319779499,948.7295880317688,942.88190227,942.8528382100001,481,473,6917,160,209,,,,,
vf_w20,mcp4-n100-r10-03,1004.6476682510649,5742.000200000001,5742.000200000001,0.0,9.070366272,995.5773019790649,994.6501888559997,994.6296664539993,397,388,689,160,209,,,,,
vf_w20,mcp4-n100-r10-04,484.3297361018707,5337.0001,5337.0001,0.0,9.192462075,475.1372740268707,474.56274413999995,474.54565642700004,332,327,604,160,209,,,,,
vf_w20,mcp4-n100-r10-05,915.2279898233612,5641.600120000006,5641.702971869485,1.823097477500756e-5,8.879363925,906.3486258983612,873.0290913749999,872.9969963289994,610,600,43092,160,209,,,,,
vf_w20,mcp4-n100-r10-06,1110.5684209332335,4740.28585714286,4740.28585714286,0.0,9.085356997,1101.4830639362335,1099.3260631520006,1099.292609998,611,603,1143,160,209,,,,,
vf_w20,mcp4-n100-r10-07,479.1606370860935,4962.0001,4962.0001,0.0,9.464461034,469.6961760520935,468.33030152599986,468.31384591000017,298,291,1203,160,209,,,,,
vf_w20,mcp4-n100-r10-08,1291.454028975852,5207.200240000001,5207.200240000001,0.0,10.837846887,1280.616182088852,1279.6425173569992,1279.6180608959992,435,423,721,160,209,,,,,
vf_w20,mcp4-n100-r10-09,1345.7792606008416,5493.000200000002,5493.000200000002,0.0,10.164066757,1335.6151938438416,1312.1320318590006,1312.0981857560007,581,574,41328,160,209,,,,,
vf_w20,mcp4-n100-r10-10,567.1003982810299,5179.000100000001,5179.000100000001,0.0,8.396033266,558.7043650150299,558.3072773419998,558.2903548359999,323,317,243,160,209,,,,,
vf_w20,mcp4-n100-r12-01,293.54335860447424,4715.0001,4715.0001,0.0,6.090101759,287.45325684547424,287.070784842,287.05785095099986,290,285,289,160,193,,,,,
vf_w20,mcp4-n100-r12-02,424.42967142345935,4416.750150000002,4416.750150000002,0.0,8.301362412,416.12830901145935,415.5152060129999,415.49836878599996,344,338,545,160,193,,,,,
vf_w20,mcp4-n100-r12-03,631.4949654220143,4371.000099999998,4371.000099999998,0.0,6.520489323,624.9744760990143,622.5747509519996,622.554309513,417,412,2516,160,193,,,,,
vf_w20,mcp4-n100-r12-04,518.9800922541276,4026.000100000001,4026.000100000001,0.0,8.461968389,510.51812386512756,508.2084778269999,508.18797796099994,419,412,2330,160,193,,,,,
vf_w20,mcp4-n100-r12-05,289.87381527157606,4321.000100000001,4321.000100000001,0.0,7.077107403,282.79670786857605,281.70732175599994,281.693415117,322,317,889,160,193,,,,,
vf_w20,mcp4-n100-r12-06,160.55299379733998,4808.000099999999,4808.000099999999,0.0,7.098049902,153.45494389533997,153.19069420900001,153.181711193,194,189,106,160,193,,,,,
vf_w20,mcp4-n100-r12-07,751.2628501472036,4274.000199999999,4274.000199999999,0.0,6.546651226,744.7161989212036,739.9042629640002,739.8522080780002,529,520,6851,160,193,,,,,
vf_w20,mcp4-n100-r12-08,333.6155132624093,4097.000133333328,4097.000133333328,0.0,6.971980271,326.6435329914093,325.49278031499966,325.4767312639999,282,278,916,160,193,,,,,
vf_w20,mcp4-n100-r12-09,688.9921035428015,4716.000099999999,4716.000099999999,0.0,8.86590239,680.1262011528015,677.824597489,677.7979523060001,458,448,2036,160,193,,,,,
vf_w20,mcp4-n100-r12-10,186.9088108174015,3990.000100000001,3990.000100000001,0.0,6.604831659,180.3039791584015,180.010794564,179.99961192600009,219,214,203,160,193,,,,,
vf_w20,mcp4-n100-r14-01,340.2288065237485,3127.0001,3127.0001,0.0,7.923942594,332.30486392974854,329.883735147,329.8728636469999,344,332,2660,160,181,,,,,
vf_w20,mcp4-n100-r14-02,669.2901565818275,3279.0000999999993,3279.0000999999993,0.0,6.905734518,662.3844220638275,658.3561308340003,658.3191552829996,619,608,4871,160,181,,,,,
vf_w20,mcp4-n100-r14-03,175.60767368071947,3916.0001000000007,3916.0001000000007,0.0,6.069248712,169.53842496871948,169.192598128,169.18644911200005,235,228,302,160,181,,,,,
vf_w20,mcp4-n100-r14-04,302.9686579376622,3715.0000999999993,3715.0000999999993,0.0,4.279091087,298.68956685066223,298.3478852639999,298.3389881209999,288,279,383,160,181,,,,,
vf_w20,mcp4-n100-r14-05,569.1822267349552,3551.0001,3551.0001,0.0,4.496695834,564.6855309009552,562.7052554320003,562.6896540729998,479,468,2293,160,181,,,,,
vf_w20,mcp4-n100-r14-06,363.9901499743429,3210.0001500000017,3210.0001500000017,0.0,8.138098001,355.8520519733429,348.09481511800027,348.0535027790001,433,430,9705,160,181,,,,,
vf_w20,mcp4-n100-r14-07,332.90171170183595,3198.000199999999,3198.000199999999,0.0,5.993279695,326.90843200683594,325.77728832199995,325.75807273199996,458,452,733,160,181,,,,,
vf_w20,mcp4-n100-r14-08,353.06299952042724,3560.0000999999984,3560.0000999999984,0.0,4.910519395,348.15248012542725,347.0223453389999,346.99133373600034,316,306,562,160,181,,,,,
vf_w20,mcp4-n100-r14-09,215.65338334795373,3627.7501625000004,3627.7501625000004,0.0,5.162500236,210.49088311195374,209.93648507300009,209.92386878399998,306,298,515,160,181,,,,,
vf_w20,mcp4-n100-r14-10,321.3732857452393,3540.600139999999,3540.600139999999,0.0,6.47469375,314.89859199523926,314.441693894,314.427438772,417,410,207,160,181,,,,,
vf_w20,mcp4-n100-r16-01,236.74327301677636,3241.0001,3241.0001,0.0,3.568226096,233.17504692077637,232.77488599400007,232.7576837360001,401,390,435,160,172,,,,,
vf_w20,mcp4-n100-r16-02,262.13980719523437,2910.0001500000003,2910.0001500000003,0.0,4.23248908,257.9073181152344,257.3393913750001,257.3216596429999,417,408,502,160,172,,,,,
vf_w20,mcp4-n100-r16-03,172.61706177453235,3159.0001000000007,3159.0001000000007,0.0,3.472723882,169.14433789253235,168.85795790599985,168.84562833900003,342,336,113,160,172,,,,,
vf_w20,mcp4-n100-r16-04,308.460390846089,3067.0000999999997,3067.0000999999997,0.0,4.924111883,303.536278963089,302.7728879040002,302.75882078899986,297,290,643,160,172,,,,,
vf_w20,mcp4-n100-r16-05,230.79961754822108,2811.0000999999997,2811.0000999999997,0.0,5.335317631,225.46429991722107,223.8825892969999,223.8670433910002,391,384,1736,160,172,,,,,
vf_w20,mcp4-n100-r16-06,214.71988745045252,2984.0001,2984.0001,0.0,4.477799371,210.24208807945251,209.82105027499998,209.80648529799993,323,315,390,160,172,,,,,
vf_w20,mcp4-n100-r16-07,241.16812925423778,2678.0000999999997,2678.0000999999997,0.0,5.546216298,235.6219129562378,234.59139227900002,234.57492708800007,363,354,758,160,172,,,,,
vf_w20,mcp4-n100-r16-08,335.13603442839195,3016.0002000000004,3016.0002000000004,0.0,4.469336211,330.66669821739197,328.4504841139997,328.433821466,375,365,2810,160,172,,,,,
vf_w20,mcp4-n100-r16-09,129.94118727301478,2889.0001600000023,2889.0001600000023,0.0,4.912896286,125.02829098701477,124.52296680399999,124.512874217,249,244,622,160,172,,,,,
vf_w20,mcp4-n100-r16-10,206.8114388993961,2992.000100000001,2992.000100000001,0.0,3.636532884,203.17490601539612,202.84117270299993,202.82773163800016,319,311,314,160,172,,,,,
vf_w20,mcp4-n110-r08-01,5913.67576631399,7396.000099999999,8681.43025819589,0.1738007221222036,21.933268393,5891.74249792099,5889.0665737529935,5889.02695149,818,807,1077,174,253,,,,,
vf_w20,mcp4-n110-r08-02,4185.479045887366,7207.666833333333,14500.9773431744,1.0118823023438954,23.599210997,4161.879834890366,4147.117402530998,4147.087316192998,649,645,13034,174,253,,,,,
vf_w20,mcp4-n110-r08-03,3834.892898539374,6899.738102860409,15151.64166231937,1.1959734465918337,21.546130637,3813.3467679023743,3805.7877835839986,3805.762503184,518,512,3602,174,253,,,,,
vf_w20,mcp4-n110-r08-04,4585.225645794706,7768.0001,8277.337668058079,0.06556868711395594,21.424724593,4563.800921201706,4562.394596724002,4562.365420142997,575,567,959,174,253,,,,,
vf_w20,mcp4-n110-r08-05,4138.48603220739,7618.000149999998,9047.764862268063,0.18768242112309028,23.895267208,4114.59076499939,4065.0372289380007,4065.0136323139986,496,493,33746,174,253,,,,,
vf_w20,mcp4-n110-r08-06,4646.6670970221385,7234.500174999994,14964.896168547912,1.0685459681460199,25.635840108,4621.031256914139,4601.627574923999,4601.603249348002,490,486,10290,174,253,,,,,
vf_w20,mcp4-n110-r08-07,3833.452147590375,6461.16683333334,8247.835179579582,0.2765241004192572,29.143143522,3804.3090040683746,3803.077857746997,3803.0586575310012,360,355,809,174,253,,,,,
vf_w20,mcp4-n110-r08-08,3921.573240463888,8049.916833333336,14405.173160141716,0.789480991964084,24.455225413,3897.118015050888,3893.1081904020007,3893.072947415999,716,711,3725,174,253,,,,,
vf_w20,mcp4-n110-r08-09,3605.0473350388806,8343.000200000004,14853.808685936301,0.7803917451585695,24.927513252,3580.1198217868805,3556.1088830079984,3556.079726787999,608,601,24055,174,253,,,,,
vf_w20,mcp4-n110-r08-10,3760.9546363228583,7342.333466666655,13763.523700213116,0.8745435307042266,24.179876315,3736.7747600078583,3659.7214795969994,3659.6895533170004,622,616,46548,174,253,,,,,
vf_w20,mcp4-n110-r10-01,3392.969606146163,5975.000100000001,5975.000100000001,0.0,15.749557957,3377.220048189163,3374.987916025001,3374.936068072999,768,758,1093,174,225,,,,,
vf_w20,mcp4-n110-r10-02,2242.02975978511,5588.000100000001,5588.000100000001,0.0,16.271455666,2225.75830411911,2220.3215107370006,2220.2855663390005,602,590,4399,174,225,,,,,
vf_w20,mcp4-n110-r10-03,1877.5221885352832,6293.200140000001,6293.8115207547135,9.714942177456746e-5,15.870318523,1861.6518700122833,1796.0374120489987,1795.9744952919991,610,603,91723,174,225,,,,,
vf_w20,mcp4-n110-r10-04,2911.263445945515,5736.000100000001,5736.000100000001,0.0,14.993725868,2896.2697200775146,2853.779453076999,2853.7381235170014,713,703,35154,174,225,,,,,
vf_w20,mcp4-n110-r10-05,3223.309011137772,6081.666799999999,6081.666799999999,0.0,16.222031987,3207.086979150772,3203.1738191870018,3203.130289651002,687,677,2805,174,225,,,,,
vf_w20,mcp4-n110-r10-06,1692.1995337585581,6171.000100000002,6171.58334909636,9.451451740497886e-5,12.562381802,1679.6371519565582,1675.6693247419992,1675.6397841549997,487,476,5169,174,225,,,,,
vf_w20,mcp4-n110-r10-07,3441.6796368076602,6631.000100000001,6631.000100000001,0.0,15.915830703,3425.76380610466,3424.283391529998,3424.249816341999,530,523,708,174,225,,,,,
vf_w20,mcp4-n110-r10-08,3744.9817069718574,6117.00016666667,10580.019423671496,0.7296091442542585,19.019654865,3725.9620521068573,3713.847802893998,3713.7884341179983,946,930,9634,174,225,,,,,
vf_w20,mcp4-n110-r10-09,1553.2449312682338,6376.000149999999,6376.000149999999,0.0,17.305272388,1535.9396588802338,1528.9387501039996,1528.9163281419999,346,342,5299,174,225,,,,,
vf_w20,mcp4-n110-r10-10,3816.3124038502324,6065.000139999995,6527.240771641794,0.07621444698627815,18.147470884,3798.1649329662323,3793.1270343829997,3793.0769771660002,754,739,4082,174,225,,,,,
vf_w20,mcp4-n110-r12-01,956.3123246113613,5279.500149999998,5279.500149999998,0.0,8.368213741,947.9441108703613,946.1759648970003,946.1528663790001,504,496,1053,174,207,,,,,
vf_w20,mcp4-n110-r12-02,1493.3476990127408,4376.000099999999,4376.000099999999,0.0,12.275185194,1481.0725138187408,1479.2775957540002,1479.2522007460007,522,511,1209,174,207,,,,,
vf_w20,mcp4-n110-r12-03,1182.7531644027952,5184.000099999999,5184.171146752132,3.2995129018708394e-5,11.992572419,1170.7605919837952,1156.1262868069994,1156.0973389350006,609,598,21701,174,207,,,,,
vf_w20,mcp4-n110-r12-04,799.693145763948,4269.0001,4269.0001,0.0,11.604118836,788.089026927948,787.4847675179998,787.4656590030002,406,398,474,174,207,,,,,
vf_w20,mcp4-n110-r12-05,2251.061071184547,4786.500150000002,4786.645731067963,3.0414930199418676e-5,13.327459124,2237.733612060547,2229.1344051250003,2229.095347741,799,784,9115,174,207,,,,,
vf_w20,mcp4-n110-r12-06,1510.0485552151097,4867.666799999999,4867.666799999999,0.0,12.221019109,1497.8275361061096,1496.6312424430002,1496.5983321029992,667,660,897,174,207,,,,,
vf_w20,mcp4-n110-r12-07,1119.4985450478239,5195.50015,5195.50015,0.0,11.474984047,1108.023561000824,1095.9500165809993,1095.9198011229996,609,601,15561,174,207,,,,,
vf_w20,mcp4-n110-r12-08,745.4382331321723,4649.5556999999935,4649.5556999999935,0.0,13.589797015,731.8484361171722,725.6784900899995,725.6612918610003,358,355,9349,174,207,,,,,
vf_w20,mcp4-n110-r12-09,1280.7614156466072,4766.000166666668,4766.000166666668,0.0,11.659008668,1269.1024069786072,1266.8422660499998,1266.8147463570003,565,557,1422,174,207,,,,,
vf_w20,mcp4-n110-r12-10,893.3258303791264,4922.000099999999,4922.000099999999,0.0,12.500837484,880.8249928951263,879.7625726320001,879.734989900001,589,580,879,174,207,,,,,
vf_w20,mcp4-n110-r14-01,402.8549674235381,4101.80018,4101.80018,0.0,6.873226472,395.9817409515381,381.87608144899986,381.86085863099987,351,346,22622,174,194,,,,,
vf_w20,mcp4-n110-r14-02,771.7711440245763,4067.000133333335,4067.000133333335,0.0,9.888934962,761.8822090625763,759.6394212200005,759.6144250449998,537,524,1902,174,194,,,,,
vf_w20,mcp4-n110-r14-03,722.5311762705406,4554.000100000001,4554.000100000001,0.0,8.065735282,714.4654409885406,713.316275716,713.2951003859998,603,594,685,174,194,,,,,
vf_w20,mcp4-n110-r14-04,458.3587390414728,4383.0001,4383.0001,0.0,7.16458311,451.1941559314728,450.6462469540002,450.6340560559998,311,302,499,174,194,,,,,
vf_w20,mcp4-n110-r14-05,1202.7911013030207,3578.0001,3578.0001,0.0,9.829922285,1192.9611790180206,1191.7438750550002,1191.691881316999,564,555,919,174,194,,,,,
vf_w20,mcp4-n110-r14-06,908.2452589390448,3597.0002000000004,3597.1305347826087,3.62342995166682e-5,11.19641484,897.0488440990448,867.2686217919995,867.2475747580004,467,456,54465,174,194,,,,,
vf_w20,mcp4-n110-r14-07,301.83311982043676,4315.1668000000045,4315.1668000000045,0.0,9.058983754,292.77413606643677,280.7475802689999,280.7369306909999,281,278,23361,174,194,,,,,
vf_w20,mcp4-n110-r14-08,702.4523434518461,4166.666799999997,4166.666799999997,0.0,8.239752519,694.2125909328461,693.5780434190002,693.5567943899998,481,472,339,174,194,,,,,
vf_w20,mcp4-n110-r14-09,349.82500092794237,4067.0001999999977,4067.0001999999977,0.0,7.973985837,341.8510150909424,341.28081238800013,341.26629531100014,348,342,509,174,194,,,,,
vf_w20,mcp4-n110-r14-10,1401.318297585378,3643.000199999996,3643.0415452709894,1.134923654233899e-5,11.404073676,1389.914223909378,1378.443105165001,1378.4087767730005,765,754,15963,174,194,,,,,
vf_w20,mcp4-n110-r16-01,426.4861559780045,3365.0000999999993,3365.0000999999993,0.0,5.246180764,421.2399752140045,420.15568426799996,420.1420352980001,422,414,1086,174,184,,,,,
vf_w20,mcp4-n110-r16-02,515.6688364239096,3295.000100000001,3295.000100000001,0.0,5.980059454,509.68877696990967,508.4131172879997,508.3926329890002,477,466,969,174,184,,,,,
vf_w20,mcp4-n110-r16-03,412.94758951167944,3681.0002000000077,3681.0002000000077,0.0,6.249719734,406.69786977767944,405.6632450479999,405.65240618600035,343,330,928,174,184,,,,,
vf_w20,mcp4-n110-r16-04,288.65064208198476,3299.3335000000006,3299.3335000000006,0.0,7.248372957,281.40226912498474,280.86314518800003,280.8532418680001,291,285,666,174,184,,,,,
vf_w20,mcp4-n110-r16-05,385.10511417778173,3513.0001,3513.0001,0.0,5.006072239,380.09904193878174,379.76876789800014,379.756709221,362,357,220,174,184,,,,,
vf_w20,mcp4-n110-r16-06,652.9589429030508,3310.50015,3310.827686206897,9.893858693741292e-5,5.662975801,647.2959671020508,626.1189762869994,626.0884689620009,689,679,25381,174,184,,,,,
vf_w20,mcp4-n110-r16-07,669.8352295356974,3346.0000999999993,3346.0000999999993,0.0,5.673334499,664.1618950366974,660.9694904300001,660.9501655220002,531,522,4253,174,184,,,,,
vf_w20,mcp4-n110-r16-08,396.436659476889,3322.0001500000026,3322.0001500000026,0.0,5.349686525,391.08697295188904,389.37009597099984,389.35750273699995,402,395,2175,174,184,,,,,
vf_w20,mcp4-n110-r16-09,378.7720428245619,3576.0000999999993,3576.0000999999993,0.0,6.383622958,372.3884198665619,370.76181839600014,370.75187354600024,316,312,2101,174,184,,,,,
vf_w20,mcp4-n110-r16-10,764.0082610749394,3257.0001,3257.0001,0.0,7.462339034,756.5459220409393,753.6561400440004,753.6347512310003,592,584,3439,174,184,,,,,
vf_w20,mcp4-n120-r08-01,3880.7999240744984,6675.857349999995,18699.613565064166,1.8010804582372002,38.960392176,3841.8395318984985,3839.039675268001,3839.0094893549967,512,506,1066,190,274,,,,,
vf_w20,mcp4-n120-r08-02,3739.865591289818,8727.500149999989,17943.62255800177,1.0559865081184552,39.637763264,3700.227828025818,3694.9448381349985,3694.9108017329995,586,583,4302,190,274,,,,,
vf_w20,mcp4-n120-r08-03,3604.509351685544,6372.000200000002,17263.216611127064,1.7092303937980193,36.796112731,3567.713238954544,3563.3345319070004,3563.2992662300003,616,613,2226,190,274,,,,,
vf_w20,mcp4-n120-r08-04,3680.034879008131,6382.000220000002,18780.508243270215,1.9427307420666635,41.43714408,3638.597734928131,3635.569756226001,3635.5318251380018,677,673,1998,190,274,,,,,
vf_w20,mcp4-n120-r08-05,6532.434736805293,8831.000142857145,10157.295472539088,0.1501863105227897,38.410992699,6494.023744106293,6491.422073931999,6491.388700391005,453,446,1293,190,274,,,,,
vf_w20,mcp4-n120-r08-06,3607.4463570155795,5476.083533333334,18012.76107204419,2.2893510411956197,44.950243,3562.496114015579,3556.7004482819943,3556.660706162998,614,609,3556,190,274,,,,,
vf_w20,mcp4-n120-r08-07,4477.045593515624,7923.333499999995,18322.3928169487,1.3124601301899903,49.792305485,4427.253288030624,4422.497315286001,4422.46564193,464,460,3142,190,274,,,,,
vf_w20,mcp4-n120-r08-08,3605.7458844167445,7915.000150000007,17591.955741115926,1.2226096535343602,47.666243313,3558.0796411037445,3550.4578142879955,3550.4227626179986,554,552,5772,190,274,,,,,
vf_w20,mcp4-n120-r08-09,3634.2909570350735,5824.100175,17187.411242639457,1.9510844123898432,53.264082016,3581.0268750190735,3572.244017464001,3572.208559597002,660,658,3115,190,274,,,,,
vf_w20,mcp4-n120-r08-10,3730.3126827225096,8801.000049999988,9558.480742115209,0.08606757048197293,30.586752747,3699.7259299755096,3698.840293679,3698.7796858959978,453,447,467,190,274,,,,,
vf_w20,mcp4-n120-r10-01,4478.6887442997,4452.000199999999,13150.01570102308,1.9537320553182105,23.511473172,4455.177271127701,4448.606896320002,4448.558791136,658,648,1148,190,244,,,,,
vf_w20,mcp4-n120-r10-02,3689.1413929101477,6332.625081249998,12204.45869872611,0.9272353158663657,25.089169943,3664.052222967148,3646.2946576930008,3646.251130927,689,681,8486,190,244,,,,,
vf_w20,mcp4-n120-r10-03,3617.802732375395,5800.333500000002,13024.679046623856,1.2455052018343173,26.401035455,3591.401696920395,3586.477272828,3586.4310401189996,727,719,2895,190,244,,,,,
vf_w20,mcp4-n120-r10-04,3581.0764106645083,7145.333466666667,7145.333466666667,0.0,22.889314784,3558.1870958805084,3556.1740074810014,3556.1430263539983,463,455,1330,190,244,,,,,
vf_w20,mcp4-n120-r10-05,3397.267847405141,6967.000100000001,6967.000100000001,0.0,25.916080342,3371.351767063141,3369.866038257999,3369.8350506600023,463,456,896,190,244,,,,,
vf_w20,mcp4-n120-r10-06,4183.963078049936,6307.000100000001,7226.2105954402705,0.1457444872151293,27.000455169,4156.962622880936,4155.200339521002,4155.151117592001,712,704,1187,190,244,,,,,
vf_w20,mcp4-n120-r10-07,3232.8074410286645,7019.0001,7019.0001,0.0,29.508955988,3203.2984850406647,3202.394037348,3202.3618655,445,438,615,190,244,,,,,
vf_w20,mcp4-n120-r10-08,4896.208785583443,7124.000100000001,16793.696302531644,1.3573408291405893,23.892396738,4872.316388845444,4871.3358310250005,4871.283600617998,680,674,354,190,244,,,,,
vf_w20,mcp4-n120-r10-09,3608.8164440708315,4957.785864285715,12030.578160128844,1.4266030218838686,25.253674181,3583.5627698898315,3565.522894430996,3565.4781267220005,692,684,9037,190,244,,,,,
vf_w20,mcp4-n120-r10-10,3655.181553839011,4961.0002,12665.605399559961,1.5530346480453598,24.376750706,3630.804803133011,3620.1620236870003,3620.1190690379985,760,754,10639,190,244,,,,,
vf_w20,mcp4-n120-r12-01,2465.7626412257277,5697.000100000001,5697.000100000001,0.0,15.436316286,2450.326324939728,2448.9582488869996,2448.9199320739976,714,705,741,190,224,,,,,
vf_w20,mcp4-n120-r12-02,3613.2862235520743,5520.0002,7043.282143991591,0.27595686391308283,17.806015632,3595.4802079200745,3591.8623680379987,3591.819935895002,782,771,3689,190,224,,,,,
vf_w20,mcp4-n120-r12-03,2221.144972502193,5226.000150000002,5226.000150000002,0.0,17.673902451,2203.4710700511932,2200.3556880120004,2200.3253840959983,575,564,1553,190,224,,,,,
vf_w20,mcp4-n120-r12-04,3238.909723927335,5197.000149999998,5197.4064,7.817009587768035e-5,18.104038884,3220.805685043335,3197.3320560079997,3197.2700388670014,765,753,32490,190,224,,,,,
vf_w20,mcp4-n120-r12-05,2579.812308843931,5477.000100000001,5477.167500881054,3.0564337775574276e-5,18.75394183,2561.0583670139313,2559.800054139002,2559.7735029059995,504,492,1155,190,224,,,,,
vf_w20,mcp4-n120-r12-06,2252.9684912418725,5150.300150000005,5150.714749681466,8.050010084584444e-5,18.320381329,2234.6481099128723,2116.547370528,2116.5099951520024,787,779,161901,190,224,,,,,
vf_w20,mcp4-n120-r12-07,2739.113595589265,5552.0001,5552.0001,0.0,19.133862599,2719.979732990265,2715.3789463709995,2715.3414282560016,784,775,5365,190,224,,,,,
vf_w20,mcp4-n120-r12-08,3657.4025567821677,4968.950175000003,8893.582842603866,0.7898313586136656,18.854424601,3638.5481321811676,3604.0330019100043,3603.9828540239996,879,871,34547,190,224,,,,,
vf_w20,mcp4-n120-r12-09,2661.845752021253,5736.000100000001,5736.000100000001,0.0,18.641515037,2643.204236984253,2641.663663327,2641.639276922001,413,407,934,190,224,,,,,
vf_w20,mcp4-n120-r12-10,3772.3833860056893,4691.333499999999,6003.374448697396,0.2796733484620944,18.566467871,3753.8169181346893,3751.095562158001,3751.0473430520005,871,861,1410,190,224,,,,,
vf_w20,mcp4-n120-r14-01,921.0605565878152,4963.000099999999,4963.000099999999,0.0,15.601366696,905.4591898918152,903.9958219790009,903.9562921580002,439,430,707,190,210,,,,,
vf_w20,mcp4-n120-r14-02,1868.6561477308169,4841.000150000002,4841.340323593808,7.026927974913556e-5,12.652918828,1856.0032289028168,1795.198678790001,1795.128783714001,905,899,53568,190,210,,,,,
vf_w20,mcp4-n120-r14-03,2541.3710016827413,4269.333466666671,4269.333466666671,0.0,16.438250504,2524.9327511787415,2515.9054643660006,2515.855660616999,793,776,9419,190,210,,,,,
vf_w20,mcp4-n120-r14-04,2595.3446721219975,4003.0001500000003,4003.277411082916,6.926332064105199e-5,19.720732131,2575.6239399909973,2572.6149130020017,2572.5734251579997,726,718,2069,190,210,,,,,
vf_w20,mcp4-n120-r14-05,1343.548947953845,4559.000100000001,4559.000100000001,0.0,14.260174894,1329.288773059845,1327.8092672289995,1327.7674908299996,384,377,1432,190,210,,,,,
vf_w20,mcp4-n120-r14-06,1521.1031883464016,4695.000120000007,4695.4692564341985,9.992256063916096e-5,15.459365438,1505.6438229084015,1380.6319712839995,1380.6022160220016,553,545,81947,190,210,,,,,
vf_w20,mcp4-n120-r14-07,1837.9055099207774,4324.333466666666,4324.333466666666,0.0,15.333770724,1822.5717391967773,1818.27507074,1818.234448587,761,753,2918,190,210,,,,,
vf_w20,mcp4-n120-r14-08,1488.2109406769143,4333.000200000002,4333.000200000002,0.0,13.593171674,1474.6177690029144,1464.4010058070003,1464.374266638,499,490,12843,190,210,,,,,
vf_w20,mcp4-n120-r14-09,1462.614672636069,4077.0000999999997,4077.135082946203,3.3108399041567e-5,15.278726553,1447.3359460830688,1440.825444182,1440.7903671979998,645,636,10153,190,210,,,,,
vf_w20,mcp4-n120-r14-10,2704.888616592691,4344.000099999999,4344.000099999999,0.0,13.201487572,2691.687129020691,2690.1420549599998,2690.090821507001,934,924,813,190,210,,,,,
vf_w20,mcp4-n120-r16-01,539.0432001531425,3533.0001,3533.0001,0.0,10.147394079,528.8958060741425,528.2579428649999,528.2383393199998,363,357,552,190,199,,,,,
vf_w20,mcp4-n120-r16-02,635.6572466791757,4065.0001500000003,4065.0001500000003,0.0,9.842480749,625.8147659301758,624.9992303540006,624.974261627,526,516,523,190,199,,,,,
vf_w20,mcp4-n120-r16-03,686.6759396509584,4025.4001400000006,4025.4001400000006,0.0,7.400377603,679.2755620479584,649.1226033409995,649.0928041059997,600,594,35439,190,199,,,,,
vf_w20,mcp4-n120-r16-04,608.357913269165,3979.0001,3979.0001,0.0,11.734887375,596.623025894165,595.4199187440001,595.4006778839998,398,390,857,190,199,,,,,
vf_w20,mcp4-n120-r16-05,838.8837250918733,3748.0001000000007,3748.0001000000007,0.0,9.450251028,829.4334740638733,828.1123937800003,828.0928027570002,389,381,871,190,199,,,,,
vf_w20,mcp4-n120-r16-06,1780.4416536213876,3716.0001500000008,3716.1528272727305,4.108645494262457e-5,12.776867521,1767.6647861003876,1717.4168754369998,1717.365407706001,1107,1093,51156,190,199,,,,,
vf_w20,mcp4-n120-r16-07,1822.1944888456735,3743.5001999999986,3743.5001999999986,0.0,10.300382696,1811.8941061496735,1808.5967025210002,1808.5548425959985,909,894,2097,190,199,,,,,
vf_w20,mcp4-n120-r16-08,1693.475581900479,3480.333466666667,3480.333466666667,0.0,13.56034805,1679.9152338504791,1675.7723045869998,1675.7314383740004,805,791,3763,190,199,,,,,
vf_w20,mcp4-n120-r16-09,1105.540750888077,3623.000100000001,3623.1372083116066,3.784386083939551e-5,9.592249778,1095.948501110077,1092.0773514460002,1092.0439967169993,689,681,5487,190,199,,,,,
vf_w20,mcp4-n120-r16-10,1012.3358473865048,3788.0001333333294,3788.0001333333294,0.0,12.835784444,999.5000629425049,997.4577091430003,997.4253856780008,746,735,1562,190,199,,,,,
vf_w30,mcp4-n070-r08-01,107.53663988192017,4283.000133333329,4283.000133333329,0.0,3.282639695,104.25400018692017,104.027823287,104.02301782300006,216,208,346,112,180,,,,,
vf_w30,mcp4-n070-r08-02,113.8342129232229,4517.500149999999,4517.500149999999,0.0,3.240372801,110.5938401222229,109.50763551300001,109.500612984,200,194,802,112,180,,,,,
vf_w30,mcp4-n070-r08-03,88.87631154772143,3691.0001999999995,3691.0001999999995,0.0,3.241767652,85.63454389572144,83.223286171,83.21820123999997,206,199,5031,112,180,,,,,
vf_w30,mcp4-n070-r08-04,86.70169014361072,4690.000099999999,4690.000099999999,0.0,2.377093977,84.32459616661072,84.02380789800004,84.01999535399997,137,133,587,112,180,,,,,
vf_w30,mcp4-n070-r08-05,75.7601999713313,3845.0000999999997,3845.0000999999997,0.0,3.567110963,72.1930890083313,71.637297389,71.63239081500002,167,160,1023,112,180,,,,,
vf_w30,mcp4-n070-r08-06,115.55870804661548,4825.0001500000035,4825.0001500000035,0.0,3.119572972,112.43913507461548,112.24854126999999,112.24374713400002,177,170,146,112,180,,,,,
vf_w30,mcp4-n070-r08-07,78.97324009219787,3732.000100000001,3732.000100000001,0.0,3.779991105,75.19324898719788,74.84248784200001,74.83673376,168,160,564,112,180,,,,,
vf_w30,mcp4-n070-r08-08,104.49368064935852,4167.000099999999,4167.000099999999,0.0,3.53673976,100.95694088935852,100.61767109400003,100.60169398200001,200,191,559,112,180,,,,,
vf_w30,mcp4-n070-r08-09,195.48359261933936,4190.000099999998,4190.000099999998,0.0,3.209198584,192.27439403533936,191.25839557700004,191.24866846700002,276,265,1504,112,180,,,,,
vf_w30,mcp4-n070-r08-10,30.21139567552173,4291.0001,4291.0001,0.0,2.913312847,27.29808282852173,27.149243365000004,27.146815548000017,108,104,80,112,180,,,,,
vf_w30,mcp4-n070-r10-01,48.63535069874487,3716.000200000003,3716.000200000003,0.0,1.970426554,46.66492414474487,45.98796382699997,45.982292635000015,176,173,1175,112,162,,,,,
vf_w30,mcp4-n070-r10-02,79.3598951557201,3023.00015,3023.00015,0.0,2.717092202,76.64280295372009,75.72936730600003,75.724383072,153,149,1102,112,162,,,,,
vf_w30,mcp4-n070-r10-03,34.00183376654932,3403.0001,3403.0001,0.0,2.944459766,31.057374000549316,30.878210112999994,30.874204043000013,110,105,126,112,162,,,,,
vf_w30,mcp4-n070-r10-04,81.85566570404968,3412.250150000002,3412.250150000002,0.0,1.84875085,80.00691485404968,78.40066382299999,78.39191737800003,230,223,2531,112,162,,,,,
vf_w30,mcp4-n070-r10-05,26.14992587411914,3104.0000999999993,3104.0000999999993,0.0,1.950733827,24.19919204711914,24.051979269999993,24.04924018099999,87,84,116,112,162,,,,,
vf_w30,mcp4-n070-r10-06,77.9959562627146,3933.0002000000004,3933.0002000000004,0.0,0.667555174,77.3284010887146,76.56323341999999,76.55481399699994,201,194,1021,112,162,,,,,
vf_w30,mcp4-n070-r10-07,53.163886434879885,3412.0001000000007,3412.0001000000007,0.0,1.457036383,51.70685005187988,51.38080550500002,51.36674363900001,166,159,510,112,162,,,,,
vf_w30,mcp4-n070-r10-08,42.98119864291174,3314.0001500000017,3314.0001500000017,0.0,1.645739649,41.33545899391174,40.90835010400001,40.904178354,153,148,535,112,162,,,,,
vf_w30,mcp4-n070-r10-09,90.44592148681629,3319.666799999994,3319.666799999994,0.0,3.248460597,87.19746088981628,84.61310827599998,84.60327910700002,231,221,4091,112,162,,,,,
vf_w30,mcp4-n070-r10-10,79.7402986629978,4003.5001500000008,4003.5001500000008,0.0,1.279340659,78.4609580039978,77.43429683700002,77.423264992,244,234,1176,112,162,,,,,
vf_w30,mcp4-n070-r12-01,62.41879234586267,2717.0001799999986,2717.0001799999986,0.0,1.597198346,60.82159399986267,60.57848313700006,60.569152620999986,236,229,303,112,151,,,,,
vf_w30,mcp4-n070-r12-02,24.574811598906493,2701.333466666666,2701.333466666666,0.0,1.423331401,23.151480197906494,22.887327893000002,22.883476423,111,106,547,112,151,,,,,
vf_w30,mcp4-n070-r12-03,24.35479627280664,2729.0001000000007,2729.0001000000007,0.0,1.282679421,23.07211685180664,22.861028067999996,22.856920388000013,102,97,227,112,151,,,,,
vf_w30,mcp4-n070-r12-04,36.64357753357666,2555.000100000001,2555.000100000001,0.0,2.037413555,34.60616397857666,34.33821215900002,34.33391548899999,145,139,472,112,151,,,,,
vf_w30,mcp4-n070-r12-05,78.5636985991516,2196.000140000006,2196.000140000006,0.0,2.647144625,75.91655397415161,74.616912753,74.60575370799997,303,294,2312,112,151,,,,,
vf_w30,mcp4-n070-r12-06,63.310850455101686,2249.0001,2249.0001,0.0,1.658587529,61.652262926101685,61.366339921000005,61.357946070000025,205,190,527,112,151,,,,,
vf_w30,mcp4-n070-r12-07,64.3070308614469,2338.5002,2338.5002,0.0,2.168188994,62.1388418674469,61.507043712,61.497226066999986,234,222,756,112,151,,,,,
vf_w30,mcp4-n070-r12-08,65.71486129726343,2860.33346666667,2860.3540971525804,7.212615644532595e-6,1.527432346,64.18742895126343,60.82320285399999,60.81466548199995,206,198,3488,112,151,,,,,
vf_w30,mcp4-n070-r12-09,40.456659561098874,2674.0001,2674.0001,0.0,1.508363491,38.94829607009888,37.68541537399998,37.67927555200001,136,132,2134,112,151,,,,,
vf_w30,mcp4-n070-r12-10,23.95905490925867,2880.000200000001,2880.000200000001,0.0,1.292414866,22.666640043258667,21.827711199,21.813774153000004,98,96,1568,112,151,,,,,
vf_w30,mcp4-n070-r14-01,27.394985283075805,2391.6668000000027,2391.6668000000027,0.0,1.421083296,25.973901987075806,24.58720729400001,24.58221842399999,159,150,2361,112,142,,,,,
vf_w30,mcp4-n070-r14-02,30.154822911343505,1915.5001500000003,1915.5001500000003,0.0,1.227689828,28.927133083343506,28.760602065000004,28.755375058,163,155,178,112,142,,,,,
vf_w30,mcp4-n070-r14-03,48.0134224121073,2035.571571428569,2035.571571428569,0.0,0.824319524,47.1891028881073,45.50784933699998,45.49906652399999,239,231,2958,112,142,,,,,
vf_w30,mcp4-n070-r14-04,20.528052792818727,2220.000149999999,2220.000149999999,0.0,0.426751838,20.101300954818726,19.992986359000003,19.989435692,111,105,33,112,142,,,,,
vf_w30,mcp4-n070-r14-05,35.061447847916995,1797.5001500000017,1797.5001500000017,0.0,1.663103808,33.39834403991699,32.85734650399999,32.851763657999996,174,167,774,112,142,,,,,
vf_w30,mcp4-n070-r14-06,28.012166824260255,2060.000199999999,2060.000199999999,0.0,1.772190895,26.239975929260254,26.049921006999988,26.045986015000004,147,139,270,112,142,,,,,
vf_w30,mcp4-n070-r14-07,11.709576858385375,2126.0000999999997,2126.0000999999997,0.0,1.052582754,10.656994104385376,10.517505403000001,10.515042024000001,69,66,20,112,142,,,,,
vf_w30,mcp4-n070-r14-08,26.68207785835254,1959.0001000000009,1959.0001000000009,0.0,1.251556847,25.43052101135254,25.273484795999998,25.26894813499999,133,127,216,112,142,,,,,
vf_w30,mcp4-n070-r14-09,30.1389320879707,1995.0001000000002,1995.0001000000002,0.0,1.035794118,29.103137969970703,28.97283605800001,28.96720820300001,149,145,76,112,142,,,,,
vf_w30,mcp4-n070-r14-10,30.901189124044798,2080.0001,2080.0001,0.0,1.555470025,29.3457190990448,29.067655989999984,29.062596976000002,153,148,581,112,142,,,,,
vf_w30,mcp4-n070-r16-01,36.349896612387816,2000.0001000000004,2000.0001000000004,0.0,0.554687443,35.79520916938782,35.529877923000015,35.524531345999996,197,188,497,112,136,,,,,
vf_w30,mcp4-n070-r16-02,16.339877324633544,1713.0001000000002,1713.0001000000002,0.0,0.438888269,15.900989055633545,15.462265952,15.459580413999996,113,107,591,112,136,,,,,
vf_w30,mcp4-n070-r16-03,29.517050149003662,1780.0001333333344,1780.0001333333344,0.0,0.920079114,28.596971035003662,28.285247058999996,28.280321488000006,171,166,797,112,136,,,,,
vf_w30,mcp4-n070-r16-04,23.334933437085084,2174.000149999999,2174.000149999999,0.0,0.758470453,22.576462984085083,21.921719875000004,21.917577860999994,142,134,908,112,136,,,,,
vf_w30,mcp4-n070-r16-05,22.105865287791136,1872.0001000000002,1872.0001000000002,0.0,0.82440238,21.281462907791138,21.108032550000004,21.104152881999987,136,128,256,112,136,,,,,
vf_w30,mcp4-n070-r16-06,21.641358916361327,1821.2501249999998,1821.2501249999998,0.0,0.882794921,20.758563995361328,20.198988090000004,20.19588873,116,112,718,112,136,,,,,
vf_w30,mcp4-n070-r16-07,12.009210978587403,1802.50015,1802.50015,0.0,1.510135089,10.499075889587402,10.299017640000002,10.297395196999997,76,74,267,112,136,,,,,
vf_w30,mcp4-n070-r16-08,8.551371027302611,1836.0001000000002,1836.0001000000002,0.0,1.057016064,7.494354963302612,7.399096305000003,7.397232560000002,58,56,18,112,136,,,,,
vf_w30,mcp4-n070-r16-09,22.037535812561035,1988.0001000000002,1988.0001000000002,0.0,1.038213875,20.999321937561035,20.908739582999992,20.90472883300001,131,128,30,112,136,,,,,
vf_w30,mcp4-n070-r16-10,24.061782563548583,1810.0001666666667,1810.0001666666667,0.0,0.628099645,23.433682918548584,22.835977301000003,22.830867923999996,172,165,1430,112,136,,,,,
vf_w30,mcp4-n080-r08-01,258.75003695821414,4810.83348333333,4811.025603754054,3.993495542702748e-5,5.345567945,253.4044690132141,247.19084560099992,247.18001027499992,325,316,11269,128,201,,,,,
vf_w30,mcp4-n080-r08-02,250.76952408355103,5122.000299999996,5122.000299999996,0.0,4.871454225,245.89806985855103,244.74251745899997,244.73130363599992,290,284,931,128,201,,,,,
vf_w30,mcp4-n080-r08-03,364.79969788135327,6000.0001,6000.0001,0.0,4.979860788,359.81983709335327,354.104918398,354.0938815960001,302,291,8582,128,201,,,,,
vf_w30,mcp4-n080-r08-04,343.80624078900206,5927.1112666666695,5927.1112666666695,0.0,4.300183765,339.5060570240021,338.25772595600006,338.247806793,294,283,1089,128,201,,,,,
vf_w30,mcp4-n080-r08-05,86.66614464685792,5400.000100000003,5400.000100000003,0.0,5.709089555,80.95705509185791,80.72799892099998,80.724063003,127,123,177,128,201,,,,,
vf_w30,mcp4-n080-r08-06,271.10879543189003,4848.000200000002,4848.000200000002,0.0,5.129036454,265.97975897789,260.422641017,260.41116660299997,324,316,7383,128,201,,,,,
vf_w30,mcp4-n080-r08-07,277.2846989743423,4926.00015,4926.00015,0.0,4.927649986,272.3570489883423,271.1986332680001,271.18996881300006,239,232,1131,128,201,,,,,
vf_w30,mcp4-n080-r08-08,263.7153681470588,5168.000100000004,5168.000100000004,0.0,5.465049143,258.25031900405884,256.9405098569999,256.93094106799987,272,263,1125,128,201,,,,,
vf_w30,mcp4-n080-r08-09,613.6769951068048,5038.500150000001,5038.500150000001,0.0,6.15238721,607.5246078968048,598.2982967749997,598.2814672860004,414,403,14646,128,201,,,,,
vf_w30,mcp4-n080-r08-10,429.0909836307521,4610.000100000002,4610.000100000002,0.0,6.333461763,422.7575218677521,420.49824194499996,420.4824722500002,378,370,2347,128,201,,,,,
vf_w30,mcp4-n080-r10-01,165.6285568475718,3691.00015,3691.00015,0.0,4.185541749,161.44301509857178,158.89659994000004,158.88603661500008,297,289,3645,128,181,,,,,
vf_w30,mcp4-n080-r10-02,151.5431867654536,3995.250150000001,3995.250150000001,0.0,4.439780813,147.1034059524536,146.8138473,146.80475365400005,217,211,346,128,181,,,,,
vf_w30,mcp4-n080-r10-03,211.38198297605504,4124.000100000001,4124.000100000001,0.0,4.042869979,207.33911299705505,201.509241715,201.49596016599997,320,309,7387,128,181,,,,,
vf_w30,mcp4-n080-r10-04,175.599202549735,4292.000200000001,4292.329770329675,7.678711889936897e-5,2.969342387,172.62986016273499,167.38510292499993,167.36982438400008,259,252,11212,128,181,,,,,
vf_w30,mcp4-n080-r10-05,290.2881551480255,3823.0002000000004,3823.0002000000004,0.0,4.411874125,285.8762810230255,281.48388499599986,281.46689526200004,368,359,5425,128,181,,,,,
vf_w30,mcp4-n080-r10-06,242.25079659019008,4038.0000999999993,4038.0000999999993,0.0,4.195929561,238.05486702919006,236.67652691099994,236.65853098899981,349,337,1020,128,181,,,,,
vf_w30,mcp4-n080-r10-07,80.72554543361828,3943.000099999999,3943.000099999999,0.0,3.535568503,77.18997693061829,77.02478235600003,77.017552437,145,143,64,128,181,,,,,
vf_w30,mcp4-n080-r10-08,211.74858986360462,4339.0001,4339.0001,0.0,3.879882922,207.86870694160461,206.99538420399998,206.979844135,319,308,892,128,181,,,,,
vf_w30,mcp4-n080-r10-09,158.9255297427816,3860.000099999999,3860.000099999999,0.0,4.920019651,154.00551009178162,153.702460907,153.69077965699998,231,226,255,128,181,,,,,
vf_w30,mcp4-n080-r10-10,290.46456110932786,4385.50015,4385.50015,0.0,3.878645067,286.5859160423279,285.59712052,285.5798716160002,340,330,746,128,181,,,,,
vf_w30,mcp4-n080-r12-01,139.713314967605,3733.0001,3733.0001,0.0,1.524949985,138.18836498260498,137.65123072100005,137.637085368,262,256,532,128,168,,,,,
vf_w30,mcp4-n080-r12-02,96.4278731254375,3525.5001500000003,3525.5001500000003,0.0,2.530045977,93.8978271484375,92.71586448200006,92.705861071,189,182,1135,128,168,,,,,
vf_w30,mcp4-n080-r12-03,56.846639731513065,3056.0001,3056.0001,0.0,3.15416179,53.69247794151306,53.48060447299997,53.47172378799997,163,157,157,128,168,,,,,
vf_w30,mcp4-n080-r12-04,41.6657921097417,3247.0002,3247.0002,0.0,2.417070987,39.2487211227417,39.049099179999985,39.043225274,110,107,65,128,168,,,,,
vf_w30,mcp4-n080-r12-05,160.19688499681752,3280.0001000000007,3280.0001000000007,0.0,3.163715012,157.0331699848175,154.81194035,154.79254281099998,372,362,2855,128,168,,,,,
vf_w30,mcp4-n080-r12-06,105.03803242803174,3081.333466666667,3081.333466666667,0.0,2.565455333,102.47257709503174,97.918966469,97.90714042399999,231,227,7920,128,168,,,,,
vf_w30,mcp4-n080-r12-07,76.4316460077815,2996.0002000000004,2996.0002000000004,0.0,3.271620888,73.1600251197815,71.71736922199999,71.70861543100001,170,167,815,128,168,,,,,
vf_w30,mcp4-n080-r12-08,136.373063553599,2750.0001,2750.0001,0.0,4.103696574,132.269366979599,131.888087452,131.87388778599998,269,257,490,128,168,,,,,
vf_w30,mcp4-n080-r12-09,75.26011539197302,3034.0001,3034.0001,0.0,2.350575454,72.90953993797302,72.53564567799997,72.525884857,192,187,390,128,168,,,,,
vf_w30,mcp4-n080-r12-10,76.23366990286573,3249.0001,3249.0001,0.0,3.044482853,73.18918704986572,72.97634673199997,72.96854834200002,162,157,189,128,168,,,,,
vf_w30,mcp4-n080-r14-01,66.35247618820496,2692.0001,2692.0001,0.0,1.968755075,64.38372111320496,64.17083464499996,64.16772578399998,172,167,315,128,159,,,,,
vf_w30,mcp4-n080-r14-02,48.860327335216674,2471.0001999999995,2471.0001999999995,0.0,2.12645516,46.733872175216675,46.366023686999995,46.36072873599999,158,154,709,128,159,,,,,
vf_w30,mcp4-n080-r14-03,85.6473962679297,2417.50015,2417.50015,0.0,1.726818265,83.92057800292969,83.166021676,83.160511984,250,240,914,128,159,,,,,
vf_w30,mcp4-n080-r14-04,51.97982941118127,2289.0001,2289.0001,0.0,1.893630366,50.086199045181274,49.87599458799999,49.87336723599999,162,157,353,128,159,,,,,
vf_w30,mcp4-n080-r14-05,43.5538634327771,2817.0000999999993,2817.0000999999993,0.0,1.58325043,41.9706130027771,41.872477712000006,41.86933838499999,148,144,17,128,159,,,,,
vf_w30,mcp4-n080-r14-06,35.317624735841186,2750.5001500000017,2750.5001500000017,0.0,1.551385808,33.76623892784119,33.588788251,33.58674344899999,127,124,285,128,159,,,,,
vf_w30,mcp4-n080-r14-07,72.81583987097571,2926.0001,2926.0001,0.0,1.401333674,71.41450619697571,70.61591700099994,70.61156215100002,246,236,620,128,159,,,,,
vf_w30,mcp4-n080-r14-08,88.42854430869055,2455.500149999999,2455.500149999999,0.0,1.762245204,86.66629910469055,84.89717671700002,84.88636960800002,282,273,2801,128,159,,,,,
vf_w30,mcp4-n080-r14-09,59.01937760288135,2462.50015,2462.50015,0.0,2.037801637,56.98157596588135,56.33032494299999,56.32496518499998,204,197,738,128,159,,,,,
vf_w30,mcp4-n080-r14-10,29.863360705943727,2858.000133333332,2858.000133333332,0.0,1.022557798,28.840802907943726,28.690510061999994,28.686644161999997,105,101,48,128,159,,,,,
vf_w30,mcp4-n080-r16-01,48.395743315000125,2328.000100000002,2328.000100000002,0.0,1.112758343,47.28298497200012,47.008964727999974,47.003570966000005,188,180,537,128,151,,,,,
vf_w30,mcp4-n080-r16-02,42.54395651947693,2142.50015,2142.50015,0.0,1.382608415,41.16134810447693,39.66488643100001,39.65943134500001,156,150,2707,128,151,,,,,
vf_w30,mcp4-n080-r16-03,32.24968539258655,1936.500150000001,1936.500150000001,0.0,1.124082432,31.125602960586548,30.89193236599999,30.88746430800001,145,138,379,128,151,,,,,
vf_w30,mcp4-n080-r16-04,53.90778084424365,2156.75015,2156.75015,0.0,0.726026732,53.18175411224365,51.557169419000004,51.54847722699998,279,275,3362,128,151,,,,,
vf_w30,mcp4-n080-r16-05,46.865263832521606,2229.0001000000007,2229.0001000000007,0.0,1.705634726,45.159629106521606,44.840268346,44.835298749,159,152,524,128,151,,,,,
vf_w30,mcp4-n080-r16-06,17.26523649524939,2299.0001,2299.0001,0.0,1.279282449,15.98595404624939,15.856731393999999,15.854481304000004,88,84,33,128,151,,,,,
vf_w30,mcp4-n080-r16-07,85.05653362490295,2319.666833333334,2319.666833333334,0.0,1.502242615,83.55429100990295,81.09261688300005,81.08714986000004,308,296,4033,128,151,,,,,
vf_w30,mcp4-n080-r16-08,45.957865205242435,1812.0001000000007,1812.0001000000007,0.0,1.441898313,44.51596689224243,44.331687400999996,44.326538927,208,200,170,128,151,,,,,
vf_w30,mcp4-n080-r16-09,23.04949763773889,1992.0001000000002,1992.0001000000002,0.0,1.709821496,21.33967614173889,21.191717349,21.18854498299999,111,107,38,128,151,,,,,
vf_w30,mcp4-n080-r16-10,39.32123314204895,1627.0001000000002,1627.0001000000002,0.0,1.51222812,37.80900502204895,37.471132301,37.466664161000004,191,185,628,128,151,,,,,
vf_w30,mcp4-n090-r08-01,739.5147628567775,6051.333466666663,6051.541478060084,3.437447210049873e-5,8.369023063,731.1457397937775,724.2994023420005,724.2691239779991,510,502,9422,144,223,,,,,
vf_w30,mcp4-n090-r08-02,574.0291565406876,6350.000099999998,6350.000099999998,0.0,6.886918639,567.1422379016876,566.5345977959995,566.519417678,351,346,711,144,223,,,,,
vf_w30,mcp4-n090-r08-03,947.4166002968198,6544.400119999982,6544.645516078985,3.749710813870649e-5,7.940091441,939.4765088558197,908.5426049660003,908.5225508209998,465,453,46296,144,223,,,,,
vf_w30,mcp4-n090-r08-04,1175.9817542765263,5604.000200000005,5604.500100000003,8.920413671612259e-5,8.834321234,1167.1474330425262,1161.7734224469996,1161.7327012470012,397,387,4499,144,223,,,,,
vf_w30,mcp4-n090-r08-05,1136.3504430871972,5733.500150000002,5733.695382252276,3.4051146274891705e-5,9.667822085,1126.6826210021973,1124.9285881660005,1124.9062087450004,457,450,1963,144,223,,,,,
vf_w30,mcp4-n090-r08-06,1147.7465501611407,6854.833483333332,6854.833483333332,0.0,9.337706167,1138.4088439941406,1136.6801801789995,1136.6643053919997,356,346,1426,144,223,,,,,
vf_w30,mcp4-n090-r08-07,1768.832766297143,6628.500150000002,6628.500150000002,0.0,8.129457238,1760.703309059143,1759.2876366919995,1759.2622065619983,530,517,839,144,223,,,,,
vf_w30,mcp4-n090-r08-08,500.7320610751859,5870.000150000001,5870.000150000001,0.0,9.595558094,491.1365029811859,489.9562534319997,489.94308305000004,293,287,1085,144,223,,,,,
vf_w30,mcp4-n090-r08-09,916.3717260063299,5690.500149999996,5690.500149999996,0.0,8.359831065,908.01189494133,894.4741587080002,894.4335640700006,342,334,13579,144,223,,,,,
vf_w30,mcp4-n090-r08-10,867.0621073278104,6615.000100000001,6615.428671428571,6.478781891019767e-5,9.326831344,857.7352759838104,857.0429868180003,857.0233569629992,420,414,587,144,223,,,,,
vf_w30,mcp4-n090-r10-01,540.0477875206462,5127.500150000001,5127.500150000001,0.0,6.968314502,533.0794730186462,532.1231857460007,532.1032548280003,314,307,827,144,200,,,,,
vf_w30,mcp4-n090-r10-02,447.6104861934839,4945.000199999995,4945.000199999995,0.0,6.576807185,441.0336790084839,440.10234301699995,440.06884447800013,384,374,749,144,200,,,,,
vf_w30,mcp4-n090-r10-03,520.1909324015766,4279.000099999999,4279.000099999999,0.0,8.102128395,512.0888040065765,510.03527305599965,510.0148837999999,332,326,3178,144,200,,,,,
vf_w30,mcp4-n090-r10-04,556.5192562871039,4416.000099999998,4416.000099999998,0.0,7.199045115,549.3202111721039,547.9267945409996,547.9017953479997,378,371,1116,144,200,,,,,
vf_w30,mcp4-n090-r10-05,565.3827527244944,4297.000099999999,4297.000099999999,0.0,8.287756749,557.0949959754944,552.8225045850003,552.7892949240003,355,350,6272,144,200,,,,,
vf_w30,mcp4-n090-r10-06,792.456083161249,4412.000200000002,4412.000200000002,0.0,7.604240281,784.851842880249,779.8368416039999,779.791167096,467,456,9521,144,200,,,,,
vf_w30,mcp4-n090-r10-07,369.66888655223045,4309.000100000001,4309.000100000001,0.0,6.457712541,363.21117401123047,360.93965430100013,360.9220396559996,311,303,730,144,200,,,,,
vf_w30,mcp4-n090-r10-08,299.3646065076936,4828.000133333329,4828.000133333329,0.0,5.240870603,294.1237359046936,288.74477561599997,288.72751201200003,301,297,11632,144,200,,,,,
vf_w30,mcp4-n090-r10-09,335.1429443875837,5061.000100000001,5061.000100000001,0.0,6.395136408,328.74780797958374,328.251114423,328.2310987139999,342,336,400,144,200,,,,,
vf_w30,mcp4-n090-r10-10,421.97382286015187,4562.400140000002,4562.400140000002,0.0,6.799892692,415.17393016815186,412.83348720100025,412.8144425569998,323,316,2577,144,200,,,,,
vf_w30,mcp4-n090-r12-01,280.4234463613528,3706.4001399999997,3706.4001399999997,0.0,5.051955406,275.3714909553528,267.1289014920001,267.1144419890001,330,325,14844,144,185,,,,,
vf_w30,mcp4-n090-r12-02,225.5470189339657,3871.0001500000008,3871.0001500000008,0.0,4.860717941,220.6863009929657,220.33677224599992,220.32313588999992,286,281,334,144,185,,,,,
vf_w30,mcp4-n090-r12-03,215.3034678127191,3755.0001,3755.0001,0.0,5.58274776,209.72072005271912,209.3650959459999,209.352578731,262,254,300,144,185,,,,,
vf_w30,mcp4-n090-r12-04,173.12614961108142,3608.000149999998,3608.000149999998,0.0,5.910329537,167.21582007408142,166.25937461199996,166.24569905000007,293,289,799,144,185,,,,,
vf_w30,mcp4-n090-r12-05,281.7756042629563,3550.0001,3550.0001,0.0,5.367427364,276.4081768989563,275.7662634460001,275.75104225000007,324,313,616,144,185,,,,,
vf_w30,mcp4-n090-r12-06,220.42834804423094,3339.000200000002,3339.000200000002,0.0,5.335234145,215.09311389923096,214.69734786400002,214.685110397,266,256,350,144,185,,,,,
vf_w30,mcp4-n090-r12-07,218.70143338173364,3782.5001499999994,3782.5001499999994,0.0,4.362142286,214.33929109573364,211.74062579499997,211.72817123,260,254,3849,144,185,,,,,
vf_w30,mcp4-n090-r12-08,298.8367005075236,3672.0001,3672.0001,0.0,6.629780599,292.20691990852356,290.73073669999997,290.7145409439999,317,310,1181,144,185,,,,,
vf_w30,mcp4-n090-r12-09,112.59810757133911,4184.000099999999,4184.000099999999,0.0,3.54593348,109.05217409133911,108.79154990400001,108.78262844,184,181,81,144,185,,,,,
vf_w30,mcp4-n090-r12-10,241.76989222024181,3350.333466666668,3350.333466666668,0.0,5.623928313,236.14596390724182,233.4006578890001,233.388057173,269,261,1691,144,185,,,,,
vf_w30,mcp4-n090-r14-01,172.2933843743568,3413.0001,3413.0001,0.0,2.772842468,169.5205419063568,169.08214583099996,169.06755806499993,314,306,674,144,175,,,,,
vf_w30,mcp4-n090-r14-02,182.1313371936339,3182.00015,3182.00015,0.0,3.285690097,178.8456470966339,178.50195510999998,178.48806424500006,293,286,161,144,175,,,,,
vf_w30,mcp4-n090-r14-03,202.52703063143724,3149.0001999999995,3149.0001999999995,0.0,3.976423427,198.55060720443726,198.22779734000017,198.2129134209999,314,306,237,144,175,,,,,
vf_w30,mcp4-n090-r14-04,72.1707194116311,3646.0001,3646.0001,0.0,3.001695421,69.1690239906311,68.91550045100001,68.90676316099997,153,148,159,144,175,,,,,
vf_w30,mcp4-n090-r14-05,168.4600011460426,3044.0001,3044.0001,0.0,3.856449043,164.6035521030426,164.19541443900016,164.18047839999994,312,306,414,144,175,,,,,
vf_w30,mcp4-n090-r14-06,191.86465461330553,3399.333466666664,3399.333466666664,0.0,3.568894697,188.29575991630554,186.65328564700002,186.637087863,314,305,2221,144,175,,,,,
vf_w30,mcp4-n090-r14-07,203.97665281635253,2659.6668333333337,2659.6668333333337,0.0,3.389881805,200.58677101135254,198.224977588,198.208572919,320,311,3010,144,175,,,,,
vf_w30,mcp4-n090-r14-08,183.65302480206617,2623.500133333332,2623.500133333332,0.0,4.335716853,179.31730794906616,178.99714512299994,178.983247102,293,285,394,144,175,,,,,
vf_w30,mcp4-n090-r14-09,179.1151240463938,2984.0001999999995,2984.0001999999995,0.0,4.291541874,174.8235821723938,173.51192295300004,173.495679579,327,318,903,144,175,,,,,
vf_w30,mcp4-n090-r14-10,108.7095683801239,2664.0001,2664.0001,0.0,3.864587425,104.8449809551239,104.33326295999997,104.32023960400004,250,243,726,144,175,,,,,
vf_w30,mcp4-n090-r16-01,112.58301348687903,2082.333466666666,2082.333466666666,0.0,3.267214489,109.31579899787903,106.67330398599995,106.66323914000002,256,250,4506,144,167,,,,,
vf_w30,mcp4-n090-r16-02,89.93536799393371,2594.000149999997,2594.000149999997,0.0,2.94386404,86.99150395393372,86.58333867799995,86.575296981,241,234,649,144,167,,,,,
vf_w30,mcp4-n090-r16-03,130.7836751419253,2573.333466666667,2573.333466666667,0.0,2.943134256,127.8405408859253,127.08807291000001,127.077273388,266,257,715,144,167,,,,,
vf_w30,mcp4-n090-r16-04,120.22595654931567,2174.000140000003,2174.000140000003,0.0,3.186584582,117.03937196731567,113.85960851700004,113.84843725099998,268,260,5637,144,167,,,,,
vf_w30,mcp4-n090-r16-05,96.28732218988013,2710.00015,2710.00015,0.0,2.217627194,94.06969499588013,93.08652497899999,93.07756653400001,229,225,1197,144,167,,,,,
vf_w30,mcp4-n090-r16-06,130.0548300881321,2677.0001,2677.0001999999995,3.735524675280248e-8,3.218606009,126.83622407913208,125.66664845499997,125.65562874800008,282,274,2144,144,167,,,,,
vf_w30,mcp4-n090-r16-07,172.2201231945504,2343.000150000002,2343.000150000002,0.0,2.285806321,169.93431687355042,169.15926271199996,169.14656232200002,341,330,677,144,167,,,,,
vf_w30,mcp4-n090-r16-08,177.20911822181165,2537.0001,2537.0001,0.0,1.968211268,175.24090695381165,174.980879388,174.96608880199994,382,377,75,144,167,,,,,
vf_w30,mcp4-n090-r16-09,109.32214843003736,2431.0002000000013,2431.0002000000013,0.0,3.580309498,105.74183893203735,105.3172714999999,105.30559382599994,312,304,538,144,167,,,,,
vf_w30,mcp4-n090-r16-10,29.644009363108765,2754.0001,2754.0001,0.0,2.191899311,27.452110052108765,27.307886547000006,27.304839741,82,79,67,144,167,,,,,
vf_w30,mcp4-n100-r08-01,3402.2329140309216,6727.000199999999,6727.000199999999,0.0,12.567251027,3389.6656630039215,3373.855166781001,3373.713743907003,781,767,8034,160,244,,,,,
vf_w30,mcp4-n100-r08-02,2646.8069961099004,7489.76485294118,7489.76485294118,0.0,10.932153943,2635.8748421669006,2633.1298857099982,2633.094276326998,641,635,2502,160,244,,,,,
vf_w30,mcp4-n100-r08-03,3637.5715242463048,7146.428714285726,12276.923479306972,0.7179102975959694,11.932222231,3625.6393020153046,3609.1965210989993,3609.126763788002,856,844,12700,160,244,,,,,
vf_w30,mcp4-n100-r08-04,1271.7354152697644,6973.666799999998,6973.666799999998,0.0,11.615379383,1260.1200358867645,1216.887551556,1216.860955028999,542,532,27280,160,244,,,,,
vf_w30,mcp4-n100-r08-05,1266.3212033132222,7837.000099999999,7837.683056498911,8.714514357503488e-5,10.411819301,1255.9093840122223,1251.4257246570003,1251.3999217440012,531,522,4527,160,244,,,,,
vf_w30,mcp4-n100-r08-06,3063.399582590323,6773.400140000009,6773.400140000009,0.0,14.04495665,3049.354625940323,3045.433634050001,3045.4051715949995,534,529,3854,160,244,,,,,
vf_w30,mcp4-n100-r08-07,2301.171050213333,7155.00015,7155.594844121704,8.311587830006945e-5,14.619469069,2286.551581144333,2176.7785578020025,2176.743318344,710,706,131030,160,244,,,,,
vf_w30,mcp4-n100-r08-08,2320.9473175602748,7455.000166666663,7455.000166666663,0.0,12.727660616,2308.219656944275,2301.871221965001,2301.8428872300005,554,545,3502,160,244,,,,,
vf_w30,mcp4-n100-r08-09,1765.7027614217845,8006.000100000001,8006.000100000001,0.0,11.270846377,1754.4319150447845,1746.3890329470014,1746.3678308890005,466,461,12569,160,244,,,,,
vf_w30,mcp4-n100-r08-10,955.487943739637,7545.000100000001,7545.000100000001,0.0,11.151656718,944.336287021637,943.8160914279999,943.8014087840002,302,298,592,160,244,,,,,
vf_w30,mcp4-n100-r10-01,166.3309990612478,5748.000100000004,5748.000100000004,0.0,9.201584026,157.1294150352478,156.77633536300002,156.77300694599998,108,104,279,160,219,,,,,
vf_w30,mcp4-n100-r10-02,1202.3632951790762,5565.500150000001,5565.825099999999,5.838648661223245e-5,8.897860151,1193.4654350280762,1185.0403889260006,1185.0059805549995,570,561,9603,160,219,,,,,
vf_w30,mcp4-n100-r10-03,1117.2914471866486,5742.000200000011,5742.000200000011,0.0,8.981962228,1108.3094849586487,1041.6811629879996,1041.6460511839996,466,459,92532,160,219,,,,,
vf_w30,mcp4-n100-r10-04,939.6919550671762,5337.000099999999,5337.485724097585,9.09919596190319e-5,9.698156096,929.9937989711761,862.4946937169989,862.4507249869995,684,677,73373,160,219,,,,,
vf_w30,mcp4-n100-r10-05,1477.288952571234,5641.600120000003,5641.997813070324,7.049295622907616e-5,9.220605594,1468.068346977234,1429.3880538270005,1429.3441385749995,701,690,45829,160,219,,,,,
vf_w30,mcp4-n100-r10-06,1199.0238939224614,4740.285857142862,4740.285857142862,0.0,9.736965984,1189.2869279384613,1187.074413219001,1187.0393296850004,551,543,1454,160,219,,,,,
vf_w30,mcp4-n100-r10-07,843.4063745969867,4962.0001,4962.0001,0.0,9.90993967,833.4964349269867,831.6702774790001,831.645077316,381,376,1396,160,219,,,,,
vf_w30,mcp4-n100-r10-08,1532.2790767605327,5207.200239999998,5207.200239999998,0.0,10.846112674,1521.4329640865326,1513.5076000660008,1513.475667277001,472,466,10176,160,219,,,,,
vf_w30,mcp4-n100-r10-09,1306.2757683631055,5493.000200000002,5493.000200000002,0.0,10.335346305,1295.9404220581055,1291.9874948539996,1291.9296083489992,595,586,4726,160,219,,,,,
vf_w30,mcp4-n100-r10-10,624.9983327363984,5179.000099999996,5179.000099999996,0.0,8.626399753,616.3719329833984,615.8686685769995,615.8439568810005,381,369,302,160,219,,,,,
vf_w30,mcp4-n100-r12-01,670.4446433731889,4715.000099999999,4715.000099999999,0.0,6.612422342,663.832221031189,663.2681614980002,663.2462319910002,433,425,431,160,203,,,,,
vf_w30,mcp4-n100-r12-02,285.18330485130775,4416.750149999997,4416.750149999997,0.0,9.020377939,276.16292691230774,272.09249821599997,272.0791867789999,281,279,5522,160,203,,,,,
vf_w30,mcp4-n100-r12-03,572.5238386456698,4371.0001,4371.0001,0.0,7.134906656,565.3889319896698,564.8170333829997,564.7971982320001,401,396,410,160,203,,,,,
vf_w30,mcp4-n100-r12-04,1323.2696825508292,4026.000099999999,4026.000099999999,0.0,9.417611504,1313.8520710468292,1306.8867992420003,1306.8382350900006,633,623,6995,160,203,,,,,
vf_w30,mcp4-n100-r12-05,879.7108161317595,4321.000100000001,4321.000100000001,0.0,8.007617222,871.7031989097595,869.4729743070004,869.428371738,601,588,1589,160,203,,,,,
vf_w30,mcp4-n100-r12-06,566.6215109839604,4808.000100000002,4808.000100000002,0.0,7.921923162,558.6995878219604,555.32560714,555.2973154600004,537,524,2540,160,203,,,,,
vf_w30,mcp4-n100-r12-07,606.9998053700646,4274.000200000002,4274.000200000002,0.0,7.443333307,599.5564720630646,598.7804369970003,598.751825239,504,497,550,160,203,,,,,
vf_w30,mcp4-n100-r12-08,965.2467629289987,4097.0001333333275,4097.0001333333275,0.0,7.533425746,957.7133371829987,951.2050155350007,951.1757954130006,517,503,7430,160,203,,,,,
vf_w30,mcp4-n100-r12-09,830.7170076010341,4716.000100000001,4716.000100000001,0.0,9.422403538,821.2946040630341,818.9721739789998,818.9450181360003,516,507,1949,160,203,,,,,
vf_w30,mcp4-n100-r12-10,638.0188963269109,3990.0000999999997,3990.0000999999997,0.0,7.215113387,630.8037829399109,630.3347642250008,630.3111067490004,444,432,256,160,203,,,,,
vf_w30,mcp4-n100-r14-01,346.31593484021556,3127.0001,3127.0001,0.0,7.369161788,338.9467730522156,337.01503074500005,336.99714971500015,392,378,1782,160,191,,,,,
vf_w30,mcp4-n100-r14-02,362.2803670806113,3279.0001,3279.0001,0.0,6.460767929,355.8195991516113,352.1275024079998,352.10442257900013,441,434,6660,160,191,,,,,
vf_w30,mcp4-n100-r14-03,218.98480801142017,3916.0000999999997,3916.0000999999997,0.0,5.727878137,213.25692987442017,212.91851455299997,212.90400325899984,297,291,176,160,191,,,,,
vf_w30,mcp4-n100-r14-04,312.19789298348195,3715.0001,3715.0001,0.0,3.982989152,308.21490383148193,307.71388373900004,307.6984310510001,299,291,693,160,191,,,,,
vf_w30,mcp4-n100-r14-05,273.559771996477,3551.0000999999975,3551.0000999999975,0.0,4.617392045,268.94237995147705,268.6215421829998,268.60575851300007,315,311,81,160,191,,,,,
vf_w30,mcp4-n100-r14-06,545.5763600422855,3210.000149999999,3210.000149999999,0.0,8.151073034,537.4252870082855,534.2369099429998,534.2066387990001,527,520,3171,160,191,,,,,
vf_w30,mcp4-n100-r14-07,452.88836481944423,3198.000200000002,3198.000200000002,0.0,6.293551711,446.5948131084442,445.56478343799984,445.5294731779999,525,515,639,160,191,,,,,
vf_w30,mcp4-n100-r14-08,432.87990692810513,3560.0001,3560.0001,0.0,5.261096036,427.6188108921051,426.7675945679998,426.738285476,369,361,536,160,191,,,,,
vf_w30,mcp4-n100-r14-09,325.5763277428324,3627.7501625000014,3627.7501625000014,0.0,5.102975549,320.4733521938324,316.75934317899987,316.7341294700002,438,430,4601,160,191,,,,,
vf_w30,mcp4-n100-r14-10,474.09631311798194,3540.6001400000005,3540.6001400000005,0.0,6.808167099,467.28814601898193,465.5881486860001,465.5595471079999,529,518,1233,160,191,,,,,
vf_w30,mcp4-n100-r16-01,248.75487231777905,3241.000100000002,3241.000100000002,0.0,3.358062263,245.39681005477905,244.6523747519999,244.63673566800009,396,387,798,160,182,,,,,
vf_w30,mcp4-n100-r16-02,195.2638928586931,2910.000149999998,2910.000149999998,0.0,3.973268717,191.29062414169312,190.95580348800002,190.9428750760001,294,287,153,160,182,,,,,
vf_w30,mcp4-n100-r16-03,147.37345607464098,3159.0001,3159.0001,0.0,3.200618102,144.172837972641,143.88749934299997,143.87759394399995,228,222,181,160,182,,,,,
vf_w30,mcp4-n100-r16-04,305.0517120085386,3067.0001,3067.0001,0.0,4.684124919,300.3675870895386,299.4196204079999,299.40676724900004,318,310,960,160,182,,,,,
vf_w30,mcp4-n100-r16-05,92.4640005976891,2811.0001,2811.0001,0.0,5.013833657,87.45016694068909,87.12391373899997,87.11646608300002,182,175,374,160,182,,,,,
vf_w30,mcp4-n100-r16-06,160.41349358455847,2984.0001,2984.0001,0.0,4.179121684,156.23437190055847,155.9324640839999,155.92241504100002,249,242,79,160,182,,,,,
vf_w30,mcp4-n100-r16-07,275.7978314460575,2678.000100000001,2678.000100000001,0.0,5.258003384,270.5398280620575,269.473173821,269.457772003,394,385,880,160,182,,,,,
vf_w30,mcp4-n100-r16-08,338.2906942224097,3016.0001999999986,3016.2280247867616,7.553871739232459e-5,4.18687819,334.10381603240967,328.37321446799996,328.354977665,392,383,10957,160,182,,,,,
vf_w30,mcp4-n100-r16-09,188.75880990635522,2889.0001599999987,2889.0001599999987,0.0,4.862385136,183.89642477035522,183.37182019199997,183.3563757489999,299,291,481,160,182,,,,,
vf_w30,mcp4-n100-r16-10,138.35325877349842,2992.0000999999997,2992.0000999999997,0.0,3.638508722,134.7147500514984,134.343019212,134.331386313,249,243,437,160,182,,,,,
vf_w30,mcp4-n110-r08-01,3811.9651507134363,7396.000100000001,8419.560292879769,0.1383937505462943,22.02803266,3789.9371180534363,3781.2619292530007,3781.178492328998,589,583,7888,174,263,,,,,
vf_w30,mcp4-n110-r08-02,3920.0377363550674,6269.000225,14840.94618124124,1.367354545954134,24.896874367,3895.1408619880676,3888.2255020849975,3888.187871645001,633,627,5463,174,263,,,,,
vf_w30,mcp4-n110-r08-03,3607.116729242638,7752.500133333348,13462.13415887785,0.736489381147489,22.118343098,3584.998386144638,3553.7334524279972,3553.6929348429976,669,664,32309,174,263,,,,,
vf_w30,mcp4-n110-r08-04,4197.753237248971,8120.000100000001,13306.325900311553,0.6387100660641064,21.502316238,4176.250921010971,4094.520806608996,4094.4869076199984,597,590,52129,174,263,,,,,
vf_w30,mcp4-n110-r08-05,4483.493825988349,7228.80014,15473.803346030509,1.1405770039771095,23.738401012,4459.755424976349,4454.296783560001,4454.260565363,612,604,1908,174,263,,,,,
vf_w30,mcp4-n110-r08-06,3771.456473569956,6066.000200000004,9564.896851053389,0.5768045723198925,24.350158434,3747.106315135956,3744.784016201999,3744.757955089998,458,451,1059,174,263,,,,,
vf_w30,mcp4-n110-r08-07,3744.043989397656,5011.000016666669,14304.134185526178,1.854546824576011,30.014735438,3714.0292539596558,3710.4259195729987,3710.3926124700024,572,563,2146,174,263,,,,,
vf_w30,mcp4-n110-r08-08,2477.2305151334117,8720.333500000004,8720.333500000004,0.0,23.886267077,2453.3442480564117,2452.6607406549997,2452.6431298760003,320,316,662,174,263,,,,,
vf_w30,mcp4-n110-r08-09,3609.300069805693,7134.44745,16039.678182691197,1.2482018817997178,25.153540608,3584.146529197693,3582.2693620370014,3582.242575905,509,503,1301,174,263,,,,,
vf_w30,mcp4-n110-r08-10,3610.41056888808,7461.000125000001,12120.483865682721,0.6245119504917204,23.582755978,3586.82781291008,3459.8977754190005,3459.8657888810026,610,602,86293,174,263,,,,,
vf_w30,mcp4-n110-r10-01,2733.4422552957653,5975.000100000002,5975.000100000002,0.0,15.934638299,2717.507616996765,2712.845929470002,2712.797228785997,634,627,4280,174,235,,,,,
vf_w30,mcp4-n110-r10-02,3522.246705912767,5588.000100000001,5588.000100000001,0.0,16.988454961,3505.258250951767,3494.934788241997,3494.8686406189986,814,798,8743,174,235,,,,,
vf_w30,mcp4-n110-r10-03,2392.5544399479454,6293.20014,6293.811738461537,9.718401575214191e-5,16.351456807,2376.2029831409454,2296.2385848729996,2296.1863267539984,713,703,111448,174,235,,,,,
vf_w30,mcp4-n110-r10-04,3709.9058797131925,5410.333466666676,8800.650673875,0.6266373834618939,15.421563841,3694.4843158721924,3664.719661721998,3664.647152932998,867,851,26795,174,235,,,,,
vf_w30,mcp4-n110-r10-05,4048.2741907318123,5190.000100000001,6409.437372848425,0.2349590075823744,17.272655793,4031.0015349388123,4025.4966203649988,4025.4446840210053,862,850,4233,174,235,,,,,
vf_w30,mcp4-n110-r10-06,1590.7298076511138,6171.000100000002,6171.000100000002,0.0,12.501703775,1578.228103876114,1576.9142307500003,1576.8913267570001,412,406,740,174,235,,,,,
vf_w30,mcp4-n110-r10-07,3535.606765250361,6631.000099999999,6631.434882608695,6.556818008432372e-5,15.308484296,3520.298280954361,3449.871811552996,3449.830912449998,802,796,105531,174,235,,,,,
vf_w30,mcp4-n110-r10-08,1750.7387933906616,6140.000149999995,6140.000149999995,0.0,18.1047764,1732.6340169906616,1730.6052152529999,1730.5754410249997,617,610,1614,174,235,,,,,
vf_w30,mcp4-n110-r10-09,2208.1254299146008,6376.00015,6376.00015,0.0,16.343273924,2191.7821559906006,2190.098281409,2190.0776328519996,415,410,944,174,235,,,,,
vf_w30,mcp4-n110-r10-10,2715.597667689274,6065.000140000002,6065.422667749529,6.966656880028277e-5,17.058778758,2698.5388889312744,2690.8068786349995,2690.7741398050007,634,627,7921,174,235,,,,,
vf_w30,mcp4-n110-r12-01,1897.1893592571573,5279.500150000002,5279.500150000002,0.0,9.251590321,1887.9377689361572,1884.0947798259995,1884.053691472999,645,632,4462,174,217,,,,,
vf_w30,mcp4-n110-r12-02,1379.4534879295481,4376.000099999998,4376.000099999998,0.0,13.681259927,1365.7722280025482,1364.8905299490002,1364.8583440409989,525,516,710,174,217,,,,,
vf_w30,mcp4-n110-r12-03,1635.821069891874,5184.000100000001,5184.000100000001,0.0,13.111560996,1622.709508895874,1617.1017823489992,1617.0695808599994,529,521,5578,174,217,,,,,
vf_w30,mcp4-n110-r12-04,1588.8589495683746,4269.0001,4269.0001,0.0,12.832930472,1576.0260190963745,1574.623190725,1574.587740757,644,634,746,174,217,,,,,
vf_w30,mcp4-n110-r12-05,1573.251359608139,4786.500150000002,4786.7228456258445,4.652577433697332e-5,14.777179625,1558.474179983139,1524.730607014999,1524.6885269689992,753,746,44486,174,217,,,,,
vf_w30,mcp4-n110-r12-06,1528.9360406275755,4867.6668000000045,4868.14993974359,9.925489221766877e-5,13.569882619,1515.3661580085754,1513.0786106110006,1513.0474248329997,545,535,1532,174,217,,,,,
vf_w30,mcp4-n110-r12-07,1254.9630924713279,5195.500149999999,5195.500149999999,0.0,12.722661401,1242.2404310703278,1238.910306775,1238.8774030689997,550,541,2586,174,217,,,,,
vf_w30,mcp4-n110-r12-08,790.8405647451459,4649.5556999999935,4649.5556999999935,0.0,14.69891383,776.1416509151459,770.8991121360001,770.8752345749999,396,393,8865,174,217,,,,,
vf_w30,mcp4-n110-r12-09,2560.34723594872,4766.000166666667,4766.217330895363,4.5565300273281095e-5,13.10872987,2547.23850607872,2539.678694956001,2539.637736882,691,681,5779,174,217,,,,,
vf_w30,mcp4-n110-r12-10,881.5735227125418,4922.000100000001,4922.000100000001,0.0,12.537997629,869.0355250835419,867.439024174,867.4124195929998,528,519,899,174,217,,,,,
vf_w30,mcp4-n110-r14-01,699.2418511755543,4101.800180000001,4101.800180000001,0.0,6.548890198,692.6929609775543,689.7922808480002,689.7663984279997,509,500,2624,174,204,,,,,
vf_w30,mcp4-n110-r14-02,612.8009872374206,4067.000133333335,4067.000133333335,0.0,9.455086225,603.3459010124207,601.1086509970002,601.0867350370002,448,443,3567,174,204,,,,,
vf_w30,mcp4-n110-r14-03,565.9897599892385,4554.000100000001,4554.000100000001,0.0,8.529094048,557.4606659412384,556.2407439489999,556.2179880059998,454,445,903,174,204,,,,,
vf_w30,mcp4-n110-r14-04,652.5553245962562,4383.0001,4383.0001,0.0,7.528852743,645.0264718532562,644.1319655619996,644.108998602,494,484,521,174,204,,,,,
vf_w30,mcp4-n110-r14-05,1322.4389234895023,3578.0001000000007,3578.1472192088613,4.111772072355686e-5,10.295607459,1312.1433160305023,1299.129845426,1299.0879835650007,645,636,17277,174,204,,,,,
vf_w30,mcp4-n110-r14-06,1237.2770688887938,3597.0001999999995,3597.0001999999995,0.0,11.230655944,1226.0464129447937,1222.7211325339993,1222.6964714849996,477,465,3431,174,204,,,,,
vf_w30,mcp4-n110-r14-07,786.1354586859649,4315.166799999998,4315.166799999998,0.0,9.353880622,776.7815780639648,749.4569114169997,749.4293029409998,574,566,38137,174,204,,,,,
vf_w30,mcp4-n110-r14-08,741.773977369007,4166.666800000001,4166.666800000001,0.0,8.46219334,733.311784029007,732.0952052929996,732.067556025,556,550,896,174,204,,,,,
vf_w30,mcp4-n110-r14-09,813.8352986106139,4067.0002000000018,4067.000300000004,2.4588147800253606e-8,7.955827547,805.8794710636139,804.3315466329993,804.3010082479999,640,631,1260,174,204,,,,,
vf_w30,mcp4-n110-r14-10,773.4447493518886,3643.000199999989,3643.000199999989,0.0,11.536809441,761.9079399108887,752.9613947189999,752.9378095679998,492,484,17000,174,204,,,,,
vf_w30,mcp4-n110-r16-01,334.51732875483117,3365.0000999999993,3365.0000999999993,0.0,5.289841906,329.2274868488312,328.49772144199994,328.4826340349999,350,346,637,174,194,,,,,
vf_w30,mcp4-n110-r16-02,634.8538718342394,3295.0001,3295.0001,0.0,5.922294867,628.9315769672394,625.0147097839997,624.9852374639999,570,560,4352,174,194,,,,,
vf_w30,mcp4-n110-r16-03,368.37986635402797,3681.000199999999,3681.024738058915,6.666138979243485e-6,6.259901516,362.11996483802795,360.98535392499974,360.9703638200001,332,323,806,174,194,,,,,
vf_w30,mcp4-n110-r16-04,603.2657582486227,3299.3335000000006,3299.3335000000006,0.0,7.294572326,595.9711859226227,594.2004330980001,594.1806706219996,477,464,2325,174,194,,,,,
vf_w30,mcp4-n110-r16-05,268.2469539564187,3513.0001,3513.0001,0.0,5.077249996,263.1697039604187,262.812641033,262.80083326500005,275,268,396,174,194,,,,,
vf_w30,mcp4-n110-r16-06,615.4799862553427,3310.50015,3310.50015,0.0,5.674591129,609.8053951263428,585.5000492109996,585.4661573930001,758,751,28019,174,194,,,,,
vf_w30,mcp4-n110-r16-07,484.16283833699964,3346.0001,3346.0001,0.0,5.652418253,478.51042008399963,468.1292244199998,468.11007944900007,441,435,15266,174,194,,,,,
vf_w30,mcp4-n110-r16-08,449.6718627808644,3322.00015,3322.00015,0.0,5.366994798,444.3048679828644,441.95489241800004,441.93515853500026,445,438,3408,174,194,,,,,
vf_w30,mcp4-n110-r16-09,509.7228585409414,3576.0001,3576.0001,0.0,6.420879476,503.3019790649414,495.7370144129998,495.7164617199998,463,455,12075,174,194,,,,,
vf_w30,mcp4-n110-r16-10,745.9424475695688,3257.0001000000007,3257.0001000000007,0.0,7.554743674,738.3877038955688,737.0832470770002,737.0260700159997,509,499,1153,174,194,,,,,
vf_w30,mcp4-n120-r08-01,3753.301025815145,7285.750200000002,17905.224053227852,1.457567657648741,40.319302745,3712.9817230701447,3704.4173973630013,3704.320903224005,588,582,3685,190,284,,,,,
vf_w30,mcp4-n120-r08-02,3655.997329564187,6111.533520000003,21331.182239557314,2.4903158380381925,41.71435246,3614.282977104187,3611.2025374239997,3611.1645583629997,547,542,1324,190,284,,,,,
vf_w30,mcp4-n120-r08-03,3670.3332021351453,7311.0001999999995,19531.23320938584,1.6714857988084642,38.405086052,3631.928116083145,3628.7182928460047,3628.6688031399967,528,520,1331,190,284,,,,,
vf_w30,mcp4-n120-r08-04,3865.4121044701246,7770.384761538453,19765.338486001187,1.5436756470329356,41.894604308,3823.5175001621246,3821.731851518001,3821.7021183360016,494,487,748,190,284,,,,,
vf_w30,mcp4-n120-r08-05,3677.378929463032,7447.000150000009,10811.89728234683,0.45184598691686845,35.424148646,3641.954780817032,3640.080211119001,3640.0556255979996,459,455,750,190,284,,,,,
vf_w30,mcp4-n120-r08-06,6328.1725732343275,8283.00020000001,19363.46998086119,1.3377362686603784,41.559095289,6286.613477945328,6284.748245356998,6284.722052691996,457,452,751,190,284,,,,,
vf_w30,mcp4-n120-r08-07,5333.501298265687,6838.1252187499995,19150.510928976855,1.80054990459469,46.471905308,5287.029392957687,5283.513142560001,5283.480880682995,582,579,2011,190,284,,,,,
vf_w30,mcp4-n120-r08-08,3715.2797442092506,8464.00020000002,16743.889556723374,0.9782477742289436,44.776004137,3670.5037400722504,3660.7197681860034,3660.6853176580007,687,684,7072,190,284,,,,,
vf_w30,mcp4-n120-r08-09,5371.560374303865,8096.500150000008,18212.608599061194,1.2494421369289022,52.640708252,5318.919666051865,5314.810272600998,5314.782814220997,559,551,2147,190,284,,,,,
vf_w30,mcp4-n120-r08-10,8192.1431928101,8449.000100000005,10584.086510614954,0.2527028506740044,29.939691824,8162.203500986099,8160.002455836001,8159.963510953002,522,516,705,190,284,,,,,
vf_w30,mcp4-n120-r10-01,3975.4026520369275,6709.500149999999,8039.321524593907,0.1981997682187858,23.333834183,3952.0688178539276,3934.535066712999,3934.4828191970005,772,763,16154,190,254,,,,,
vf_w30,mcp4-n120-r10-02,4912.603270770969,7276.000100000001,12340.376657307042,0.6960385497118177,25.203891756,4887.399379014969,4881.714077796,4881.663436006002,739,732,2067,190,254,,,,,
vf_w30,mcp4-n120-r10-03,3677.0777932507854,6637.333466666665,12400.838360869575,0.8683464411043671,26.105953346,3650.971839904785,3642.4491899880018,3642.404269320003,697,691,6687,190,254,,,,,
vf_w30,mcp4-n120-r10-04,3604.6860910398323,6652.181963636365,12118.727453189242,0.8217672816882222,23.081443165,3581.604647874832,3575.542026909003,3575.504539319997,593,587,4972,190,254,,,,,
vf_w30,mcp4-n120-r10-05,4119.1019235697595,6952.000100000001,12549.451988698895,0.8051570495085137,24.865521535,4094.2364020347595,4090.8875822280024,4090.840501439,732,724,1774,190,254,,,,,
vf_w30,mcp4-n120-r10-06,2986.013063603965,7058.000100000002,7058.000100000002,0.0,25.167250568,2960.845813035965,2958.758824660001,2958.7276070899984,486,479,725,190,254,,,,,
vf_w30,mcp4-n120-r10-07,3603.8289764127567,6555.333466666665,10806.24610228586,0.6484662690669726,26.654181262,3577.174795150757,3511.7491510889995,3511.688526072996,1048,1043,57826,190,254,,,,,
vf_w30,mcp4-n120-r10-08,3950.8501700077954,6669.000200000002,16605.430210562376,1.4899429768441708,22.773389927,3928.0767800807953,3927.390886440998,3927.35484392,552,545,286,190,254,,,,,
vf_w30,mcp4-n120-r10-09,540.8611235393071,6495.0001,6495.0001,0.0,24.273277737,516.5878458023071,516.032900757,516.02843717,86,84,720,190,254,,,,,
vf_w30,mcp4-n120-r10-10,3845.516402121989,5756.0002,13257.307949260816,1.3032153385367873,24.432097074,3821.084305047989,3814.7387131489986,3814.7015355370013,632,625,4875,190,254,,,,,
vf_w30,mcp4-n120-r12-01,2168.016876785322,5697.000100000001,5697.000100000001,0.0,15.478646843,2152.538229942322,2150.9700457750005,2150.9068731590005,661,650,1055,190,234,,,,,
vf_w30,mcp4-n120-r12-02,3663.9813002671344,5380.875125000005,9160.168842718025,0.7023567040534167,19.821314248,3644.1599860191345,3629.8396137809987,3629.7775895320005,666,656,8412,190,234,,,,,
vf_w30,mcp4-n120-r12-03,2779.199273407223,5226.000150000003,5226.000150000003,0.0,19.843714535,2759.355558872223,2755.220243764999,2755.162831416001,726,716,2096,190,234,,,,,
vf_w30,mcp4-n120-r12-04,3939.2448656134848,5085.600139999995,7324.718350756061,0.4402859346224708,20.033462482,3919.211403131485,3903.096807591001,3903.056542388,683,677,22271,190,234,,,,,
vf_w30,mcp4-n120-r12-05,2042.4799942513482,5477.000099999999,5477.000099999999,0.0,21.082635357,2021.3973588943481,2019.5384735300004,2019.504394918001,515,504,1076,190,234,,,,,
vf_w30,mcp4-n120-r12-06,3588.37589132004,5150.300150000005,5150.300150000005,0.0,19.959164254,3568.41672706604,3554.2393435659983,3554.1948950959973,734,718,12833,190,234,,,,,
vf_w30,mcp4-n120-r12-07,2576.5813758666336,5552.0000999999975,5552.094110666252,1.6932756585269085e-5,19.631558686,2556.9498171806335,2553.6119335269987,2553.5784262350035,622,616,2484,190,234,,,,,
vf_w30,mcp4-n120-r12-08,3611.352409974939,5772.666800000001,8615.300099999997,0.49242982463494955,20.131569044,3591.2208409309387,3586.103952832003,3586.0582862939987,729,723,5125,190,234,,,,,
vf_w30,mcp4-n120-r12-09,2237.2301284238597,5736.000100000002,5736.000100000002,0.0,18.926736252,2218.3033921718597,2217.1552638059998,2217.1304958440005,415,407,912,190,234,,,,,
vf_w30,mcp4-n120-r12-10,2060.253049004858,5593.000099999999,5593.000099999999,0.0,19.405805219,2040.8472437858582,2037.3830879260008,2037.355093676,513,503,2343,190,234,,,,,
vf_w30,mcp4-n120-r14-01,1204.067356007954,4963.0001,4963.0001,0.0,14.90329923,1189.164056777954,1186.4810074610002,1186.4570480670004,446,438,2586,190,220,,,,,
vf_w30,mcp4-n120-r14-02,2039.0681825842403,4841.000149999996,4841.000149999996,0.0,12.134444591,2026.9337379932404,2024.786466705999,2024.7470107540005,707,696,1131,190,220,,,,,
vf_w30,mcp4-n120-r14-03,2133.9245636176774,4269.33346666667,4269.6040510113,6.33785921720032e-5,16.510094614,2117.4144690036774,2074.2590850779998,2074.2214694839995,754,742,56989,190,220,,,,,
vf_w30,mcp4-n120-r14-04,2455.020460052724,4003.000150000002,4003.3783207515157,9.447183046286109e-5,19.48034112,2435.540118932724,2428.937983709998,2428.9002739739994,734,724,6394,190,220,,,,,
vf_w30,mcp4-n120-r14-05,356.39549230382994,4559.000100000001,4559.000100000001,0.0,14.279105175,342.11638712882996,341.75047682100006,341.743311007,145,140,177,190,220,,,,,
vf_w30,mcp4-n120-r14-06,1203.4552570938035,4695.000119999999,4695.464108505442,9.882609022020909e-5,14.684108889,1188.7711482048035,1170.6044831330005,1170.5662738870005,584,579,24970,190,220,,,,,
vf_w30,mcp4-n120-r14-07,1950.7199889741084,4324.333466666666,4324.333466666666,0.0,14.302598866,1936.4173901081085,1883.4459507429979,1883.3976677740002,947,939,66388,190,220,,,,,
vf_w30,mcp4-n120-r14-08,1231.8142198155788,4333.0002,4333.0002,0.0,12.967841966,1218.8463778495789,1217.1131513050009,1217.094594225001,382,375,1093,190,220,,,,,
vf_w30,mcp4-n120-r14-09,1730.0460977252803,4077.0001,4077.333433333333,8.175946165234958e-5,14.619460791,1715.4266369342804,1702.1572661000018,1702.119967443001,738,729,22208,190,220,,,,,
vf_w30,mcp4-n120-r14-10,1286.5930869625404,4344.000099999999,4344.000099999999,0.0,12.302990918,1274.2900960445404,1273.3379061819994,1273.3072190540006,613,605,712,190,220,,,,,
vf_w30,mcp4-n120-r16-01,794.5138388023707,3533.000100000001,3533.000100000001,0.0,9.604103838,784.9097349643707,784.3657554290003,784.3371158779997,538,531,205,190,209,,,,,
vf_w30,mcp4-n120-r16-02,674.5230349665691,4065.0001500000026,4065.0001500000026,0.0,9.376001752,665.1470332145691,664.4231827060003,664.4040516170003,456,447,771,190,209,,,,,
vf_w30,mcp4-n120-r16-03,1164.6654327910353,4025.4001400000025,4025.6584119163263,6.416055729649584e-5,7.208947758,1157.4564850330353,1139.4448862880001,1139.4144429239993,641,630,28424,190,209,,,,,
vf_w30,mcp4-n120-r16-04,997.148271076619,3979.0001,3979.159624754295,4.0091668832725063e-5,11.772103064,985.376168012619,975.6164811420007,975.590124516,545,539,15604,190,209,,,,,
vf_w30,mcp4-n120-r16-05,922.3481074139481,3748.0001,3748.0001,0.0,9.288595514,913.0595118999481,911.9325357689993,911.9084282669995,514,504,624,190,209,,,,,
vf_w30,mcp4-n120-r16-06,1267.667665768211,3716.0001500000026,3716.0001500000026,0.0,12.491899777,1255.175765991211,1238.483107398001,1238.4461215139997,767,759,22821,190,209,,,,,
vf_w30,mcp4-n120-r16-07,719.8883273005611,3743.500199999998,3743.500199999998,0.0,10.435880363,709.452446937561,703.6069755630001,703.5796500279995,507,498,8151,190,209,,,,,
vf_w30,mcp4-n120-r16-08,1062.0155419185332,3480.333466666666,3480.333466666666,0.0,13.290699847,1048.7248420715332,1046.679259114,1046.6426941310003,616,608,1448,190,209,,,,,
vf_w30,mcp4-n120-r16-09,1175.7151635336759,3623.0000999999997,3623.0000999999997,0.0,9.516826694,1166.198336839676,1163.6548944720007,1163.6133190069993,726,711,2778,190,209,,,,,
vf_w30,mcp4-n120-r16-10,1400.8970495160559,3788.0001333333366,3788.2964325183375,7.822047903153764e-5,12.48133859,1388.415710926056,1370.301963187001,1370.2471060529997,989,980,21543,190,209,,,,,
vf_w50,mcp4-n070-r08-01,102.05268576667883,4283.000133333336,4283.000133333336,0.0,3.299037724,98.75364804267883,98.36064586999997,98.35429500299999,193,186,673,112,200,,,,,
vf_w50,mcp4-n070-r08-02,161.99014211274377,4517.500150000001,4517.779898296382,6.192546476872009e-5,3.252942091,158.73720002174377,156.56512312899997,156.55636019800002,230,221,3164,112,200,,,,,
vf_w50,mcp4-n070-r08-03,142.2781102934154,3691.000199999996,3691.000199999996,0.0,3.229469327,139.0486409664154,136.08360640699993,136.07561996700008,220,210,5095,112,200,,,,,
vf_w50,mcp4-n070-r08-04,97.83671444121765,4690.0001,4690.020200502512,4.285821339731521e-6,2.415134365,95.42158007621765,95.18866514900002,95.18217814200001,171,164,298,112,200,,,,,
vf_w50,mcp4-n070-r08-05,93.05753084304956,3845.0001,3845.0001,0.0,3.505475961,89.55205488204956,88.27835980200003,88.27296478000001,169,162,1880,112,200,,,,,
vf_w50,mcp4-n070-r08-06,128.37455416279676,4825.000150000001,4825.000150000001,0.0,3.179298168,125.19525599479675,124.95322917900005,124.94588952999997,191,182,183,112,200,,,,,
vf_w50,mcp4-n070-r08-07,98.02198141526746,3732.0001,3732.0001,0.0,3.714798388,94.30718302726746,93.68675965500003,93.679942671,197,188,738,112,200,,,,,
vf_w50,mcp4-n070-r08-08,130.40456002703453,4167.000099999999,4167.000099999999,0.0,3.604969201,126.79959082603455,126.221178474,126.21150865100003,257,244,646,112,200,,,,,
vf_w50,mcp4-n070-r08-09,208.65510987834742,4190.000099999999,4190.000099999999,0.0,3.129488941,205.5256209373474,204.6746501109999,204.66348820900006,320,307,1096,112,200,,,,,
vf_w50,mcp4-n070-r08-10,113.41506724949048,4291.000100000001,4291.000100000001,0.0,2.938090378,110.47697687149048,109.33472359399994,109.32503498799996,262,255,1264,112,200,,,,,
vf_w50,mcp4-n070-r10-01,43.70428430743103,3716.0002000000018,3716.0002000000018,0.0,1.7988013,41.90548300743103,39.076255800000006,39.071201245999994,156,152,5462,112,182,,,,,
vf_w50,mcp4-n070-r10-02,85.62347982989856,3023.0001500000017,3023.0001500000017,0.0,2.473444687,83.15003514289856,82.22043447399999,82.213736634,195,187,860,112,182,,,,,
vf_w50,mcp4-n070-r10-03,25.245475599417723,3403.0000999999997,3403.0000999999997,0.0,2.63847954,22.606996059417725,22.452074773999996,22.449092452000006,93,90,87,112,182,,,,,
vf_w50,mcp4-n070-r10-04,70.64078211635352,3412.2501500000008,3412.2501500000008,0.0,1.676850079,68.96393203735352,64.96506374799998,64.95881149899999,220,212,7424,112,182,,,,,
vf_w50,mcp4-n070-r10-05,44.404021555209106,3104.0001,3104.0001,0.0,1.869514519,42.534507036209106,42.303151397,42.297630866999995,153,148,333,112,182,,,,,
vf_w50,mcp4-n070-r10-06,46.85659479192542,3933.000200000008,3933.166766666668,4.2351044543538544e-5,0.481115809,46.375478982925415,44.64447444799998,44.638561969,167,161,3621,112,182,,,,,
vf_w50,mcp4-n070-r10-07,52.78291497134912,3412.000100000001,3412.000100000001,0.0,1.287691926,51.49522304534912,51.24685943599997,51.24104745700002,166,160,341,112,182,,,,,
vf_w50,mcp4-n070-r10-08,46.32994851985119,3314.00015,3314.00015,0.0,1.556207513,44.773741006851196,44.53938065699999,44.53329183500001,161,155,310,112,182,,,,,
vf_w50,mcp4-n070-r10-09,81.61393388520605,3319.666800000005,3319.666800000005,0.0,2.866941774,78.74699211120605,77.24992963599998,77.24178994399999,222,213,2238,112,182,,,,,
vf_w50,mcp4-n070-r10-10,82.7725867005575,4003.50015,4003.50015,0.0,1.114594576,81.6579921245575,80.14450143799999,80.137188299,215,209,1851,112,182,,,,,
vf_w50,mcp4-n070-r12-01,33.25607392237878,2717.000180000001,2717.000180000001,0.0,1.468158931,31.787914991378784,31.588600443,31.584444325,126,120,147,112,171,,,,,
vf_w50,mcp4-n070-r12-02,28.01337841863855,2701.333466666664,2701.333466666664,0.0,1.338130511,26.67524790763855,25.768528440000008,25.764473406999993,125,120,1342,112,171,,,,,
vf_w50,mcp4-n070-r12-03,21.561170662658935,2729.0001,2729.0001,0.0,1.193838681,20.367331981658936,20.173787486000005,20.170469123,104,101,309,112,171,,,,,
vf_w50,mcp4-n070-r12-04,52.05608415674207,2555.000100000001,2555.000100000001,0.0,1.927158118,50.128926038742065,49.881743235000016,49.874434513000004,206,199,344,112,171,,,,,
vf_w50,mcp4-n070-r12-05,64.41812288102173,2196.000140000003,2196.000140000003,0.0,2.49796974,61.92015314102173,61.386823561000014,61.378004359,253,248,837,112,171,,,,,
vf_w50,mcp4-n070-r12-06,30.068559746105713,2249.0000999999993,2249.0000999999993,0.0,1.577792744,28.490767002105713,28.36367679500001,28.358174150000007,149,146,114,112,171,,,,,
vf_w50,mcp4-n070-r12-07,44.403244822561646,2338.5002000000004,2338.5002000000004,0.0,2.0339199,42.369324922561646,42.082203784000015,42.076545935000006,161,154,540,112,171,,,,,
vf_w50,mcp4-n070-r12-08,69.73603108724585,2860.333466666664,2860.333466666664,0.0,1.456641229,68.27938985824585,66.92129951399998,66.91411107500005,243,234,2100,112,171,,,,,
vf_w50,mcp4-n070-r12-09,62.91171378013098,2674.0001,2674.0001,0.0,1.391885699,61.51982808113098,60.42505421600002,60.41571663,222,212,1511,112,171,,,,,
vf_w50,mcp4-n070-r12-10,34.92628088684314,2880.0002000000013,2880.0002000000013,0.0,1.235798032,33.69048285484314,33.441143436000004,33.435565049,137,131,504,112,171,,,,,
vf_w50,mcp4-n070-r14-01,13.938386729807128,2391.6668,2391.6668,0.0,1.415970615,12.522416114807129,11.27484918,11.272395859000003,79,76,2131,112,162,,,,,
vf_w50,mcp4-n070-r14-02,40.51198195512341,1915.5001499999998,1915.5001499999998,0.0,1.234487763,39.27749419212341,39.08489255099998,39.07797364499999,201,192,244,112,162,,,,,
vf_w50,mcp4-n070-r14-03,35.28046100768469,2035.571571428572,2035.571571428572,0.0,0.941581184,34.33887982368469,32.05488691499999,32.04814863099999,183,178,4539,112,162,,,,,
vf_w50,mcp4-n070-r14-04,29.47226217768921,2220.00015,2220.00015,0.0,0.42465714,29.04760503768921,28.913424490999994,28.908796724000005,138,132,87,112,162,,,,,
vf_w50,mcp4-n070-r14-05,31.944898322659913,1797.500150000001,1797.500150000001,0.0,1.65157719,30.293321132659912,30.03105882299999,30.02574162699999,157,150,480,112,162,,,,,
vf_w50,mcp4-n070-r14-06,33.34035096116687,2060.0001999999945,2060.0001999999945,0.0,1.775284862,31.56506609916687,31.352737143,31.347346530000003,179,173,317,112,162,,,,,
vf_w50,mcp4-n070-r14-07,14.194980124580079,2126.0001,2126.0001,0.0,0.96601818,13.228961944580078,13.148939707999997,13.146315075999995,76,72,20,112,162,,,,,
vf_w50,mcp4-n070-r14-08,31.852710825357544,1959.0000999999995,1959.0000999999995,0.0,1.239727837,30.612982988357544,30.449227569,30.44454556900001,140,133,222,112,162,,,,,
vf_w50,mcp4-n070-r14-09,28.754609906386474,1995.0001000000002,1995.0001000000002,0.0,1.033172929,27.721436977386475,27.40078972600001,27.39603931000001,140,134,678,112,162,,,,,
vf_w50,mcp4-n070-r14-10,27.94389100847278,2080.0001,2080.0001,0.0,1.548563202,26.39532780647278,26.201810434000006,26.197452822,126,120,290,112,162,,,,,
vf_w50,mcp4-n070-r16-01,33.40548847852954,2000.0001000000002,2000.0001000000002,0.0,0.558867442,32.84662103652954,32.29908055300001,32.296505769,160,153,643,112,156,,,,,
vf_w50,mcp4-n070-r16-02,23.32036088886804,1713.0001000000002,1713.0001000000002,0.0,0.467349996,22.853010892868042,22.651766556000013,22.649381921999996,148,143,372,112,156,,,,,
vf_w50,mcp4-n070-r16-03,24.07115790614856,1780.0001333333341,1780.0001333333341,0.0,1.069071982,23.00208592414856,21.900372584000007,21.897063501999995,118,112,2116,112,156,,,,,
vf_w50,mcp4-n070-r16-04,30.15711783773157,2174.0001500000017,2174.0001500000017,0.0,0.794586891,29.362530946731567,28.721239899999997,28.717490748,220,211,755,112,156,,,,,
vf_w50,mcp4-n070-r16-05,20.38332514790515,1872.0001000000004,1872.0001000000004,0.0,0.850539017,19.53278613090515,19.32436792099999,19.322268978,134,127,302,112,156,,,,,
vf_w50,mcp4-n070-r16-06,32.18246053792383,1821.2501249999998,1821.2501249999998,0.0,0.915473691,31.266986846923828,31.062843718000007,31.060033745999988,176,169,306,112,156,,,,,
vf_w50,mcp4-n070-r16-07,13.728056655705444,1802.50015,1802.50015,0.0,1.658684717,12.069371938705444,11.271926184999996,11.270213229000001,82,80,1349,112,156,,,,,
vf_w50,mcp4-n070-r16-08,22.526624409012086,1836.0001000000002,1836.0001000000002,0.0,0.968143431,21.558480978012085,21.40460776399999,21.402085480999993,147,140,167,112,156,,,,,
vf_w50,mcp4-n070-r16-09,21.202080089632567,1988.0001000000002,1988.0001000000002,0.0,1.051298935,20.15078115463257,20.041133487000007,20.039231176999994,133,125,94,112,156,,,,,
vf_w50,mcp4-n070-r16-10,23.968045873766112,1810.0001666666678,1810.0001666666678,0.0,0.647720976,23.320324897766113,22.719637270999996,22.71748758000001,154,146,1175,112,156,,,,,
vf_w50,mcp4-n080-r08-01,463.4983311332378,4810.833483333332,4810.833483333332,0.0,5.140090052,458.3582410812378,451.72369211800026,451.69936280799976,595,584,9533,128,221,,,,,
vf_w50,mcp4-n080-r08-02,204.17549705740967,5122.0003,5122.0003,0.0,4.774806025,199.40069103240967,199.0679108489999,199.05611471599997,285,280,240,128,221,,,,,
vf_w50,mcp4-n080-r08-03,263.314830982995,6000.000100000001,6000.000100000001,0.0,4.73166796,258.583163022995,258.0755354610001,258.0657079830001,255,246,695,128,221,,,,,
vf_w50,mcp4-n080-r08-04,67.70793974566553,5927.111266666669,5927.111266666669,0.0,4.174653651,63.53328609466553,63.33490692400001,63.332221783,72,69,94,128,221,,,,,
vf_w50,mcp4-n080-r08-05,178.3324944296051,5400.000100000001,5400.000100000001,0.0,5.60919135,172.7233030796051,172.52089839199996,172.51275043300006,193,190,155,128,221,,,,,
vf_w50,mcp4-n080-r08-06,292.92449068920615,4848.000200000002,4848.000200000002,0.0,5.066388606,287.8581020832062,287.3005827179998,287.2905754919999,258,251,790,128,221,,,,,
vf_w50,mcp4-n080-r08-07,232.85037274476989,4926.000149999998,4926.000149999998,0.0,4.820013715,228.0303590297699,227.64745709799993,227.64119932099996,180,173,476,128,221,,,,,
vf_w50,mcp4-n080-r08-08,254.66087116127392,5168.000099999999,5168.000099999999,0.0,5.412125243,249.24874591827393,247.5736867759999,247.56074559100003,309,301,1715,128,221,,,,,
vf_w50,mcp4-n080-r08-09,340.0342474290996,5038.500149999998,5038.500149999998,0.0,6.247416527,333.7868309020996,293.2452051769999,293.233828778,249,241,28143,128,221,,,,,
vf_w50,mcp4-n080-r08-10,394.709650902908,4610.000100000001,4610.000100000001,0.0,6.160397916,388.54925298690796,387.57264523300034,387.5612516500002,283,278,1097,128,221,,,,,
vf_w50,mcp4-n080-r10-01,157.24028707374572,3691.0001500000017,3691.0001500000017,0.0,3.828843125,153.41144394874573,152.49980049300004,152.48961176900002,251,244,618,128,201,,,,,
vf_w50,mcp4-n080-r10-02,166.35161461031788,3995.25015,3995.25015,0.0,3.911872522,162.43974208831787,161.14785458300008,161.13748134800002,296,287,1291,128,201,,,,,
vf_w50,mcp4-n080-r10-03,132.87715489560523,4124.000099999999,4124.000099999999,0.0,3.745866844,129.13128805160522,126.98057945099995,126.97098846999991,254,246,2483,128,201,,,,,
vf_w50,mcp4-n080-r10-04,121.29061640565918,4292.000200000006,4292.000200000006,0.0,2.652236355,118.63838005065918,117.885132828,117.87787280400003,204,199,588,128,201,,,,,
vf_w50,mcp4-n080-r10-05,205.20810774265124,3823.0002000000027,3823.0002000000027,0.0,3.977422747,201.23068499565125,200.101620323,200.0908337029999,321,313,903,128,201,,,,,
vf_w50,mcp4-n080-r10-06,150.44286399872792,4038.0001,4038.0001,0.0,3.579647837,146.8632161617279,145.918784819,145.9095896389999,297,291,620,128,201,,,,,
vf_w50,mcp4-n080-r10-07,72.17649084041138,3943.0000999999997,3943.0000999999997,0.0,3.01322895,69.16326189041138,68.97793994500003,68.97401243599998,152,146,186,128,201,,,,,
vf_w50,mcp4-n080-r10-08,177.99665312800562,4339.000100000001,4339.000100000001,0.0,3.270360041,174.72629308700562,174.35005267799994,174.34075001200006,275,267,365,128,201,,,,,
vf_w50,mcp4-n080-r10-09,118.77152437745471,3860.0001000000007,3860.0001000000007,0.0,4.213050552,114.55847382545471,114.29672601499999,114.29126879300001,222,217,197,128,201,,,,,
vf_w50,mcp4-n080-r10-10,114.63926139327441,4385.50015,4385.50015,0.0,3.381622462,111.25763893127441,110.26826848199995,110.26348890100002,147,144,1213,128,201,,,,,
vf_w50,mcp4-n080-r12-01,92.02650906019727,3733.000100000003,3733.000100000003,0.0,1.375138058,90.65137100219727,90.373477046,90.36759980799997,163,157,411,128,188,,,,,
vf_w50,mcp4-n080-r12-02,55.636101942410036,3525.500149999998,3525.500149999998,0.0,2.310284119,53.325817823410034,52.17616105800002,52.171358270999995,169,166,1785,128,188,,,,,
vf_w50,mcp4-n080-r12-03,121.32525852736194,3056.0001,3056.0001,0.0,2.884191547,118.44106698036194,118.124555014,118.1155288559999,280,272,372,128,188,,,,,
vf_w50,mcp4-n080-r12-04,29.44934426086194,3247.0001999999995,3247.0001999999995,0.0,2.171363218,27.27798104286194,27.047223587,27.044150289999994,87,85,358,128,188,,,,,
vf_w50,mcp4-n080-r12-05,126.44195637689124,3280.0000999999997,3280.0000999999997,0.0,2.813988304,123.62796807289124,120.99738126299998,120.98353640300002,356,350,3958,128,188,,,,,
vf_w50,mcp4-n080-r12-06,128.25690291664733,3081.333466666668,3081.333466666668,0.0,2.3922839,125.86461901664734,121.32370880700005,121.31051235400001,336,327,6413,128,188,,,,,
vf_w50,mcp4-n080-r12-07,99.48372386362341,2996.000200000001,2996.000200000001,0.0,2.873221859,96.61050200462341,96.37022547499996,96.36128584400001,217,212,275,128,188,,,,,
vf_w50,mcp4-n080-r12-08,52.2706562967782,2750.0000999999993,2750.0000999999993,0.0,3.889897296,48.3807590007782,48.15110952699998,48.146478726000005,117,112,312,128,188,,,,,
vf_w50,mcp4-n080-r12-09,109.09997618303125,3034.000100000002,3034.000100000002,0.0,2.044495226,107.05548095703125,106.87780482400008,106.86711358400001,248,242,65,128,188,,,,,
vf_w50,mcp4-n080-r12-10,116.11821644916529,3249.0001000000007,3249.2001000000005,6.155740038291105e-5,2.817892486,113.30032396316528,112.92060820600003,112.91009364399996,265,255,511,128,188,,,,,
vf_w50,mcp4-n080-r14-01,85.99465159455822,2692.0001,2692.0001,0.0,1.935624638,84.05902695655823,82.89881952399998,82.89107673,222,214,1739,128,179,,,,,
vf_w50,mcp4-n080-r14-02,93.47447837191724,2471.000199999999,2471.000199999999,0.0,2.101961263,91.37251710891724,91.01902181400004,91.01045867999994,272,264,420,128,179,,,,,
vf_w50,mcp4-n080-r14-03,88.46442132592419,2417.500149999999,2417.500149999999,0.0,1.688323313,86.7760980129242,85.21510743299993,85.20574564600004,301,295,2443,128,179,,,,,
vf_w50,mcp4-n080-r14-04,63.52209519002454,2289.0001000000007,2289.0001000000007,0.0,1.962428318,61.559666872024536,60.30542103099998,60.29871117399996,206,200,1594,128,179,,,,,
vf_w50,mcp4-n080-r14-05,42.93590201291308,2817.0000999999997,2817.0000999999997,0.0,1.436827077,41.499074935913086,41.32178917899999,41.31691152700004,151,148,40,128,179,,,,,
vf_w50,mcp4-n080-r14-06,33.10083433753174,2750.5001500000003,2750.5001500000003,0.0,1.527671305,31.57316303253174,31.455440196,31.451359183000005,125,121,57,128,179,,,,,
vf_w50,mcp4-n080-r14-07,34.85706376138708,2926.0001,2926.0001,0.0,1.406248799,33.450814962387085,33.21079381999999,33.20606577399999,142,139,299,128,179,,,,,
vf_w50,mcp4-n080-r14-08,58.22396265770093,2455.5001500000008,2455.5001500000008,0.0,1.669956558,56.55400609970093,56.316498745000004,56.309748281000005,210,205,298,128,179,,,,,
vf_w50,mcp4-n080-r14-09,70.87676056829687,2462.50015,2462.50015,0.0,1.997152414,68.87960815429688,68.38513883099996,68.37601562399999,254,245,672,128,179,,,,,
vf_w50,mcp4-n080-r14-10,23.17714125790625,2858.0001333333325,2858.0001333333325,0.0,0.954912254,22.22222900390625,22.097874514000004,22.094978895,88,84,48,128,179,,,,,
vf_w50,mcp4-n080-r16-01,76.32439567455151,2328.0000999999993,2328.0000999999993,0.0,1.183057803,75.14133787155151,74.16160317400002,74.15719520000002,227,221,1197,128,171,,,,,
vf_w50,mcp4-n080-r16-02,42.70565845997156,2142.500150000001,2142.525556100606,1.1858155811503062e-5,1.572797561,41.13286089897156,39.391633778999996,39.385959731999996,159,154,3447,128,171,,,,,
vf_w50,mcp4-n080-r16-03,71.23532290096875,1936.5001500000017,1936.5001500000017,0.0,1.212678858,70.02264404296875,69.70486356699998,69.69914525000002,261,250,290,128,171,,,,,
vf_w50,mcp4-n080-r16-04,57.934960951882445,2156.7501500000008,2156.7501500000008,0.0,0.804957738,57.130003213882446,55.48578728299999,55.48049151699997,290,287,3084,128,171,,,,,
vf_w50,mcp4-n080-r16-05,33.5691255560531,2229.0001,2229.0001,0.0,1.921834611,31.6472909450531,31.494373188,31.491213133000006,134,132,39,128,171,,,,,
vf_w50,mcp4-n080-r16-06,16.34993401928662,2299.0001,2299.0001,0.0,1.342626013,15.007308006286621,14.901380268999995,14.899853425000002,87,84,42,128,171,,,,,
vf_w50,mcp4-n080-r16-07,58.239747885298705,2319.6668333333337,2319.6668333333337,0.0,1.627083901,56.612663984298706,54.88668669000001,54.88256256200005,220,211,2400,128,171,,,,,
vf_w50,mcp4-n080-r16-08,24.477256545157715,1812.000100000001,1812.000100000001,0.0,1.653641471,22.823615074157715,22.679572859000004,22.675997909000017,118,113,76,128,171,,,,,
vf_w50,mcp4-n080-r16-09,34.78857971778845,1992.0001000000002,1992.0001000000002,0.0,1.740598694,33.04798102378845,32.87451797399999,32.870786183000014,149,143,173,128,171,,,,,
vf_w50,mcp4-n080-r16-10,37.29591442050513,1627.0001000000002,1627.0001000000002,0.0,1.571678409,35.72423601150513,35.498125314,35.494599486000006,183,176,275,128,171,,,,,
vf_w50,mcp4-n090-r08-01,526.2821542426423,6051.333466666673,6051.333466666673,0.0,8.148607175,518.1335470676422,516.7619735230002,516.7462059779998,360,352,1003,144,243,,,,,
vf_w50,mcp4-n090-r08-02,661.0536682659724,6350.000100000001,6350.000100000001,0.0,6.748506313,654.3051619529724,653.4340239289999,653.4164248889999,395,390,622,144,243,,,,,
vf_w50,mcp4-n090-r08-03,666.5423983875746,6544.400119999998,6544.742692297419,5.234586686926196e-5,7.786041433,658.7563569545746,638.3877249299998,638.3696583000001,426,419,37325,144,243,,,,,
vf_w50,mcp4-n090-r08-04,747.2841333002589,5604.0002,5604.0002,0.0,8.723398313,738.5607349872589,735.6325349089997,735.6167589220004,340,329,2890,144,243,,,,,
vf_w50,mcp4-n090-r08-05,1019.2292659593294,5733.500149999991,5733.500149999991,0.0,8.977999003,1010.2512669563293,1008.4322661249998,1008.4125421589997,446,438,1880,144,243,,,,,
vf_w50,mcp4-n090-r08-06,1084.7088202789607,6854.833483333332,6854.833483333332,0.0,8.892699416,1075.8161208629608,1065.736488637,1065.7175390950001,436,428,15345,144,243,,,,,
vf_w50,mcp4-n090-r08-07,624.7708128860961,6628.500149999998,6628.500149999998,0.0,7.452264922,617.3185479640961,612.4633763400005,612.4460578849996,414,408,6247,144,243,,,,,
vf_w50,mcp4-n090-r08-08,886.1702021808416,5870.00015,5870.377872637113,6.434797742092702e-5,8.972977087,877.1972250938416,822.2798102260001,822.2536869749997,611,606,78999,144,243,,,,,
vf_w50,mcp4-n090-r08-09,694.7374960529133,5690.500150000002,5690.500150000002,0.0,7.824794923,686.9127011299133,682.1557423979995,682.143509106,298,291,6585,144,243,,,,,
vf_w50,mcp4-n090-r08-10,968.1673268671682,6615.000100000003,6615.000100000003,0.0,8.737472951,959.4298539161682,958.8774930230003,958.863577879,318,309,560,144,243,,,,,
vf_w50,mcp4-n090-r10-01,540.0741007497816,5127.500150000002,5127.500150000002,0.0,6.726793783,533.3473069667816,531.9190189089999,531.899766691,426,414,1141,144,220,,,,,
vf_w50,mcp4-n090-r10-02,404.673646588527,4945.0002,4945.0002,0.0,5.904475589,398.769170999527,397.8180532049999,397.8008283080002,410,402,757,144,220,,,,,
vf_w50,mcp4-n090-r10-03,258.5956976342815,4279.0001,4279.0001,0.0,7.243289702,251.3524079322815,250.962520195,250.95366704600008,187,180,373,144,220,,,,,
vf_w50,mcp4-n090-r10-04,473.9007296955404,4416.0001,4416.0001,0.0,6.407508651,467.4932210445404,466.7127232959997,466.69449048600023,391,382,722,144,220,,,,,
vf_w50,mcp4-n090-r10-05,692.8745489448052,4297.0001,4297.0001,0.0,7.512704882,685.3618440628052,679.6383913559998,679.6153208410004,462,455,8271,144,220,,,,,
vf_w50,mcp4-n090-r10-06,694.4225351156633,4412.000200000006,4412.000200000006,0.0,6.963447267,687.4590878486633,686.5497682059995,686.5276829950005,434,424,836,144,220,,,,,
vf_w50,mcp4-n090-r10-07,331.0180833058099,4309.000100000001,4309.000100000001,0.0,6.057325335,324.96075797080994,323.3457862669999,323.33334417800006,276,270,899,144,220,,,,,
vf_w50,mcp4-n090-r10-08,557.8956326877402,4828.000133333335,4828.08705652174,1.8003973903226596e-5,4.736090604,553.1595420837402,551.4708249240002,551.4471671169999,480,467,1722,144,220,,,,,
vf_w50,mcp4-n090-r10-09,418.4807046872693,5061.000100000001,5061.000100000001,0.0,5.78421583,412.6964888572693,412.247184999,412.23146519999966,326,319,321,144,220,,,,,
vf_w50,mcp4-n090-r10-10,515.0003435475572,4562.400140000002,4562.810444827583,8.993179357149892e-5,6.193477617,508.80686593055725,500.9010537109999,500.88500873299984,382,371,11825,144,220,,,,,
vf_w50,mcp4-n090-r12-01,342.12648462836734,3706.4001400000025,3706.4001400000025,0.0,4.58954763,337.5369369983673,336.4431123740003,336.42862723099995,351,343,1083,144,205,,,,,
vf_w50,mcp4-n090-r12-02,240.7217263508109,3871.0001500000008,3871.0001500000008,0.0,4.493182354,236.2285439968109,235.88078154299984,235.86866772299993,256,248,253,144,205,,,,,
vf_w50,mcp4-n090-r12-03,664.3730657407712,3755.0001,3755.0001,0.0,5.085122616,659.2879431247711,657.4920214600004,657.461829988999,638,621,1282,144,205,,,,,
vf_w50,mcp4-n090-r12-04,247.26202040578406,3608.0001500000017,3608.000200000002,1.3858092704315198e-8,5.212045249,242.04997515678406,238.9072463669999,238.89332593899985,405,402,4314,144,205,,,,,
vf_w50,mcp4-n090-r12-05,254.4130933126687,3550.000100000001,3550.000100000001,0.0,4.887432321,249.5256609916687,248.5365883500001,248.52516420299992,355,347,693,144,205,,,,,
vf_w50,mcp4-n090-r12-06,235.18002993471154,3339.000199999999,3339.000199999999,0.0,4.842268771,230.33776116371155,229.61016906600008,229.59907492200003,390,381,710,144,205,,,,,
vf_w50,mcp4-n090-r12-07,309.34067401657495,3782.50015,3782.50015,0.0,4.170909021,305.16976499557495,293.56819392099993,293.549260068,383,377,18534,144,205,,,,,
vf_w50,mcp4-n090-r12-08,183.44016469722425,3672.0001,3672.0001,0.0,6.245208633,177.19495606422424,176.664148651,176.651272816,234,230,547,144,205,,,,,
vf_w50,mcp4-n090-r12-09,224.40389757378236,4184.0001,4184.0001,0.0,3.54422765,220.85966992378235,218.83766567100005,218.8116478680001,365,357,1746,144,205,,,,,
vf_w50,mcp4-n090-r12-10,366.8786485813253,3350.3334666666715,3350.3334666666715,0.0,5.637760701,361.2408878803253,357.10967924599987,357.0648598619999,412,403,4448,144,205,,,,,
vf_w50,mcp4-n090-r14-01,87.50556949581127,3413.0001000000007,3413.0001000000007,0.0,2.738617458,84.76695203781128,84.52629762999996,84.52017612300003,168,163,85,144,195,,,,,
vf_w50,mcp4-n090-r14-02,147.58563123762855,3182.0001499999994,3182.0001499999994,0.0,3.273354159,144.31227707862854,141.779740099,141.77015493400003,289,284,4120,144,195,,,,,
vf_w50,mcp4-n090-r14-03,110.46642195753479,3149.000199999998,3149.000199999998,0.0,3.904572125,106.56184983253479,106.31296049800001,106.30577901300003,203,198,242,144,195,,,,,
vf_w50,mcp4-n090-r14-04,125.38662123813184,3646.0001,3646.0001,0.0,2.960117103,122.42650413513184,121.089287073,121.07834503400004,284,278,1334,144,195,,,,,
vf_w50,mcp4-n090-r14-05,71.92900258193116,3044.0001,3044.0001,0.0,3.80987054,68.11913204193115,67.849264614,67.844364046,154,147,176,144,195,,,,,
vf_w50,mcp4-n090-r14-06,267.7469174871461,3399.333466666666,3399.333466666666,0.0,3.427968503,264.3189489841461,261.36777889699994,261.35673003299985,340,329,5280,144,195,,,,,
vf_w50,mcp4-n090-r14-07,126.13714386893518,2659.666833333333,2659.666833333333,0.0,3.304507751,122.83263611793518,122.31754442699997,122.3079386929999,303,300,562,144,195,,,,,
vf_w50,mcp4-n090-r14-08,132.14188292305994,2623.5001333333316,2623.5001333333316,0.0,4.278292921,127.86359000205994,127.59953744800004,127.59266889699998,242,235,368,144,195,,,,,
vf_w50,mcp4-n090-r14-09,169.98720878580446,2984.0001999999986,2984.0001999999986,0.0,4.061555805,165.92565298080444,165.15380603399996,165.14220695200007,285,276,749,144,195,,,,,
vf_w50,mcp4-n090-r14-10,170.6736264840791,2664.000100000002,2664.000100000002,0.0,3.547411503,167.1262149810791,166.4445536229999,166.4336255109999,340,328,732,144,195,,,,,
vf_w50,mcp4-n090-r16-01,105.61101857783923,2082.333466666666,2082.333466666666,0.0,3.253398577,102.35762000083923,101.86318794099995,101.85765032600005,244,237,776,144,187,,,,,
vf_w50,mcp4-n090-r16-02,96.75625915464356,2594.000149999999,2594.090244836669,3.473200904411372e-5,2.97667427,93.77958488464355,90.33125229599996,90.32529040900003,295,290,6298,144,187,,,,,
vf_w50,mcp4-n090-r16-03,117.78688091486768,2573.333466666665,2573.333466666665,0.0,2.843371813,114.94350910186768,110.62342861599994,110.61410273700002,325,316,6471,144,187,,,,,
vf_w50,mcp4-n090-r16-04,109.14246192211951,2174.0001400000037,2174.0001400000037,0.0,3.201736834,105.9407250881195,104.73259636399997,104.72316026100003,218,212,1476,144,187,,,,,
vf_w50,mcp4-n090-r16-05,127.56839866393481,2710.0001499999994,2710.0001499999994,0.0,2.258545587,125.30985307693481,124.9647559640001,124.95237762300006,318,308,345,144,187,,,,,
vf_w50,mcp4-n090-r16-06,110.0663157867727,2677.0001,2677.0001,0.0,3.173786776,106.8925290107727,106.065588556,106.05780579799998,265,260,1408,144,187,,,,,
vf_w50,mcp4-n090-r16-07,176.38226622301892,2343.0001499999976,2343.0001499999976,0.0,2.343814313,174.03845191001892,173.618118741,173.59549242100013,402,391,430,144,187,,,,,
vf_w50,mcp4-n090-r16-08,96.80102149021313,2537.0001,2537.0001,0.0,1.974885378,94.82613611221313,94.62743131599996,94.61949131700004,237,231,69,144,187,,,,,
vf_w50,mcp4-n090-r16-09,77.70424749818066,2431.000200000004,2431.000200000004,0.0,3.613051438,74.09119606018066,73.113432272,73.10791194699999,202,194,1098,144,187,,,,,
vf_w50,mcp4-n090-r16-10,191.1590937334226,2754.0001,2754.0001,0.0,2.138948794,189.0201449394226,188.04769851199984,188.03079589900003,413,403,747,144,187,,,,,
vf_w50,mcp4-n100-r08-01,3147.91026989625,6727.000200000006,6727.000200000006,0.0,12.021546046,3135.8887238502502,3127.6485605019984,3127.6128174430005,674,661,7565,160,264,,,,,
vf_w50,mcp4-n100-r08-02,2873.737057246891,7489.764852941178,7489.764852941178,0.0,10.39554409,2863.341513156891,2860.2993130050004,2860.263925610001,758,752,1524,160,264,,,,,
vf_w50,mcp4-n100-r08-03,2409.941089593155,7652.500149999999,7652.500149999999,0.0,11.300611459,2398.6404781341553,2388.32806687,2388.300694525,574,569,12998,160,264,,,,,
vf_w50,mcp4-n100-r08-04,859.7477442490268,6973.666799999999,6973.666799999999,0.0,10.801597284,848.9461469650269,844.0619056019997,844.0443022449999,404,391,5408,160,264,,,,,
vf_w50,mcp4-n100-r08-05,1006.8638013663583,7837.0001,7837.0001,0.0,9.881033546,996.9827678203583,996.2545967629999,996.2345432770002,454,447,733,160,264,,,,,
vf_w50,mcp4-n100-r08-06,3676.0727689857235,6620.333500000001,7352.375150000009,0.1105747391728843,13.508558094,3662.5642108917236,3657.4767497410025,3657.4462058429995,663,652,5558,160,264,,,,,
vf_w50,mcp4-n100-r08-07,2000.1565122066331,7155.000149999999,7155.000149999999,0.0,14.295666164,1985.860846042633,1963.610119284,1963.5800630570009,645,635,23592,160,264,,,,,
vf_w50,mcp4-n100-r08-08,961.1339870234888,7455.000166666665,7455.000166666665,0.0,12.280909135,948.8530778884888,947.0062492780005,946.9899769829991,416,411,1178,160,264,,,,,
vf_w50,mcp4-n100-r08-09,2141.8870096253813,8006.000100000002,8006.000100000002,0.0,11.070254569,2130.816755056381,2118.3986745429984,2118.3762813870003,427,420,8020,160,264,,,,,
vf_w50,mcp4-n100-r08-10,1775.4665749360227,7545.000100000001,7545.000100000001,0.0,11.016917019,1764.4496579170227,1760.863112862,1760.8381109140007,492,487,3647,160,264,,,,,
vf_w50,mcp4-n100-r10-01,712.1702273741066,5748.000099999999,5748.000099999999,0.0,9.055987443,703.1142399311066,702.4986531580006,702.4861064469999,279,271,659,160,239,,,,,
vf_w50,mcp4-n100-r10-02,1182.5583146459855,5565.500150000002,5565.787670699831,5.166125093531013e-5,8.802103842,1173.7562108039856,1135.8153611970001,1135.7914386439995,505,493,61522,160,239,,,,,
vf_w50,mcp4-n100-r10-03,418.28136201919006,5742.0002,5742.0002,0.0,8.724541865,409.55682015419006,409.1577620980001,409.14877126999994,191,186,351,160,239,,,,,
vf_w50,mcp4-n100-r10-04,368.1135632890066,5337.000099999999,5337.000099999999,0.0,8.857765426,359.2557978630066,358.61804854900004,358.59784695399986,301,297,741,160,239,,,,,
vf_w50,mcp4-n100-r10-05,1044.9454231510235,5641.600120000006,5641.600120000006,0.0,8.40158918,1036.5438339710236,1023.6548225990007,1023.6202347210009,729,718,15185,160,239,,,,,
vf_w50,mcp4-n100-r10-06,601.6042727922427,4740.285857142861,4740.285857142861,0.0,8.848507831,592.7557649612427,590.6574196590002,590.6414814540001,340,337,1231,160,239,,,,,
vf_w50,mcp4-n100-r10-07,1436.3642716852069,4962.0001,4962.0001,0.0,9.120541617,1427.2437300682068,1422.855957333,1422.8250648590001,630,617,4067,160,239,,,,,
vf_w50,mcp4-n100-r10-08,1173.8420807477992,5207.200240000004,5207.200240000004,0.0,10.461734688,1163.3803460597992,1162.7423205890002,1162.7226342809997,374,366,575,160,239,,,,,
vf_w50,mcp4-n100-r10-09,1812.386045752821,5493.000200000001,5493.000200000001,0.0,9.745702802,1802.640342950821,1800.679985756999,1800.6429390930005,636,625,1090,160,239,,,,,
vf_w50,mcp4-n100-r10-10,409.3099929864002,5179.0000999999975,5179.0000999999975,0.0,8.17353602,401.13645696640015,400.6886727260001,400.6729620120002,315,307,338,160,239,,,,,
vf_w50,mcp4-n100-r12-01,838.2356577494612,4715.000100000001,4715.000100000001,0.0,6.091089783,832.1445679664612,830.5288712949995,830.5014224869999,601,590,1619,160,223,,,,,
vf_w50,mcp4-n100-r12-02,581.8667831435071,4416.750150000002,4416.750150000002,0.0,8.343303205,573.5234799385071,572.8178485650004,572.8013066310001,395,388,668,160,223,,,,,
vf_w50,mcp4-n100-r12-03,693.6007360152895,4371.0001,4371.0001,0.0,6.481476181,687.1192598342896,679.0449113100004,679.0266911019999,423,417,10957,160,223,,,,,
vf_w50,mcp4-n100-r12-04,1184.5796416273572,4026.000099999999,4026.000099999999,0.0,8.70819168,1175.8714499473572,1172.817551611999,1172.7859663949996,653,642,2061,160,223,,,,,
vf_w50,mcp4-n100-r12-05,518.006651617833,4321.000099999999,4321.000099999999,0.0,7.323452689,510.683198928833,507.51505319499984,507.48901259099944,528,519,2825,160,223,,,,,
vf_w50,mcp4-n100-r12-06,410.1266075651394,4808.0001,4808.0001,0.0,7.321050791,402.8055567741394,402.2194318650001,402.20497706199967,326,317,596,160,223,,,,,
vf_w50,mcp4-n100-r12-07,433.69264309656177,4274.000199999999,4274.000199999999,0.0,6.772755077,426.91988801956177,421.2639290429999,421.2445499019998,415,410,10159,160,223,,,,,
vf_w50,mcp4-n100-r12-08,667.1337683654486,4097.000133333332,4097.000133333332,0.0,6.699152515,660.4346158504486,658.0316106920002,658.0110484690003,457,449,3413,160,223,,,,,
vf_w50,mcp4-n100-r12-09,416.54603892817397,4716.0001,4716.0001,0.0,8.763156953,407.78288197517395,405.06969963700016,405.0493281969999,434,427,3859,160,223,,,,,
vf_w50,mcp4-n100-r12-10,539.446757560457,3990.0001000000016,3990.0001000000016,0.0,6.612913614,532.8338439464569,532.4054547220001,532.3851771489999,443,437,202,160,223,,,,,
vf_w50,mcp4-n100-r14-01,302.75880470409055,3127.0001,3127.2061561908417,6.589580564501311e-5,7.27223673,295.4865679740906,292.90255291600005,292.88773168300014,362,355,3122,160,211,,,,,
vf_w50,mcp4-n100-r14-02,108.26288009849732,3279.0001000000007,3279.0001000000007,0.0,6.38210417,101.88077592849731,101.56805462899999,101.56294574399999,139,137,336,160,211,,,,,
vf_w50,mcp4-n100-r14-03,309.9779119079513,3916.0001000000007,3916.0001000000007,0.0,5.515868861,304.4620430469513,303.3761282690002,303.357638808,439,428,765,160,211,,,,,
vf_w50,mcp4-n100-r14-04,254.06166063059118,3715.0001,3715.0002000000018,2.6917900100867742e-8,3.899425609,250.1622350215912,249.86428176799996,249.85398345100003,241,233,285,160,211,,,,,
vf_w50,mcp4-n100-r14-05,359.51315866951563,3551.0001,3551.0001,0.0,4.194402566,355.3187561035156,354.19542439900005,354.1812021490001,363,357,866,160,211,,,,,
vf_w50,mcp4-n100-r14-06,425.4890007978308,3210.0001500000017,3210.0001500000017,0.0,7.42492199,418.0640788078308,415.854063573,415.8347724139997,510,500,2962,160,211,,,,,
vf_w50,mcp4-n100-r14-07,355.4951614790763,3198.0002,3198.0002,0.0,5.557288354,349.9378731250763,349.063655988,349.0456333210001,507,500,646,160,211,,,,,
vf_w50,mcp4-n100-r14-08,154.0213397768468,3560.0001,3560.0001,0.0,4.669432762,149.3519070148468,149.07857856299998,149.073599281,137,133,78,160,211,,,,,
vf_w50,mcp4-n100-r14-09,280.6680095030482,3627.7501624999986,3627.7501624999986,0.0,4.949492438,275.7185170650482,275.04853393600007,275.03410909299976,375,367,710,160,211,,,,,
vf_w50,mcp4-n100-r14-10,192.36473368840345,3540.600139999999,3540.600139999999,0.0,6.277135603,186.08759808540344,185.51797347000004,185.50672334000004,264,260,733,160,211,,,,,
vf_w50,mcp4-n100-r16-01,224.66638807890294,3241.0001,3241.0001,0.0,3.705847069,220.96054100990295,220.28844596199988,220.27194443000008,372,366,731,160,202,,,,,
vf_w50,mcp4-n100-r16-02,180.11483161400037,2910.00015,2910.00015,0.0,4.355720448,175.75911116600037,175.407827242,175.3829834149999,296,289,174,160,202,,,,,
vf_w50,mcp4-n100-r16-03,252.00300038528502,3159.0000999999993,3159.0000999999993,0.0,3.510434515,248.49256587028503,248.08750879,248.06076581999997,396,389,199,160,202,,,,,
vf_w50,mcp4-n100-r16-04,170.53550944360057,3067.0001000000007,3067.0001000000007,0.0,5.079525328,165.4559841156006,165.03798393200003,165.02896273299996,219,214,311,160,202,,,,,
vf_w50,mcp4-n100-r16-05,229.29366201164368,2811.000100000001,2811.000100000001,0.0,5.649060905,223.64460110664368,222.8979450699999,222.88265073799994,352,341,705,160,202,,,,,
vf_w50,mcp4-n100-r16-06,99.03170775718456,2984.0001,2984.0001,0.0,4.607648843,94.42405891418457,94.14607598700003,94.13810924399999,173,169,203,160,202,,,,,
vf_w50,mcp4-n100-r16-07,203.10141053103968,2678.0001,2678.0001,0.0,5.721138381,197.38027215003967,196.94338812199993,196.92935032000017,316,304,392,160,202,,,,,
vf_w50,mcp4-n100-r16-08,279.7793423859137,3016.000200000008,3016.000200000008,0.0,4.629014465,275.1503279209137,273.83790849900004,273.82368328999996,334,327,1711,160,202,,,,,
vf_w50,mcp4-n100-r16-09,363.95849711545446,2889.0001599999987,2889.0001599999987,0.0,5.089040109,358.86945700645447,358.3449113649997,358.3218599529997,468,459,344,160,202,,,,,
vf_w50,mcp4-n100-r16-10,108.80639779506507,2992.0001,2992.0001,0.0,3.711735844,105.09466195106506,104.88823403199994,104.88123829899995,172,167,55,160,202,,,,,
vf_w50,mcp4-n110-r08-01,3695.287417018622,6754.875174999996,15374.211452065087,1.276017106721013,21.231155956,3674.056261062622,3668.9255733239997,3668.893130558998,599,593,4076,174,283,,,,,
vf_w50,mcp4-n110-r08-02,3812.487009921913,5910.714199999999,15054.60087017821,1.5470019968446809,23.286544958,3789.200464963913,3784.057213441999,3784.025748197001,630,622,4461,174,283,,,,,
vf_w50,mcp4-n110-r08-03,3613.077353867467,7201.166800000003,13646.96355235728,0.8951044922827333,21.125116023,3591.952237844467,3583.8729558190025,3583.8346685419974,774,765,6225,174,283,,,,,
vf_w50,mcp4-n110-r08-04,4061.534545478204,7257.000149999995,14792.798815402724,1.0384178737274428,20.901468572,4040.633076906204,4030.8202661840005,4030.784503513002,717,710,8076,174,283,,,,,
vf_w50,mcp4-n110-r08-05,3207.1454851158687,7733.3335000000025,7733.373808734314,5.21233622099849e-6,23.090439988,3184.0550451278687,3149.4354753750004,3149.409293973001,543,540,45558,174,283,,,,,
vf_w50,mcp4-n110-r08-06,4385.09357458734,7615.333516666662,15249.87428453601,1.0025221812230087,24.365847651,4360.72772693634,4342.501499574998,4342.467981747,632,625,9352,174,283,,,,,
vf_w50,mcp4-n110-r08-07,5442.354795817522,6598.000099999999,14383.22176505947,1.179936578821736,28.595993642,5413.758802175522,5408.693685824,5408.670970815998,376,372,4045,174,283,,,,,
vf_w50,mcp4-n110-r08-08,3722.8416200064694,8507.333466666674,12267.379109560914,0.44197699051374945,24.617700138,3698.2239198684692,3690.1406517619957,3690.110457570001,558,552,9387,174,283,,,,,
vf_w50,mcp4-n110-r08-09,3601.4789063943003,7859.857285714284,15174.195686171828,0.9305943014705559,24.955452205,3576.5234541893005,3569.82930275,3569.8021794469996,488,483,7380,174,283,,,,,
vf_w50,mcp4-n110-r08-10,3614.5392923244426,6158.714457142847,15561.332910094388,1.5267177133121395,23.768033255,3590.7712590694427,3582.8544809400037,3582.8184764949997,690,682,5908,174,283,,,,,
vf_w50,mcp4-n110-r10-01,2116.6517429510614,5975.0001,5975.0001,0.0,14.775363938,2101.8763790130615,2088.8151581609995,2088.7873870800004,556,552,16739,174,255,,,,,
vf_w50,mcp4-n110-r10-02,2707.572877504455,5588.000100000003,5588.000100000003,0.0,16.16523061,2691.407646894455,2682.160384721001,2682.118486884001,800,789,9442,174,255,,,,,
vf_w50,mcp4-n110-r10-03,3234.5335711248786,6293.2001400000045,6293.750173569578,8.740125172203966e-5,14.975148321,3219.558422803879,3150.1826477160043,3150.1457620020037,776,766,85837,174,255,,,,,
vf_w50,mcp4-n110-r10-04,3625.5234769001117,5736.000100000002,8200.129992505921,0.429590280604409,14.707461895,3610.8160150051117,3571.952371601002,3571.909585881,846,835,43518,174,255,,,,,
vf_w50,mcp4-n110-r10-05,1971.1941828133097,6081.666800000001,6081.666800000001,0.0,16.042558849,1955.1516239643097,1952.9530697730004,1952.9267548190014,504,498,1301,174,255,,,,,
vf_w50,mcp4-n110-r10-06,1823.0203979473736,6171.0000999999975,6171.0000999999975,0.0,12.060993002,1810.9594049453735,1808.9368837589993,1808.9130518629997,480,471,1794,174,255,,,,,
vf_w50,mcp4-n110-r10-07,2252.543550048682,6631.000100000005,6631.553291489361,8.342504614896962e-5,14.719183956,2237.824366092682,2237.21165155,2237.1909560920003,401,395,436,174,255,,,,,
vf_w50,mcp4-n110-r10-08,2074.9093118882565,6140.000149999998,6140.500099999999,8.142507944421846e-5,17.642823813,2057.2664880752563,2053.2804263560006,2053.2465266550003,652,644,3572,174,255,,,,,
vf_w50,mcp4-n110-r10-09,3778.8074986810766,6376.000150000005,6376.141304547385,2.2138416571288993e-5,16.354218709,3762.4532799720764,3754.191688922997,3754.1572516240026,612,600,7380,174,255,,,,,
vf_w50,mcp4-n110-r10-10,3622.9230807123795,5308.6667999999945,10444.044583459936,0.9673573379026061,18.034475833,3604.8886048793793,3584.7413568570014,3584.671190426999,741,733,19036,174,255,,,,,
vf_w50,mcp4-n110-r12-01,1346.0314449670652,5279.500149999998,5279.500149999998,0.0,8.400109947,1337.6313350200653,1325.5817484789995,1325.552390355,605,595,19301,174,237,,,,,
vf_w50,mcp4-n110-r12-02,887.4329627629197,4376.0000999999975,4376.0000999999975,0.0,12.334339964,875.0986227989197,874.4229087050005,874.4052477379997,420,415,621,174,237,,,,,
vf_w50,mcp4-n110-r12-03,886.3442745863309,5184.0001,5184.0001,0.0,12.140765494,874.2035090923309,873.4523000420003,873.4169009750005,404,394,743,174,237,,,,,
vf_w50,mcp4-n110-r12-04,743.9701205045031,4269.000100000001,4269.000100000001,0.0,11.750206545,732.2199139595032,731.7250480559998,731.7067656770001,371,365,355,174,237,,,,,
vf_w50,mcp4-n110-r12-05,890.9116495231659,4786.500150000002,4786.500150000002,0.0,13.8057757,877.1058738231659,837.3501017839993,837.3243445379997,551,547,61326,174,237,,,,,
vf_w50,mcp4-n110-r12-06,1443.4294641857828,4867.666799999998,4867.666799999998,0.0,12.514026249,1430.9154379367828,1423.2386942130006,1423.2083372949999,622,613,8875,174,237,,,,,
vf_w50,mcp4-n110-r12-07,1272.218606613149,5195.500150000002,5195.500150000002,0.0,11.861924551,1260.356682062149,1256.7980089700002,1256.7640056479995,649,641,2731,174,237,,,,,
vf_w50,mcp4-n110-r12-08,1415.5399308839524,4649.555699999999,4649.555699999999,0.0,13.841569964,1401.6983609199524,1399.9052379870002,1399.8792575499995,409,403,1143,174,237,,,,,
vf_w50,mcp4-n110-r12-09,1738.1873799421414,4766.000166666662,4766.000166666662,0.0,11.986876116,1726.2005038261414,1722.6221370139997,1722.5816890720005,688,683,2380,174,237,,,,,
vf_w50,mcp4-n110-r12-10,1123.7143477013576,4922.000100000001,4922.000100000001,0.0,12.832051616,1110.8822960853577,1110.1181995679992,1110.0941251000006,493,487,646,174,237,,,,,
vf_w50,mcp4-n110-r14-01,371.513171400484,4101.800180000001,4101.800180000001,0.0,6.495335545,365.017835855484,356.0603425429998,356.04452251300006,317,314,17063,174,224,,,,,
vf_w50,mcp4-n110-r14-02,822.2469711030171,4067.000133333331,4067.000133333331,0.0,9.443528148,812.8034429550171,811.9405365429999,811.9129961969999,632,624,516,174,224,,,,,
vf_w50,mcp4-n110-r14-03,635.3157783992618,4554.0001,4554.0001,0.0,7.797388459,627.5183899402618,616.9720170620001,616.9489674930002,534,524,13406,174,224,,,,,
vf_w50,mcp4-n110-r14-04,508.02826010180223,4383.000100000001,4383.000100000001,0.0,6.844774117,501.18348598480225,500.0742985069998,500.0574284890001,412,404,630,174,224,,,,,
vf_w50,mcp4-n110-r14-05,1074.9172039366988,3578.0001,3578.0001,0.0,9.777239833,1065.1399641036987,1063.0452023120004,1063.0147179489995,528,522,1477,174,224,,,,,
vf_w50,mcp4-n110-r14-06,1337.4109975047506,3597.0002000000027,3597.0002000000027,0.0,10.862013454,1326.5489840507507,1323.9846227909993,1323.947327256,582,573,1902,174,224,,,,,
vf_w50,mcp4-n110-r14-07,272.75781067659324,4315.166799999998,4315.506959505153,7.88288195845844e-5,9.027018631,263.73079204559326,256.03057133999977,256.011317881,310,306,10742,174,224,,,,,
vf_w50,mcp4-n110-r14-08,871.2945419803938,4166.6667999999945,4166.6667999999945,0.0,8.240491058,863.0540509223938,861.1615597269999,861.116962054,616,609,1306,174,224,,,,,
vf_w50,mcp4-n110-r14-09,649.8367982478258,4067.0002,4067.0002,0.0,7.859478292,641.9773199558258,634.520644451,634.4900236980004,502,494,9735,174,224,,,,,
vf_w50,mcp4-n110-r14-10,1206.1604119753852,3643.000199999999,3643.199881952741,5.4812501174756856e-5,12.384059093,1193.7763528823853,1182.8508294060002,1182.805634782,686,676,16701,174,224,,,,,
vf_w50,mcp4-n110-r16-01,417.1277497900251,3365.0001,3365.0001,0.0,5.633626808,411.49412298202515,408.5699410080001,408.5432908719999,400,393,4395,174,214,,,,,
vf_w50,mcp4-n110-r16-02,639.7935625598656,3295.000100000002,3295.000100000002,0.0,6.371735482,633.4218270778656,631.7220942200001,631.6932455860002,546,535,1208,174,214,,,,,
vf_w50,mcp4-n110-r16-03,286.92168621374583,3681.0002000000013,3681.0002000000013,0.0,6.555382293,280.36630392074585,275.43625192999986,275.42013222899993,305,302,6580,174,214,,,,,
vf_w50,mcp4-n110-r16-04,698.9908994734548,3299.3335000000006,3299.3335000000006,0.0,7.600394398,691.3905050754547,689.9994622899998,689.9741230650004,444,432,1185,174,214,,,,,
vf_w50,mcp4-n110-r16-05,540.3701391408193,3513.000100000001,3513.000100000001,0.0,5.162507076,535.2076320648193,534.5065752689995,534.4836660910004,392,383,607,174,214,,,,,
vf_w50,mcp4-n110-r16-06,455.5949030060586,3310.50015,3310.50015,0.0,6.084382071,449.5105209350586,431.87202529600023,431.83422383900006,512,503,22273,174,214,,,,,
vf_w50,mcp4-n110-r16-07,640.4664087442377,3346.0001000000007,3346.0001000000007,0.0,5.95560576,634.5108029842377,631.8073808139998,631.7856325409996,376,368,2890,174,214,,,,,
vf_w50,mcp4-n110-r16-08,348.5999890091007,3322.0001499999994,3322.0001499999994,0.0,5.774105859,342.8258831501007,342.26462851400004,342.24565994900007,336,329,386,174,214,,,,,
vf_w50,mcp4-n110-r16-09,162.687953525468,3576.0000999999997,3576.0000999999997,0.0,6.809508377,155.87844514846802,155.39250922700003,155.38297018499995,184,181,539,174,214,,,,,
vf_w50,mcp4-n110-r16-10,886.514778205465,3257.0001000000007,3257.0001000000007,0.0,7.834004232,878.680773973465,874.8757679040002,874.8404827110004,571,565,5363,174,214,,,,,
vf_w50,mcp4-n120-r08-01,3637.7282908374577,5165.000266666666,17764.225646859977,2.4393465110747163,36.690677684,3601.0376131534576,3594.3873572570014,3594.3501912070014,730,722,2797,190,304,,,,,
vf_w50,mcp4-n120-r08-02,3627.7084715829083,8684.000149999987,17620.953848006382,1.0291286899628171,37.902060555,3589.8064110279083,3579.4775561979986,3579.4465843239977,629,624,10189,190,304,,,,,
vf_w50,mcp4-n120-r08-03,3601.9481525689353,7962.000133333336,16836.60970356643,1.1146206256740783,35.183657673,3566.764494895935,3550.033084199,3550.001822591003,597,593,7827,190,304,,,,,
vf_w50,mcp4-n120-r08-04,4318.374562397881,6855.6667999999945,18309.082823518835,1.6706494579810747,39.182911292,4279.191651105881,4277.212590828,4277.182603181998,552,544,645,190,304,,,,,
vf_w50,mcp4-n120-r08-05,4748.311590550603,8276.333500000008,26581.043409631544,2.2116931259030967,35.302674411,4713.008916139603,4712.198583043001,4712.171702864002,468,462,501,190,304,,,,,
vf_w50,mcp4-n120-r08-06,4869.072043493608,8924.50015,20085.172319241337,1.2505655198225683,41.444910601,4827.627132892609,4827.055350098,4827.038258707001,280,275,309,190,304,,,,,
vf_w50,mcp4-n120-r08-07,3678.8692063493736,6992.1430714285725,18120.86087987672,1.5916032745271653,47.458411376,3631.4107949733734,3623.5830092930037,3623.555335499999,522,519,6765,190,304,,,,,
vf_w50,mcp4-n120-r08-08,3622.761440459896,7915.000150000004,17196.94907422409,1.1727035689600183,46.701228563,3576.0602118968964,3571.987053882002,3571.9543998839986,601,598,2039,190,304,,,,,
vf_w50,mcp4-n120-r08-09,3606.2781993159842,5465.000200000002,17767.252734292237,2.2510982770489614,53.890246273,3552.387953042984,3546.1658980059997,3546.1350375860034,558,554,1480,190,304,,,,,
vf_w50,mcp4-n120-r08-10,754.4263749081881,9149.000100000003,9149.000100000003,0.0,30.157079931,724.2692949771881,723.8273267219998,723.822103921,93,90,269,190,304,,,,,
vf_w50,mcp4-n120-r10-01,3871.3687230687,5059.000100000001,12431.32943055977,1.457270050372161,21.983329926,3849.3853931427,3821.312559742,3821.2494683129994,939,935,13663,190,274,,,,,
vf_w50,mcp4-n120-r10-02,5101.363493290137,7276.000099999999,12976.808526893798,0.7835085690685737,25.612167206,5075.751326084137,5072.928108021998,5072.873949056002,537,531,1389,190,274,,,,,
vf_w50,mcp4-n120-r10-03,3603.359385904931,5982.750124999991,12699.583915028898,1.1227000375565437,26.835956988,3576.523428916931,3570.9640056020003,3570.888315568998,656,651,3511,190,274,,,,,
vf_w50,mcp4-n120-r10-04,3299.436381239478,7145.33346666666,7145.860574978797,7.376958886467304e-5,23.554340262,3275.882040977478,3149.8567168140003,3149.7690218070034,765,760,138689,190,274,,,,,
vf_w50,mcp4-n120-r10-05,3608.0856806841534,6083.25015,12965.645625057005,1.1313681511283906,26.85794588,3581.2277348041534,3575.9346053040013,3575.846039725998,799,795,3172,190,274,,,,,
vf_w50,mcp4-n120-r10-06,3648.67452092249,6366.500150000021,12646.800100000004,0.9864603474485055,27.46468587,3621.2098350524902,3618.998683227002,3618.932253672999,571,564,1068,190,274,,,,,
vf_w50,mcp4-n120-r10-07,3816.1971693114406,6555.333466666672,10976.2823515685,0.6744048807557977,28.478842266,3787.7183270454407,3730.670099720002,3730.5104725710003,935,931,45123,190,274,,,,,
vf_w50,mcp4-n120-r10-08,3949.566115644679,5719.000100000001,8348.191872379437,0.45972927546887704,26.401012686,3923.165102958679,3920.268032630999,3920.1306954080005,636,629,606,190,274,,,,,
vf_w50,mcp4-n120-r10-09,3944.816089424639,6495.000100000002,9474.650818557531,0.4587606886345588,28.253042254,3916.563047170639,3886.6680883239987,3886.5277010570003,595,592,29286,190,274,,,,,
vf_w50,mcp4-n120-r10-10,4100.938114363916,5735.2001400000045,11825.571872197543,1.0619283692857375,28.847699363,4072.0904150009155,4067.5523278570004,4067.3824780849995,727,719,2419,190,274,,,,,
vf_w50,mcp4-n120-r12-01,2990.619222749804,5697.000100000001,5697.000100000001,0.0,15.405587782,2975.213634967804,2974.1611168319982,2974.124280754997,684,671,627,190,254,,,,,
vf_w50,mcp4-n120-r12-02,2206.098437773333,5520.000200000006,5520.320881033676,5.809438805283968e-5,18.060746657,2188.037691116333,2139.2403063519987,2139.2015385190007,586,582,76492,190,254,,,,,
vf_w50,mcp4-n120-r12-03,2182.863620686858,5226.00015,5226.00015,0.0,18.484908748,2164.378711938858,2159.8169752039994,2159.7774317119993,609,603,4767,190,254,,,,,
vf_w50,mcp4-n120-r12-04,2676.844687475443,5197.00015,5197.429237206612,8.256440142919112e-5,18.552380337,2658.292307138443,2634.1875826299997,2634.1560764629976,613,606,43661,190,254,,,,,
vf_w50,mcp4-n120-r12-05,1761.9765977977788,5477.000100000001,5477.000100000001,0.0,19.66160084,1742.314996957779,1735.4659695409998,1735.4325215700007,613,610,8095,190,254,,,,,
vf_w50,mcp4-n120-r12-06,2835.182264735243,5150.300149999995,5150.300149999995,0.0,18.440389802,2816.741874933243,2789.385488938999,2789.3421222610004,792,787,39938,190,254,,,,,
vf_w50,mcp4-n120-r12-07,2922.4665059677704,5552.000100000003,5552.000100000003,0.0,19.774692022,2902.6918139457703,2898.028032185996,2897.9845578169998,825,817,3892,190,254,,,,,
vf_w50,mcp4-n120-r12-08,3610.696098427115,5763.500149999995,10014.395944875341,0.737554556127729,19.5576304,3591.138468027115,3588.9975218369964,3588.955712687998,768,758,1205,190,254,,,,,
vf_w50,mcp4-n120-r12-09,1766.694578539778,5736.0000999999975,5736.0000999999975,0.0,19.971586358,1746.722992181778,1745.963968602001,1745.9370632200005,413,408,556,190,254,,,,,
vf_w50,mcp4-n120-r12-10,680.7976651580252,5593.0001,5593.0001,0.0,19.067432204,661.7302329540253,660.6440181650003,660.6257907940005,326,320,679,190,254,,,,,
vf_w50,mcp4-n120-r14-01,2066.1339571910185,4963.000100000001,4963.392321150732,7.902904348734952e-5,15.043633266,2051.0903239250183,2031.7613432039996,2031.6771805309986,743,733,27541,190,240,,,,,
vf_w50,mcp4-n120-r14-02,1644.1388132259383,4841.0001500000035,4841.0001500000035,0.0,12.266927211,1631.8718860149384,1623.4436802960013,1623.3592003080003,784,777,10839,190,240,,,,,
vf_w50,mcp4-n120-r14-03,718.2759521008988,4269.33346666667,4269.33346666667,0.0,15.608775139,702.6671769618988,701.5479811550002,701.5304797339995,358,348,1244,190,240,,,,,
vf_w50,mcp4-n120-r14-04,1817.8493732453196,4003.0001500000003,4003.0001500000003,0.0,18.895325327,1798.9540479183197,1795.5413172480005,1795.5146854659997,509,504,3375,190,240,,,,,
vf_w50,mcp4-n120-r14-05,503.98415660770644,4559.000100000002,4559.000100000002,0.0,13.645045518,490.3391110897064,489.833871894,489.82349811699993,235,231,406,190,240,,,,,
vf_w50,mcp4-n120-r14-06,2449.9897351203695,4695.000119999999,4695.393220393122,8.372745113432497e-5,14.524866098,2435.4648690223694,2305.553085143001,2305.4992207060027,817,807,137364,190,240,,,,,
vf_w50,mcp4-n120-r14-07,2181.5085817936224,4324.3334666666615,4324.64054408867,7.101150370934873e-5,14.775240815,2166.7333409786224,2104.0525647569984,2104.002587386002,975,966,94808,190,240,,,,,
vf_w50,mcp4-n120-r14-08,1446.3100296127327,4333.000200000004,4333.000200000004,0.0,12.877414571,1433.4326150417328,1426.2789642819998,1426.2588920750009,407,401,9838,190,240,,,,,
vf_w50,mcp4-n120-r14-09,2237.487511321684,4077.0001,4077.0992561181433,2.4320852516812045e-5,14.54966633,2222.937844991684,2221.220694088999,2221.1826583320003,689,675,1386,190,240,,,,,
vf_w50,mcp4-n120-r14-10,791.7450624362463,4344.000099999999,4344.000099999999,0.0,12.536639537,779.2084228992462,778.4929438799998,778.4715399599999,504,498,399,190,240,,,,,
vf_w50,mcp4-n120-r16-01,1505.6258767178208,3533.0001,3533.112377678714,3.1779698708126535e-5,10.125940614,1495.4999361038208,1492.905191949,1492.8760155249995,607,597,2292,190,229,,,,,
vf_w50,mcp4-n120-r16-02,978.439859326572,4065.0001500000026,4065.0001500000026,0.0,9.475796159,968.964063167572,966.9869009240006,966.960643031,552,546,2397,190,229,,,,,
vf_w50,mcp4-n120-r16-03,881.3879570724782,4025.4001400000025,4025.6667999999995,6.624434608308173e-5,7.281743026,874.1062140464783,867.0563566650002,867.0244059560001,575,567,9328,190,229,,,,,
vf_w50,mcp4-n120-r16-04,723.690808304484,3979.0001000000007,3979.0001000000007,0.0,12.358519324,711.332288980484,709.9032814290003,709.8772870340003,468,463,1281,190,229,,,,,
vf_w50,mcp4-n120-r16-05,603.0816583894447,3748.0001,3748.0001,0.0,9.868577268,593.2130811214447,591.968444134,591.94686477,383,376,710,190,229,,,,,
vf_w50,mcp4-n120-r16-06,1283.448481544118,3716.0001500000035,3716.0001500000035,0.0,12.94263862,1270.505842924118,1249.1078097960005,1249.0627007839998,778,769,24989,190,229,,,,,
vf_w50,mcp4-n120-r16-07,1163.7042790870096,3743.5002000000004,3743.5002000000004,0.0,10.506451271,1153.1978278160095,1151.642940424001,1151.6066397440004,614,606,1127,190,229,,,,,
vf_w50,mcp4-n120-r16-08,1283.1975069833645,3480.333466666666,3480.5714523550723,6.838013962904286e-5,13.380161841,1269.8173451423645,1255.6859796139986,1255.6531318150005,596,588,22158,190,229,,,,,
vf_w50,mcp4-n120-r16-09,518.511518635783,3623.0000999999997,3623.0000999999997,0.0,9.391220727,509.12029790878296,508.5150306100003,508.49644291599975,361,356,591,190,229,,,,,
vf_w50,mcp4-n120-r16-10,662.4283745675003,3788.000133333331,3788.1229692686416,3.2427648095747255e-5,12.570630589,649.8577439785004,632.2739908960002,632.2349098850008,702,699,24322,190,229,,,,,
vf_w80,mcp4-n070-r08-01,85.36871116126831,4283.000133333329,4283.000133333329,0.0,3.53375833,81.83495283126831,81.51617205899998,81.50980555299999,169,162,504,112,230,,,,,
vf_w80,mcp4-n070-r08-02,136.70338227309156,4517.500150000001,4517.500150000001,0.0,3.540825148,133.16255712509155,131.139767373,131.13245434700005,173,169,4484,112,230,,,,,
vf_w80,mcp4-n070-r08-03,134.48760797014415,3691.0002000000013,3691.033351292706,8.981655624019695e-6,3.514777913,130.97283005714417,129.61642303699998,129.60914326900004,185,178,2339,112,230,,,,,
vf_w80,mcp4-n070-r08-04,171.84302492913807,4690.000099999999,4690.020200502511,4.2858213397315215e-6,2.636630972,169.20639395713806,168.94601638300003,168.93701534100003,198,188,235,112,230,,,,,
vf_w80,mcp4-n070-r08-05,119.93793102333825,3845.0001,3845.0001,0.0,3.526807986,116.41112303733826,114.66662843499999,114.658693731,228,220,1987,112,230,,,,,
vf_w80,mcp4-n070-r08-06,95.31023212196179,4825.000150000001,4825.000150000001,0.0,3.210700233,92.09953188896179,91.86696418400003,91.85841958400002,160,155,219,112,230,,,,,
vf_w80,mcp4-n070-r08-07,105.61810878070655,3732.000100000003,3732.000100000003,0.0,3.746012719,101.87209606170654,101.23836588399999,101.232675908,162,152,716,112,230,,,,,
vf_w80,mcp4-n070-r08-08,96.33224416853356,4167.000099999998,4167.000099999998,0.0,3.633447181,92.69879698753357,91.77768650200002,91.769689792,223,217,927,112,230,,,,,
vf_w80,mcp4-n070-r08-09,232.48530262780787,4190.000100000001,4190.000100000001,0.0,3.155601681,229.32970094680786,228.88554188000018,228.87510847400006,285,276,487,112,230,,,,,
vf_w80,mcp4-n070-r08-10,35.71192753890894,4291.0001,4291.0001,0.0,2.957388526,32.754539012908936,32.603180531999996,32.60016172499999,85,83,85,112,230,,,,,
vf_w80,mcp4-n070-r10-01,53.233563568271244,3716.0002000000004,3716.0002000000004,0.0,1.970252659,51.26331090927124,49.985629286,49.979303882999965,182,179,1525,112,212,,,,,
vf_w80,mcp4-n070-r10-02,52.29566195240686,3023.0001500000017,3023.2850217118153,9.42347660199731e-5,2.755187776,49.54047417640686,48.050101925999975,48.045460325,129,124,1898,112,212,,,,,
vf_w80,mcp4-n070-r10-03,44.19257865767456,3403.0001,3403.0001,0.0,2.82973276,41.36284589767456,41.103228827999985,41.098266353999996,146,142,305,112,212,,,,,
vf_w80,mcp4-n070-r10-04,60.62638732435462,3412.2501500000008,3412.2501500000008,0.0,1.830434289,58.795953035354614,57.708226558,57.70227545800003,179,173,2226,112,212,,,,,
vf_w80,mcp4-n070-r10-05,39.025131302650394,3104.0001,3104.0001,0.0,2.058544236,36.96658706665039,36.71046974000001,36.70583094799999,126,122,295,112,212,,,,,
vf_w80,mcp4-n070-r10-06,24.8197787919989,3933.0002000000086,3933.0002000000086,0.0,0.54242479,24.2773540019989,24.181967784000015,24.178473281000002,101,98,15,112,212,,,,,
vf_w80,mcp4-n070-r10-07,64.54513745980358,3412.0001000000007,3412.0001000000007,0.0,1.434363658,63.11077380180359,62.934174255,62.92765007099999,197,189,124,112,212,,,,,
vf_w80,mcp4-n070-r10-08,41.97516947370337,3314.0001499999985,3314.0001499999985,0.0,1.738026434,40.23714303970337,39.960232130999984,39.95429627699999,157,151,325,112,212,,,,,
vf_w80,mcp4-n070-r10-09,51.765499024056275,3319.666800000002,3319.666800000002,0.0,3.094583182,48.670915842056274,46.34102924499998,46.336335305,136,131,4807,112,212,,,,,
vf_w80,mcp4-n070-r10-10,92.24333342911365,4003.5001499999994,4003.5001499999994,0.0,1.190574497,91.05275893211365,90.23907585100005,90.23062850900004,275,265,765,112,212,,,,,
vf_w80,mcp4-n070-r12-01,60.05124143876062,2717.000180000001,2717.000180000001,0.0,1.637115281,58.41412615776062,58.02927194900002,58.02102015899996,210,204,610,112,201,,,,,
vf_w80,mcp4-n070-r12-02,48.92417777965515,2701.3334666666665,2701.3334666666665,0.0,1.573520555,47.35065722465515,46.83404993700004,46.825909735,206,198,626,112,201,,,,,
vf_w80,mcp4-n070-r12-03,38.21840992962256,2729.0001,2729.0001,0.0,1.247005854,36.97140407562256,36.73612388299998,36.730396242999994,144,139,290,112,201,,,,,
vf_w80,mcp4-n070-r12-04,24.742989836880493,2555.0001,2555.0001,0.0,2.152464925,22.590524911880493,22.393034989999997,22.389732806000012,96,90,97,112,201,,,,,
vf_w80,mcp4-n070-r12-05,74.29454065694532,2196.000140000003,2196.000140000003,0.0,2.845245613,71.44929504394531,70.780095491,70.76572432800003,220,210,1015,112,201,,,,,
vf_w80,mcp4-n070-r12-06,36.794365287907596,2249.0000999999993,2249.0000999999993,0.0,1.674145342,35.12021994590759,34.984965747999986,34.97946532900001,141,138,104,112,201,,,,,
vf_w80,mcp4-n070-r12-07,48.383469203161496,2338.5002000000004,2338.5002000000004,0.0,2.258023122,46.1254460811615,45.848174606000015,45.84208837800003,156,150,377,112,201,,,,,
vf_w80,mcp4-n070-r12-08,55.3583312457727,2860.3334666666697,2860.3334666666697,0.0,1.74509911,53.613232135772705,51.739383255000014,51.732613295999975,176,171,2982,112,201,,,,,
vf_w80,mcp4-n070-r12-09,45.14494278412439,2674.0001,2674.0001,0.0,1.462943816,43.68199896812439,43.268753536999995,43.263212059,145,139,773,112,201,,,,,
vf_w80,mcp4-n070-r12-10,27.72675381273877,2880.0002000000013,2880.0002000000013,0.0,1.359515768,26.36723804473877,26.060554494999998,26.05567697199999,122,119,610,112,201,,,,,
vf_w80,mcp4-n070-r14-01,35.77499708797717,2391.666800000002,2391.817832751877,6.314957914513468e-5,1.431468102,34.34352898597717,32.852845824000006,32.847669523,183,172,2282,112,192,,,,,
vf_w80,mcp4-n070-r14-02,29.393528858679687,1915.5001499999996,1915.5001499999996,0.0,1.233204762,28.160324096679688,27.988649797000008,27.985077595,139,133,163,112,192,,,,,
vf_w80,mcp4-n070-r14-03,36.422963694614744,2035.571571428572,2035.571571428572,0.0,0.841894702,35.581068992614746,35.29806071600001,35.29316663199999,188,180,592,112,192,,,,,
vf_w80,mcp4-n070-r14-04,28.97681920410657,2220.00015,2220.00015,0.0,0.427032398,28.549786806106567,28.344732087999997,28.340116018000014,160,154,150,112,192,,,,,
vf_w80,mcp4-n070-r14-05,19.620521546267945,1797.500150000001,1797.500150000001,0.0,1.648195506,17.972326040267944,17.821840449,17.818732466000007,100,96,174,112,192,,,,,
vf_w80,mcp4-n070-r14-06,17.67382590793164,2060.0001999999995,2060.0001999999995,0.0,1.875878978,15.79794692993164,15.110909797000005,15.107955056,90,88,778,112,192,,,,,
vf_w80,mcp4-n070-r14-07,29.752391562637207,2126.0000999999997,2126.0000999999997,0.0,0.957556472,28.794835090637207,28.634460830999995,28.628698076000003,167,159,119,112,192,,,,,
vf_w80,mcp4-n070-r14-08,41.75665493620325,1959.0001000000002,1959.0001000000002,0.0,1.233160931,40.52349400520325,40.280445635,40.275027262000016,164,157,388,112,192,,,,,
vf_w80,mcp4-n070-r14-09,38.714717034130246,1995.000100000003,1995.000100000003,0.0,1.115455035,37.59926199913025,37.34827190099998,37.34162275100001,169,163,346,112,192,,,,,
vf_w80,mcp4-n070-r14-10,36.717001007135984,2080.0001,2080.0001,0.0,1.577210949,35.139790058135986,34.99682240999999,34.99071961500002,177,170,121,112,192,,,,,
vf_w80,mcp4-n070-r16-01,24.319758565307982,2000.0001000000004,2000.0001000000004,0.0,0.653361709,23.666396856307983,23.498607221000018,23.491456534999998,139,133,177,112,186,,,,,
vf_w80,mcp4-n070-r16-02,17.621543383879395,1713.0001,1713.0001,0.0,0.501711345,17.119832038879395,16.846582924,16.841095747,106,101,479,112,186,,,,,
vf_w80,mcp4-n070-r16-03,32.292701217123415,1780.0001333333341,1780.0001333333341,0.0,1.12653515,31.166166067123413,30.932817464000003,30.92495374400001,157,150,245,112,186,,,,,
vf_w80,mcp4-n070-r16-04,21.025836946798705,2174.000149999999,2174.000149999999,0.0,0.828212025,20.197624921798706,19.854177968000005,19.847404998999995,144,139,669,112,186,,,,,
vf_w80,mcp4-n070-r16-05,26.061004956285522,1872.0001000000002,1872.0001000000002,0.0,0.901342948,25.159662008285522,23.77183692499999,23.76481825100001,146,141,2833,112,186,,,,,
vf_w80,mcp4-n070-r16-06,30.219590083964235,1821.2501250000014,1821.2501250000014,0.0,0.96621813,29.253371953964233,29.035708388000003,29.028914928000003,142,135,350,112,186,,,,,
vf_w80,mcp4-n070-r16-07,15.16787446927124,1802.5001499999992,1802.5001499999992,0.0,1.68581356,13.48206090927124,13.301983380999996,13.298190992000002,81,77,177,112,186,,,,,
vf_w80,mcp4-n070-r16-08,31.47511329958618,1836.0001000000002,1836.0001000000002,0.0,1.04416838,30.43094491958618,30.182534117000003,30.173192303,192,186,334,112,186,,,,,
vf_w80,mcp4-n070-r16-09,32.334734391915774,1988.0000999999997,1988.0000999999997,0.0,1.113896322,31.22083806991577,31.059770418999985,31.050713290999987,192,185,120,112,186,,,,,
vf_w80,mcp4-n070-r16-10,25.986172868521486,1810.0001666666667,1810.0001666666667,0.0,0.814606859,25.171566009521484,23.811274368999996,23.802999104999998,163,159,3266,112,186,,,,,
vf_w80,mcp4-n080-r08-01,323.99557805132883,4810.833483333336,4811.000199999986,3.4654424691234685e-5,5.503204108,318.49237394332886,302.3196533129998,302.3043552470003,383,378,25065,128,251,,,,,
vf_w80,mcp4-n080-r08-02,325.2423398497162,5122.000299999998,5122.000299999998,0.0,5.074977875,320.1673619747162,319.7289836660001,319.7152753140001,353,345,355,128,251,,,,,
vf_w80,mcp4-n080-r08-03,256.0359679986034,6000.000099999999,6000.000099999999,0.0,4.782267027,251.2537009716034,245.87148595400012,245.8635247489999,202,197,7878,128,251,,,,,
vf_w80,mcp4-n080-r08-04,482.4721115590087,5927.111266666671,5927.111266666671,0.0,4.177053547,478.29505801200867,476.6407994800001,476.62631469599984,371,360,1610,128,251,,,,,
vf_w80,mcp4-n080-r08-05,277.6895160856011,5400.000100000001,5400.000100000001,0.0,5.601592082,272.0879240036011,270.520631683,270.510032305,278,272,1287,128,251,,,,,
vf_w80,mcp4-n080-r08-06,240.25454190583167,4848.000200000002,4848.000200000002,0.0,5.156833919,235.09770798683167,226.17043497900002,226.15428785600005,397,393,14732,128,251,,,,,
vf_w80,mcp4-n080-r08-07,130.74602392861206,4926.000150000002,4926.000150000002,0.0,4.822264945,125.92375898361206,124.93213773100001,124.92473173399999,178,174,906,128,251,,,,,
vf_w80,mcp4-n080-r08-08,241.90216753688085,5168.000100000001,5168.000100000001,0.0,5.288859584,236.61330795288086,235.50002130399994,235.490875854,227,220,1720,128,251,,,,,
vf_w80,mcp4-n080-r08-09,478.27073705830054,5038.500150000002,5038.500150000002,0.0,5.954314119,472.31642293930054,470.65447269900034,470.6363868229999,407,401,1423,128,251,,,,,
vf_w80,mcp4-n080-r08-10,713.1384942747939,4610.000100000001,4610.000100000001,0.0,6.246596358,706.8918979167938,704.2298698180001,704.1858668409999,522,506,2599,128,251,,,,,
vf_w80,mcp4-n080-r10-01,107.33280773116357,3691.0001500000026,3691.0001500000026,0.0,3.906382751,103.42642498016357,103.05418421999998,103.046971247,190,184,579,128,231,,,,,
vf_w80,mcp4-n080-r10-02,195.11372373513024,3995.2501500000017,3995.2501500000017,0.0,4.078914861,191.03480887413025,188.77829965799998,188.76525344300012,314,308,3306,128,231,,,,,
vf_w80,mcp4-n080-r10-03,150.85976826334485,4124.000099999999,4124.000099999999,0.0,3.798316113,147.06145215034485,142.97993167199996,142.97037181300004,233,225,6931,128,231,,,,,
vf_w80,mcp4-n080-r10-04,178.01560407867578,4292.000200000001,4292.026758541543,6.1879171258699476e-6,2.756502211,175.25910186767578,169.15533425200007,169.142396651,299,293,8741,128,231,,,,,
vf_w80,mcp4-n080-r10-05,180.25399355131128,3823.0002,3823.0934154788547,2.4382807736903864e-5,3.919658701,176.33433485031128,174.548753694,174.53760744999985,281,274,2224,128,231,,,,,
vf_w80,mcp4-n080-r10-06,183.90283722697924,4038.0001000000016,4038.0001000000016,0.0,3.740751217,180.16208600997925,179.68836621300005,179.67421032399992,331,324,645,128,231,,,,,
vf_w80,mcp4-n080-r10-07,142.69562337169958,3943.0001,3943.0001,0.0,3.086483214,139.60914015769958,139.01649279200004,139.00540510600004,279,270,537,128,231,,,,,
vf_w80,mcp4-n080-r10-08,114.35769606351391,4339.000099999999,4339.000099999999,0.0,3.414792068,110.94290399551392,110.59636341999997,110.58674394000005,244,238,439,128,231,,,,,
vf_w80,mcp4-n080-r10-09,191.98857469782214,3860.000100000001,3860.000100000001,0.0,4.293772652,187.69480204582214,186.8506136720001,186.8384672970001,285,278,1170,128,231,,,,,
vf_w80,mcp4-n080-r10-10,122.70592277560401,4385.500150000001,4385.500150000001,0.0,3.410343819,119.295578956604,119.015287126,119.00874561199998,167,159,253,128,231,,,,,
vf_w80,mcp4-n080-r12-01,151.0998023971144,3733.0000999999993,3733.0000999999993,0.0,1.503430508,149.59637188911438,148.74606328799996,148.73293838499995,301,290,545,128,218,,,,,
vf_w80,mcp4-n080-r12-02,70.63330306700085,3525.5001500000003,3525.5001500000003,0.0,2.480533263,68.15276980400085,67.03326863099997,67.02633749599998,177,175,2108,128,218,,,,,
vf_w80,mcp4-n080-r12-03,116.40190814731837,3056.0000999999993,3056.0000999999993,0.0,3.173976171,113.22793197631836,112.64688604299997,112.63498304400001,293,286,765,128,218,,,,,
vf_w80,mcp4-n080-r12-04,46.804690649684936,3247.0002,3247.0002,0.0,2.335387757,44.46930289268494,44.283596233000026,44.27815558300001,134,131,60,128,218,,,,,
vf_w80,mcp4-n080-r12-05,172.45693904887526,3280.0001,3280.0001,0.0,3.054299183,169.40263986587524,168.37530829599993,168.349421069,383,373,980,128,218,,,,,
vf_w80,mcp4-n080-r12-06,149.97547673171974,3081.333466666668,3081.333466666668,0.0,2.554675569,147.42080116271973,144.3156233760001,144.30218665,340,330,4550,128,218,,,,,
vf_w80,mcp4-n080-r12-07,78.08242866768177,2996.000199999999,2996.000199999999,0.0,3.168000672,74.91442799568176,74.63566869999998,74.628052166,173,166,252,128,218,,,,,
vf_w80,mcp4-n080-r12-08,107.58196833134815,2750.0000999999997,2750.0000999999997,0.0,4.135781312,103.44618701934814,102.10847753900003,102.09826381099998,253,249,1525,128,218,,,,,
vf_w80,mcp4-n080-r12-09,105.71895728179078,3034.0001000000007,3034.0001000000007,0.0,2.268871165,103.45008611679077,103.16601048699998,103.15688218399994,235,228,189,128,218,,,,,
vf_w80,mcp4-n080-r12-10,117.99765604696607,3249.0001,3249.0001,0.0,3.054197013,114.94345903396606,114.561213064,114.55183546399998,239,234,385,128,218,,,,,
vf_w80,mcp4-n080-r14-01,73.4102549808667,2692.0001,2692.0001,0.0,2.18961003,71.2206449508667,70.87638836799998,70.866631521,183,176,516,128,209,,,,,
vf_w80,mcp4-n080-r14-02,42.557424109517335,2471.000200000001,2471.000200000001,0.0,2.394065898,40.163358211517334,39.979217506000005,39.97199945799999,129,124,128,128,209,,,,,
vf_w80,mcp4-n080-r14-03,72.70122027208838,2417.500149999996,2417.500149999996,0.0,1.925569294,70.77565097808838,70.34307420400002,70.330917768,239,234,727,128,209,,,,,
vf_w80,mcp4-n080-r14-04,58.076528823089234,2289.0001,2289.0001,0.0,2.097326791,55.97920203208923,55.722492209000016,55.71525415399998,169,165,333,128,209,,,,,
vf_w80,mcp4-n080-r14-05,88.28633077032862,2817.0000999999993,2817.0000999999993,0.0,1.596254896,86.69007587432861,86.43211056400004,86.42177760400004,245,234,181,128,209,,,,,
vf_w80,mcp4-n080-r14-06,40.469182372496945,2750.500150000002,2750.500150000002,0.0,1.736189485,38.73299288749695,38.570133201000004,38.563778559,128,125,41,128,209,,,,,
vf_w80,mcp4-n080-r14-07,68.88983674322253,2926.0001,2926.0001,0.0,1.617607787,67.27222895622253,66.794840119,66.78381484999998,251,244,621,128,209,,,,,
vf_w80,mcp4-n080-r14-08,89.34704325324927,2455.500149999998,2455.500149999998,0.0,1.800324179,87.54671907424927,87.11541246000003,87.10258511399998,260,252,571,128,209,,,,,
vf_w80,mcp4-n080-r14-09,53.56425445669177,2462.5001500000008,2462.5001500000008,0.0,2.316152507,51.24810194969177,50.91212816699997,50.902890323000015,167,164,215,128,209,,,,,
vf_w80,mcp4-n080-r14-10,33.89741530815759,2858.000133333334,2858.000133333334,0.0,1.013035206,32.88438010215759,32.763951174999995,32.74018783099999,97,94,61,128,209,,,,,
vf_w80,mcp4-n080-r16-01,49.32097756191699,2328.0001000000007,2328.0001000000007,0.0,1.127711647,48.19326591491699,48.037875107999994,48.034244656999995,177,171,39,128,201,,,,,
vf_w80,mcp4-n080-r16-02,48.472679042962284,2142.500217391283,2142.500217391283,0.0,1.409176016,47.06350302696228,45.67998936199999,45.673872235000005,174,166,3116,128,201,,,,,
vf_w80,mcp4-n080-r16-03,36.14351984415906,1936.5001500000014,1936.5001500000014,0.0,1.126991953,35.01652789115906,34.86964364500002,34.86625187000001,155,148,117,128,201,,,,,
vf_w80,mcp4-n080-r16-04,52.29253486334912,2156.750149999999,2156.750149999999,0.0,0.734811818,51.55772304534912,49.048489296000014,49.043572302,282,279,4567,128,201,,,,,
vf_w80,mcp4-n080-r16-05,58.15339609633008,2229.0001,2229.0001,0.0,1.825313058,56.32808303833008,55.99297099399999,55.986964526,192,181,664,128,201,,,,,
vf_w80,mcp4-n080-r16-06,43.056480800193484,2299.0001,2299.0001,0.0,1.27139393,41.78508687019348,41.525820620999994,41.52158971,189,185,269,128,201,,,,,
vf_w80,mcp4-n080-r16-07,74.79087965435632,2319.6668333333337,2319.6668333333337,0.0,1.605402636,73.18547701835632,71.63032424299999,71.62092689899997,261,251,3211,128,201,,,,,
vf_w80,mcp4-n080-r16-08,29.675850632215333,1812.0001000000002,1812.0001000000002,0.0,1.498172524,28.177678108215332,27.98978345500001,27.986672000999995,133,126,99,128,201,,,,,
vf_w80,mcp4-n080-r16-09,31.66325411051465,1992.0001,1992.0001,0.0,1.692362158,29.97089195251465,29.820405566999995,29.817175527999986,153,147,108,128,201,,,,,
vf_w80,mcp4-n080-r16-10,45.54915820313696,1627.0001000000002,1627.0001000000002,0.0,1.581035244,43.96812295913696,43.71610201599998,43.709775915,204,195,312,128,201,,,,,
vf_w80,mcp4-n090-r08-01,381.74560591549647,6051.333466666663,6051.346293952035,2.1197452499307295e-6,8.802756041,372.94284987449646,372.4349865229999,372.4252577449999,215,208,475,144,273,,,,,
vf_w80,mcp4-n090-r08-02,545.2798170555062,6350.000100000004,6350.000100000004,0.0,6.832935046,538.4468820095062,537.049156218,537.0323642050002,377,371,776,144,273,,,,,
vf_w80,mcp4-n090-r08-03,803.4435720886567,6544.400120000004,6544.944656046625,8.320641107454672e-5,7.8377202,795.6058518886566,774.1528903459996,774.1274592550004,541,535,29018,144,273,,,,,
vf_w80,mcp4-n090-r08-04,958.282753900276,5604.000199999999,5604.000199999999,0.0,8.713497833,949.569256067276,947.4040384450004,947.3814272029997,441,432,1485,144,273,,,,,
vf_w80,mcp4-n090-r08-05,1338.7159146321533,5733.500149999993,5733.615746258501,2.0161551492773383e-5,9.128586675,1329.5873279571533,1326.8311120170001,1326.8051284809992,532,523,2015,144,273,,,,,
vf_w80,mcp4-n090-r08-06,1258.4892524259863,6854.833483333332,6854.833483333332,0.0,9.04294429,1249.4463081359863,1247.2268168949995,1247.2079044800005,379,368,2021,144,273,,,,,
vf_w80,mcp4-n090-r08-07,853.5078945802064,6628.500149999998,6628.500149999998,0.0,7.566244428,845.9416501522064,845.2810353659996,845.2674579960002,358,352,677,144,273,,,,,
vf_w80,mcp4-n090-r08-08,1083.3074360842477,5870.000150000002,5870.000150000002,0.0,8.994209146,1074.3132269382477,1049.4355167529993,1049.4062353439992,676,666,38009,144,273,,,,,
vf_w80,mcp4-n090-r08-09,866.832640082141,5690.500150000002,5691.060372731858,9.844876848933947e-5,7.965466172,858.867173910141,822.9140411050003,822.8904953450001,536,529,55230,144,273,,,,,
vf_w80,mcp4-n090-r08-10,1055.9975938757589,6615.0001,6615.0001,0.0,8.896601673,1047.1009922027588,1046.549205186,1046.5308452670004,380,373,475,144,273,,,,,
vf_w80,mcp4-n090-r10-01,852.6485168168147,5127.500150000002,5127.500150000002,0.0,6.883766813,845.7647500038147,844.2190807899997,844.1862302489994,463,454,1243,144,250,,,,,
vf_w80,mcp4-n090-r10-02,410.54674627225256,4945.000199999999,4945.000199999999,0.0,6.240292329,404.30645394325256,395.22286748299973,395.20726475099985,362,357,18925,144,250,,,,,
vf_w80,mcp4-n090-r10-03,671.374509280505,4279.000100000001,4279.000100000001,0.0,7.573883241,663.800626039505,663.2875817600003,663.270223456,376,369,318,144,250,,,,,
vf_w80,mcp4-n090-r10-04,540.742232195262,4416.000100000001,4416.000100000001,0.0,6.518982283,534.223249912262,532.2205918850002,532.2008529119997,466,455,1832,144,250,,,,,
vf_w80,mcp4-n090-r10-05,695.0368920498574,4297.000100000001,4297.0002,2.3272049561454953e-8,7.577011221,687.4598808288574,673.1901216370004,673.1694326519997,454,445,33198,144,250,,,,,
vf_w80,mcp4-n090-r10-06,797.3486366779854,4412.0002,4412.0002,0.0,7.047067693,790.3015689849854,784.2192067789999,784.1946233109998,544,531,9974,144,250,,,,,
vf_w80,mcp4-n090-r10-07,216.3396032687196,4309.0001,4309.0001,0.0,6.313115203,210.0264880657196,209.682371888,209.67278364199993,217,212,196,144,250,,,,,
vf_w80,mcp4-n090-r10-08,258.8780802996321,4828.000133333335,4828.000133333335,0.0,4.896348408,253.98173189163208,251.057923986,251.04553258899998,300,295,4141,144,250,,,,,
vf_w80,mcp4-n090-r10-09,175.71210929191955,5061.0001,5061.0001,0.0,5.98826834,169.72384095191956,169.373996223,169.36546677299995,198,195,172,144,250,,,,,
vf_w80,mcp4-n090-r10-10,501.76861525839075,4562.400140000001,4562.400140000001,0.0,6.377079261,495.39153599739075,493.72406764799996,493.70946143399976,328,319,1499,144,250,,,,,
vf_w80,mcp4-n090-r12-01,253.19168469228185,3706.4001400000016,3706.4001400000016,0.0,4.894618719,248.29706597328186,243.92188992800016,243.9101485070001,269,267,7087,144,235,,,,,
vf_w80,mcp4-n090-r12-02,210.3009357171245,3871.000149999998,3871.000149999998,0.0,4.695326777,205.6056089401245,205.21817204399989,205.19548934900007,236,231,362,144,235,,,,,
vf_w80,mcp4-n090-r12-03,272.6413381448126,3755.0001,3755.0001,0.0,5.425613915,267.2157242298126,266.74879820900003,266.72480567899987,332,322,439,144,235,,,,,
vf_w80,mcp4-n090-r12-04,316.4062410572666,3608.0001500000008,3608.0001500000008,0.0,5.535030959,310.8712100982666,308.2732858439998,308.2539051490001,476,465,2443,144,235,,,,,
vf_w80,mcp4-n090-r12-05,172.36661856164758,3550.0001,3550.0001,0.0,5.152826476,167.21379208564758,166.9323806639999,166.92400941899987,217,210,229,144,235,,,,,
vf_w80,mcp4-n090-r12-06,87.1751065558153,3339.0002000000004,3339.0002000000004,0.0,5.100900442,82.07420611381531,81.75977263699998,81.75378086900001,161,158,280,144,235,,,,,
vf_w80,mcp4-n090-r12-07,363.81157989909667,3782.5001500000058,3782.5001500000058,0.0,4.20115395,359.6104259490967,357.90723501099995,357.88937221399954,412,401,1377,144,235,,,,,
vf_w80,mcp4-n090-r12-08,313.29158436426565,3672.0001000000007,3672.0001500000008,1.3616557390925943e-8,6.301441542,306.9901428222656,299.9155385870002,299.8986663630001,423,416,10779,144,235,,,,,
vf_w80,mcp4-n090-r12-09,143.80494617159718,4184.000100000001,4184.000100000001,0.0,3.364338147,140.44060802459717,139.49366517600012,139.48299521100003,280,274,591,144,235,,,,,
vf_w80,mcp4-n090-r12-10,248.6795575459905,3350.333466666667,3350.333466666667,0.0,5.332463487,243.34709405899048,242.526458295,242.51372494900005,311,301,954,144,235,,,,,
vf_w80,mcp4-n090-r14-01,144.24472578709583,3413.000100000001,3413.2858142857144,8.371352983942519e-5,2.728475892,141.51624989509583,141.327043682,141.32158969200006,229,222,118,144,225,,,,,
vf_w80,mcp4-n090-r14-02,88.11057342826514,3182.000149999997,3182.000149999997,0.0,3.297292369,84.81328105926514,82.50967909799995,82.50599529900005,176,173,3735,144,225,,,,,
vf_w80,mcp4-n090-r14-03,157.06113818600844,3149.0001999999995,3149.1250999999993,3.9663382682477364e-5,3.910175118,153.15096306800842,152.8628943530001,152.85176732499997,249,241,227,144,225,,,,,
vf_w80,mcp4-n090-r14-04,200.2539684566787,3646.0000999999997,3646.0000999999997,0.0,2.986430386,197.2675380706787,196.60883547299997,196.5965258909998,344,337,606,144,225,,,,,
vf_w80,mcp4-n090-r14-05,156.25220718493787,3044.000100000001,3044.000100000001,0.0,3.779839183,152.47236800193787,152.10204253299997,152.08712218600004,329,324,401,144,225,,,,,
vf_w80,mcp4-n090-r14-06,127.22449643098889,3399.3334666666697,3399.3334666666697,0.0,3.485894508,123.73860192298889,123.43193925899996,123.42578974100002,212,207,311,144,225,,,,,
vf_w80,mcp4-n090-r14-07,174.44232233039355,2659.6668333333323,2659.6668333333323,0.0,3.299944477,171.14237785339355,170.45773812500005,170.44388568899976,348,340,738,144,225,,,,,
vf_w80,mcp4-n090-r14-08,229.90223752985267,2623.500133333331,2623.500133333331,0.0,4.271739359,225.63049817085266,224.89629452600008,224.88103678800007,402,392,723,144,225,,,,,
vf_w80,mcp4-n090-r14-09,129.58154127520262,2984.000200000001,2984.000200000001,0.0,4.037425255,125.54411602020264,123.52897951700002,123.52138609599996,273,270,2446,144,225,,,,,
vf_w80,mcp4-n090-r14-10,115.24793724729969,2664.0000999999997,2664.0000999999997,0.0,3.541315362,111.70662188529968,111.40355152600002,111.39807434100003,234,227,234,144,225,,,,,
vf_w80,mcp4-n090-r16-01,121.77877620228027,2082.333466666666,2082.333466666666,0.0,3.355827365,118.42294883728027,118.01123805200001,118.00258819700001,266,255,551,144,217,,,,,
vf_w80,mcp4-n090-r16-02,123.38787231943762,2594.0001500000017,2594.0001500000017,0.0,2.974638324,120.41323399543762,119.71613523499994,119.70988196500004,313,304,816,144,217,,,,,
vf_w80,mcp4-n090-r16-03,90.13696978188928,2573.33346666667,2573.33346666667,0.0,2.937151886,87.19981789588928,86.27377141799998,86.26543838999997,204,199,1070,144,217,,,,,
vf_w80,mcp4-n090-r16-04,98.26650810208777,2174.000139999999,2174.000139999999,0.0,3.204610109,95.06189799308777,93.89786826599996,93.89250891199998,200,193,1557,144,217,,,,,
vf_w80,mcp4-n090-r16-05,87.0346599165011,2710.0001500000003,2710.0001500000003,0.0,2.316896731,84.7177631855011,84.38029658999997,84.37364729400002,211,204,589,144,217,,,,,
vf_w80,mcp4-n090-r16-06,114.9242434011947,2677.0001,2677.0001,0.0,3.129619311,111.7946240901947,111.44233657399995,111.43623789799999,260,252,348,144,217,,,,,
vf_w80,mcp4-n090-r16-07,112.93009522915295,2343.00015,2343.00015,0.0,2.365550313,110.56454491615295,110.06688056600002,110.04697417399997,274,267,753,144,217,,,,,
vf_w80,mcp4-n090-r16-08,65.41857944922315,2537.0001000000007,2537.0001000000007,0.0,2.104472508,63.314106941223145,63.07474392699999,63.068280918000006,156,152,159,144,217,,,,,
vf_w80,mcp4-n090-r16-09,89.42405872052686,2431.0002,2431.0002,0.0,3.799200818,85.62485790252686,85.23034722799994,85.22429493300004,201,197,485,144,217,,,,,
vf_w80,mcp4-n090-r16-10,205.68124084245375,2754.0001,2754.0001,0.0,2.292896793,203.38834404945374,202.34443260899997,202.330539261,328,319,1473,144,217,,,,,
vf_w80,mcp4-n100-r08-01,2645.4757685311724,6727.000200000006,6727.000200000006,0.0,12.953722442,2632.5220460891724,2623.8518496440006,2623.820900539999,624,616,7644,160,294,,,,,
vf_w80,mcp4-n100-r08-02,2068.5552038783203,7489.764852941178,7489.764852941178,0.0,10.571214878,2057.9839890003204,2054.1220634890014,2054.0992466539988,468,461,3456,160,294,,,,,
vf_w80,mcp4-n100-r08-03,2472.2260807191856,7652.500149999999,7652.727372727273,2.9692613240162883e-5,11.473470751,2460.7526099681854,2458.510646424001,2458.484437672998,537,532,1362,160,294,,,,,
vf_w80,mcp4-n100-r08-04,764.3686262800409,6973.6668,6973.6668,0.0,10.953426285,753.4151999950409,752.5448389260002,752.5312290329999,298,292,1032,160,294,,,,,
vf_w80,mcp4-n100-r08-05,1942.3440882384684,7837.0001,7837.0001,0.0,10.085656327,1932.2584319114685,1930.1635149019994,1930.1345904549994,578,572,1300,160,294,,,,,
vf_w80,mcp4-n100-r08-06,3123.8508821283426,6773.400139999998,6773.625100000001,3.321227084676461e-5,13.658550099,3110.1923320293427,3105.872144392,3105.8405490139985,613,602,4677,160,294,,,,,
vf_w80,mcp4-n100-r08-07,3756.5169003232,7155.000150000002,7384.450065110341,0.03206847104123947,14.227532409,3742.2893679142,3702.565017163998,3702.4998899380003,824,812,52550,160,294,,,,,
vf_w80,mcp4-n100-r08-08,1552.8532730208065,7455.000166666665,7455.285637280692,3.829250270219705e-5,12.380329238,1540.4729437828064,1520.1236873589999,1520.096123225,579,573,32306,160,294,,,,,
vf_w80,mcp4-n100-r08-09,1372.7093295469904,8006.000100000002,8006.000100000002,0.0,11.19600171,1361.5133278369904,1355.0179990010004,1354.9991960339999,391,385,10469,160,294,,,,,
vf_w80,mcp4-n100-r08-10,1457.080525720505,7545.000099999999,7545.000099999999,0.0,10.937884653,1446.1426410675049,1445.1929855009998,1445.1661532570006,527,520,778,160,294,,,,,
vf_w80,mcp4-n100-r10-01,1860.07483288387,5748.0001,5748.0001,0.0,9.203609911,1850.8712229728699,1847.1097994519987,1847.0492440739993,600,588,2554,160,269,,,,,
vf_w80,mcp4-n100-r10-02,1384.419291466157,5565.500150000001,5566.027395015597,9.473452544893669e-5,8.904914349,1375.514377117157,1335.8441620739998,1335.7995613869991,658,651,29404,160,269,,,,,
vf_w80,mcp4-n100-r10-03,537.1537693565651,5742.000200000002,5742.000200000002,0.0,8.782958371,528.3708109855652,519.4879822470001,519.473655266,317,314,18737,160,269,,,,,
vf_w80,mcp4-n100-r10-04,1082.1941526560008,5337.000100000001,5337.458433333341,8.587845695193187e-5,8.947632852,1073.2465198040009,1023.03987394,1023.0052485409997,761,753,59595,160,269,,,,,
vf_w80,mcp4-n100-r10-05,993.6949416520999,5641.600120000001,5641.85443755893,4.507897644630657e-5,8.682202709,985.0127389431,935.8675649890008,935.8429534919994,556,551,68492,160,269,,,,,
vf_w80,mcp4-n100-r10-06,383.26742220630166,4740.285857142864,4740.285857142864,0.0,9.118978269,374.14844393730164,373.645377777,373.63421609299996,261,258,582,160,269,,,,,
vf_w80,mcp4-n100-r10-07,1018.9438209857666,4962.0001,4962.000149999995,1.0076580832578974e-8,9.23764995,1009.7061710357666,1003.7479137569997,1003.7270828420004,487,477,3711,160,269,,,,,
vf_w80,mcp4-n100-r10-08,1341.879499390088,5207.200240000004,5207.200240000004,0.0,10.530928328,1331.348571062088,1330.669713508999,1330.6052595929993,424,417,579,160,269,,,,,
vf_w80,mcp4-n100-r10-09,1131.0687826354472,5493.000200000002,5493.28332988593,5.154376035291922e-5,9.766314574,1121.3024680614471,1103.86342823,1103.839519413,554,546,21659,160,269,,,,,
vf_w80,mcp4-n100-r10-10,770.6028814288413,5179.000099999999,5179.000099999999,0.0,8.129829404,762.4730520248413,761.8398097619995,761.82087916,462,450,604,160,269,,,,,
vf_w80,mcp4-n100-r12-01,926.8943535835882,4715.0001,4715.0001,0.0,6.11360164,920.7807519435883,919.905114342,919.8744991289997,649,636,614,160,253,,,,,
vf_w80,mcp4-n100-r12-02,343.9341352900238,4416.750150000002,4416.750150000002,0.0,8.16612825,335.7680070400238,331.39016172799984,331.3759148439996,383,376,6219,160,253,,,,,
vf_w80,mcp4-n100-r12-03,396.56646139357423,4371.000099999999,4371.000099999999,0.0,6.393434355,390.1730270385742,389.7657236840002,389.7519752820001,319,313,221,160,253,,,,,
vf_w80,mcp4-n100-r12-04,683.5797573570428,4026.0001,4026.182955017658,4.541853281569898e-5,8.459063435,675.1206939220428,672.7966893750004,672.7792575439998,458,452,2400,160,253,,,,,
vf_w80,mcp4-n100-r12-05,411.76538111037917,4321.000100000002,4321.000100000002,0.0,6.968354953,404.79702615737915,401.78587177300005,401.76644434099984,457,452,4181,160,253,,,,,
vf_w80,mcp4-n100-r12-06,367.9190936520547,4808.000099999999,4808.000099999999,0.0,6.880107446,361.0389862060547,360.57508723200016,360.5655263400002,330,321,351,160,253,,,,,
vf_w80,mcp4-n100-r12-07,535.9603670836343,4274.0002,4274.0002,0.0,6.451311946,529.5090551376343,525.8591926900001,525.8415267060001,524,516,4462,160,253,,,,,
vf_w80,mcp4-n100-r12-08,775.2719576066603,4097.00013333333,4097.00013333333,0.0,6.537884683,768.7340729236603,766.0462288479993,766.027033846,507,496,2460,160,253,,,,,
vf_w80,mcp4-n100-r12-09,271.64539389500135,4716.000099999999,4716.000099999999,0.0,8.352871703,263.29252219200134,263.037499853,263.03242859799997,215,211,136,160,253,,,,,
vf_w80,mcp4-n100-r12-10,113.63786332662403,3990.0001,3990.0001,0.0,6.342905212,107.29495811462402,107.05747086400002,107.05410776399998,144,140,209,160,253,,,,,
vf_w80,mcp4-n100-r14-01,344.255564991506,3127.0001000000007,3127.0001000000007,0.0,7.499652926,336.755912065506,334.8429583119998,334.81978862600005,398,387,2880,160,241,,,,,
vf_w80,mcp4-n100-r14-02,352.02288411319347,3279.0001,3279.0147889343475,4.479699267866718e-6,6.409672243,345.6132118701935,342.7619367820001,342.7397013569997,433,427,4156,160,241,,,,,
vf_w80,mcp4-n100-r14-03,336.03628456560415,3916.0001000000007,3916.0001000000007,0.0,5.703814387,330.3324701786041,329.0897820549999,329.06561265399984,437,425,948,160,241,,,,,
vf_w80,mcp4-n100-r14-04,241.91245685533545,3715.0000999999997,3715.0000999999997,0.0,3.988503799,237.92395305633545,237.685515425,237.67139098199993,243,238,81,160,241,,,,,
vf_w80,mcp4-n100-r14-05,262.6613399261245,3551.0000999999993,3551.0000999999993,0.0,4.225652861,258.4356870651245,258.0678491600001,258.04893066299996,299,293,134,160,241,,,,,
vf_w80,mcp4-n100-r14-06,320.3691860395267,3210.0001500000017,3210.0001500000017,0.0,7.605438109,312.76374793052673,310.7827327280001,310.7569229260001,430,426,1847,160,241,,,,,
vf_w80,mcp4-n100-r14-07,282.0244034499526,3198.0002000000004,3198.0002000000004,0.0,5.695619461,276.32878398895264,275.64916941099983,275.62977226500027,332,325,756,160,241,,,,,
vf_w80,mcp4-n100-r14-08,341.4731966024009,3560.0001,3560.0001,0.0,4.634923554,336.8382730484009,336.169993352,336.1495048480001,335,323,631,160,241,,,,,
vf_w80,mcp4-n100-r14-09,92.37817913910204,3627.7501625000014,3627.7501625000014,0.0,4.875008172,87.50317096710205,87.24286067199999,87.23508084399998,155,152,108,160,241,,,,,
vf_w80,mcp4-n100-r14-10,538.8094996848581,3540.6001399999996,3540.6001399999996,0.0,6.020849649,532.7886500358582,532.0118382460003,531.9736410050007,591,580,418,160,241,,,,,
vf_w80,mcp4-n100-r16-01,237.01696791732007,3241.000100000001,3241.000100000001,0.0,3.430761958,233.58620595932007,233.20823083799996,233.19462635099998,320,312,346,160,232,,,,,
vf_w80,mcp4-n100-r16-02,255.94752067348756,2910.00015,2910.00015,0.0,4.096167505,251.85135316848755,251.31837471900013,251.30197569099994,373,364,568,160,232,,,,,
vf_w80,mcp4-n100-r16-03,271.473020313151,3159.0001,3159.0001,0.0,3.287797449,268.185222864151,267.76332239099986,267.744331764,412,403,226,160,232,,,,,
vf_w80,mcp4-n100-r16-04,134.42744905465392,3067.0001,3067.0001,0.0,4.97695405,129.45049500465393,129.17535235900007,129.167714126,170,165,104,160,232,,,,,
vf_w80,mcp4-n100-r16-05,181.74023916890198,2811.0001,2811.0001,0.0,5.266234185,176.47400498390198,176.13043266900007,176.11866078600002,282,275,261,160,232,,,,,
vf_w80,mcp4-n100-r16-06,336.48706415722165,2984.0001000000025,2984.0001000000025,0.0,4.46330813,332.0237560272217,331.46861331100007,331.4466862869999,539,526,284,160,232,,,,,
vf_w80,mcp4-n100-r16-07,160.56229538654736,2678.000100000001,2678.000100000001,0.0,5.569790313,154.99250507354736,154.508908822,154.49618012000008,302,294,387,160,232,,,,,
vf_w80,mcp4-n100-r16-08,263.7387687137997,3016.0002,3016.0002,0.0,4.335857766,259.4029109477997,258.598942982,258.582743078,374,366,825,160,232,,,,,
vf_w80,mcp4-n100-r16-09,107.39270814226587,2889.0001599999987,2889.0001599999987,0.0,4.721361001,102.67134714126587,101.615398709,101.60589428699997,242,238,895,160,232,,,,,
vf_w80,mcp4-n100-r16-10,142.6026533890696,2992.0001,2992.0001,0.0,3.457469349,139.14518404006958,138.68692130299996,138.67603878200006,253,245,515,160,232,,,,,
vf_w80,mcp4-n110-r08-01,4313.50943059835,7453.000100000001,8100.6859080307395,0.08690269681208487,22.758576583,4290.75085401535,4287.337977695002,4287.306581022004,592,588,2048,174,313,,,,,
vf_w80,mcp4-n110-r08-02,3648.805511297365,7413.000099999999,15153.95271441906,1.0442401875077623,23.672196211,3625.1333150863647,3618.211139142999,3618.1817734339984,581,575,2911,174,313,,,,,
vf_w80,mcp4-n110-r08-03,4022.8904797936984,6888.000160000003,14355.010454526318,1.084060702827613,21.196908703,4001.6935710906982,3999.3194357079988,3999.287829577999,604,599,1083,174,313,,,,,
vf_w80,mcp4-n110-r08-04,4469.726911058143,7382.000149999997,13945.458489318797,0.8891165274927286,20.923338165,4448.803572893143,4444.697492130006,4444.663514357998,613,605,2874,174,313,,,,,
vf_w80,mcp4-n110-r08-05,2880.8575594362046,7733.333499999993,7733.333499999993,0.0,23.281559461,2857.5759999752045,2847.1216775700013,2847.099616402999,421,418,11812,174,313,,,,,
vf_w80,mcp4-n110-r08-06,3669.0932862824316,7513.571571428572,15504.048435844972,1.0634725161601348,24.702784068,3644.3905022144318,3631.4824202660025,3631.451394635998,560,553,6627,174,313,,,,,
vf_w80,mcp4-n110-r08-07,5300.106921308954,5752.666866666668,8789.90569639872,0.5279705743663118,28.362786406,5271.744134902954,5269.827249281,5269.796514995003,484,478,770,174,313,,,,,
vf_w80,mcp4-n110-r08-08,4043.168551613033,6891.800099999991,10128.067978140032,0.4695823777796522,23.64520352,4019.523348093033,4017.618623228002,4017.585796779003,612,606,682,174,313,,,,,
vf_w80,mcp4-n110-r08-09,3609.9773348691497,6826.000200000001,17393.34189035885,1.5481015793639803,24.485024822,3585.4923100471497,3584.5664252969987,3584.540147690998,498,489,513,174,313,,,,,
vf_w80,mcp4-n110-r08-10,3675.536830299319,5843.200140000001,14219.407113687344,1.4334965041411951,23.298270338,3652.238559961319,3627.0541165299983,3627.0158633660003,742,734,25955,174,313,,,,,
vf_w80,mcp4-n110-r10-01,2460.5353481153224,5975.000099999998,5975.000099999998,0.0,16.666613994,2443.8687341213226,2442.614118113,2442.551666079,486,476,1046,174,285,,,,,
vf_w80,mcp4-n110-r10-02,3100.211812616384,5588.000100000009,5588.000100000009,0.0,16.892480732,3083.319331884384,3076.5252436359992,3076.4895534810003,546,538,6980,174,285,,,,,
vf_w80,mcp4-n110-r10-03,2842.916540578955,6293.2001400000045,6293.82562221305,9.939016702651223e-5,16.371416525,2826.545124053955,2787.5726051660004,2787.5379081159986,708,701,46019,174,285,,,,,
vf_w80,mcp4-n110-r10-04,1703.1955933549013,5736.000100000001,5736.000100000001,0.0,15.966591356,1687.2290019989014,1653.2334002530001,1653.1956417389997,658,654,36592,174,285,,,,,
vf_w80,mcp4-n110-r10-05,2678.899893038005,6081.666800000001,6081.666800000001,0.0,16.922291033,2661.977602005005,2659.224565393,2659.193019467002,594,589,1666,174,285,,,,,
vf_w80,mcp4-n110-r10-06,2023.42128936359,6171.0001,6171.0001,0.0,13.221498409,2010.1997909545898,2007.096650583999,2007.067111286,569,563,1910,174,285,,,,,
vf_w80,mcp4-n110-r10-07,3125.8750043119767,6631.000100000001,6631.000100000001,0.0,16.383900186,3109.4911041259766,3108.589937452998,3108.5667683339993,433,424,700,174,285,,,,,
vf_w80,mcp4-n110-r10-08,1634.0955879615854,6140.000149999999,6140.000149999999,0.0,19.395537846,1614.7000501155853,1612.8424589060007,1612.8143387439995,524,517,1843,174,285,,,,,
vf_w80,mcp4-n110-r10-09,2427.258527975105,6376.00015,6376.00015,0.0,17.932903986,2409.325623989105,2408.2619532899994,2408.2413994900003,343,338,844,174,285,,,,,
vf_w80,mcp4-n110-r10-10,3049.2543700280075,6065.000139999993,6065.000139999993,0.0,18.872927958,3030.3814420700073,3025.802482652999,3025.7701673879997,558,552,3576,174,285,,,,,
vf_w80,mcp4-n110-r12-01,1331.0273154315214,5279.500150000002,5279.500150000002,0.0,8.793031269,1322.2342841625214,1319.6848121679996,1319.6413289670008,491,483,3101,174,267,,,,,
vf_w80,mcp4-n110-r12-02,1608.2964060835236,4376.000099999999,4376.000099999999,0.0,12.521344953,1595.7750611305237,1594.2029784909996,1594.1379257559993,679,666,1231,174,267,,,,,
vf_w80,mcp4-n110-r12-03,2180.741770548669,5184.000100000001,5184.465694086312,8.981367232444392e-5,12.181389613,2168.560380935669,2141.2059545199977,2141.160513970001,883,873,30561,174,267,,,,,
vf_w80,mcp4-n110-r12-04,929.9797754360385,4269.000099999999,4269.000099999999,0.0,11.872712381,918.1070630550385,917.5704554550005,917.5515073880001,429,423,266,174,267,,,,,
vf_w80,mcp4-n110-r12-05,1676.4908475952777,4786.500150000002,4786.500150000002,0.0,13.67464567,1662.8162019252777,1566.8358576619996,1566.795475064001,879,865,118647,174,267,,,,,
vf_w80,mcp4-n110-r12-06,1774.945871558013,4867.666800000001,4868.090264664671,8.699540910854125e-5,12.586401429,1762.359470129013,1758.4853684660004,1758.434755173999,596,586,3488,174,267,,,,,
vf_w80,mcp4-n110-r12-07,1277.848783814165,5195.50015,5195.50015,0.0,11.79997667,1266.048807144165,1263.5707331159997,1263.547998162,482,474,1781,174,267,,,,,
vf_w80,mcp4-n110-r12-08,2342.76934586833,4649.555699999999,4649.555699999999,0.0,13.755715955,2329.01362991333,2327.03208455,2326.9987878110005,644,634,1227,174,267,,,,,
vf_w80,mcp4-n110-r12-09,653.4847902505257,4766.000166666666,4766.000166666666,0.0,12.049375221,641.4354150295258,640.7507077679998,640.736739067,309,304,704,174,267,,,,,
vf_w80,mcp4-n110-r12-10,841.1431567500799,4922.000099999999,4922.000099999999,0.0,12.969640715,828.17351603508,826.1658174830004,826.1447486169997,457,453,1740,174,267,,,,,
vf_w80,mcp4-n110-r14-01,890.0525463123043,4101.80018,4101.80018,0.0,6.483120491,883.5694258213043,882.376178086,882.3512413589998,561,551,809,174,254,,,,,
vf_w80,mcp4-n110-r14-02,348.7849590706859,4067.000133333332,4067.000133333332,0.0,9.454120152,339.3308389186859,335.2363354929999,335.22613795800015,316,313,7966,174,254,,,,,
vf_w80,mcp4-n110-r14-03,882.7931888887524,4554.0001,4554.0001,0.0,7.79413398,874.9990549087524,868.875639987,868.8529227340008,586,571,8024,174,254,,,,,
vf_w80,mcp4-n110-r14-04,475.9050214436704,4383.000100000001,4383.000100000001,0.0,6.958586469,468.9464349746704,468.51904898700013,468.50217448399997,359,354,223,174,254,,,,,
vf_w80,mcp4-n110-r14-05,1063.9143740536647,3578.0001,3578.0001,0.0,9.489154041,1054.4252200126648,1052.9169993779997,1052.8867173879999,564,558,1061,174,254,,,,,
vf_w80,mcp4-n110-r14-06,997.3989127600433,3597.0002000000045,3597.0002000000045,0.0,10.624794575,986.7741181850433,943.7622166120001,943.7309345760003,683,675,58042,174,254,,,,,
vf_w80,mcp4-n110-r14-07,909.9653064273682,4315.166799999997,4315.400149999999,5.407670452074703e-5,8.631068375,901.3342380523682,886.5902135870003,886.55960508,615,605,18364,174,254,,,,,
vf_w80,mcp4-n110-r14-08,734.1851999910187,4166.666799999999,4166.666799999999,0.0,7.945358053,726.2398419380188,724.5295731739999,724.5041457209996,577,569,1158,174,254,,,,,
vf_w80,mcp4-n110-r14-09,652.4768607869038,4067.0001999999986,4067.0001999999986,0.0,7.705346848,644.7715139389038,643.6135420779998,643.5883617239999,521,513,973,174,254,,,,,
vf_w80,mcp4-n110-r14-10,774.5799608239788,3643.0001999999986,3643.212714975846,5.8335153494536054e-5,10.893564702,763.6863961219788,729.226809847,729.1939036870001,621,617,55180,174,254,,,,,
vf_w80,mcp4-n110-r16-01,186.31622326038587,3365.0000999999997,3365.0000999999997,0.0,5.400336143,180.91588711738586,180.13777090999992,180.12708656800007,232,227,606,174,244,,,,,
vf_w80,mcp4-n110-r16-02,368.728108077401,3295.0000999999997,3295.0000999999997,0.0,6.011146932,362.716961145401,358.36928828500004,358.345705384,419,415,6475,174,244,,,,,
vf_w80,mcp4-n110-r16-03,365.9962210105552,3681.0002000000013,3681.006562229305,1.7283968916122914e-6,6.630958979,359.3652620315552,354.128426056,354.1113851910003,371,365,8217,174,244,,,,,
vf_w80,mcp4-n110-r16-04,890.5862237214236,3299.3335,3299.448633345284,3.489594043281576e-5,7.548292756,883.0379309654236,879.8332169539999,879.8085718029997,522,508,5142,174,244,,,,,
vf_w80,mcp4-n110-r16-05,715.0020303836351,3513.0000999999997,3513.0000999999997,0.0,5.041377317,709.9606530666351,708.5302683929999,708.4950078829997,478,468,1647,174,244,,,,,
vf_w80,mcp4-n110-r16-06,547.6676715689554,3310.5001500000003,3310.5001500000003,0.0,5.931577571,541.7360939979553,518.2105082629998,518.1678814689999,629,620,31528,174,244,,,,,
vf_w80,mcp4-n110-r16-07,512.5688388226204,3346.0001,3346.0001,0.0,6.281007993,506.28783082962036,497.7944868330004,497.77392150000014,342,337,15578,174,244,,,,,
vf_w80,mcp4-n110-r16-08,439.6978807485133,3322.000150000003,3322.000150000003,0.0,5.812479738,433.8854010105133,432.66705105499983,432.64326160400014,414,406,1109,174,244,,,,,
vf_w80,mcp4-n110-r16-09,454.2745414327457,3576.0001000000007,3576.0001000000007,0.0,6.800597484,447.4739439487457,445.4219847249999,445.398223451,438,433,1888,174,244,,,,,
vf_w80,mcp4-n110-r16-10,544.8659444473419,3257.0001000000025,3257.0001000000025,0.0,7.9691785,536.8967659473419,536.2674219719999,536.2445180280001,441,432,535,174,244,,,,,
vf_w80,mcp4-n120-r08-01,4451.228320077804,6543.5001999999995,17857.69919137228,1.729074447246488,39.37406011,4411.854259967804,4407.080525170004,4407.039056871001,748,744,2862,190,334,,,,,
vf_w80,mcp4-n120-r08-02,3784.5529897752563,8093.000100000002,11415.672528049545,0.4105612735689379,39.380469853,3745.1725199222565,3743.3189667149954,3743.2799903789983,669,665,655,190,334,,,,,
vf_w80,mcp4-n120-r08-03,3691.45040305132,5938.0003,27555.81432809606,3.640588234408823,36.270447092,3655.17995595932,3654.526258944002,3654.5057947780006,340,335,323,190,334,,,,,
vf_w80,mcp4-n120-r08-04,6060.648071010171,6931.100190000012,18169.808059353145,1.6214897435140256,40.268810947,6020.379260063171,6018.553185658997,6018.513516567999,631,622,824,190,334,,,,,
vf_w80,mcp4-n120-r08-05,6232.348506149469,6340.800180000002,19690.058655192897,2.105295561481152,36.08617824,6196.26232790947,6194.300391081005,6194.268162918,507,500,779,190,334,,,,,
vf_w80,mcp4-n120-r08-06,3748.3332332500695,7644.500149999998,10479.219530658514,0.37081814703849764,41.361877335,3706.9713559150696,3702.9674353900014,3702.927879335005,682,678,1462,190,334,,,,,
vf_w80,mcp4-n120-r08-07,3616.238337971044,7533.00015,19308.29654332426,1.5631615769082736,46.174513079,3570.063824892044,3566.793773805,3566.7622146390017,599,596,1847,190,334,,,,,
vf_w80,mcp4-n120-r08-08,7316.201684436699,8232.000199999999,18374.64728618118,1.232099956239212,44.653953514,7271.547730922699,7270.7732952900005,7270.7463852169985,442,435,401,190,334,,,,,
vf_w80,mcp4-n120-r08-09,3718.534711765021,5680.250174999999,17861.751636779485,2.1445360831804363,52.769499706,3665.765212059021,3661.048351688,3661.0178409720015,533,522,2896,190,334,,,,,
vf_w80,mcp4-n120-r08-10,5581.025384039018,7402.000100000001,22709.022844380943,2.06795765165971,30.030545086,5550.994838953018,5550.200879252001,5550.172230444999,441,435,274,190,334,,,,,
vf_w80,mcp4-n120-r10-01,3606.487555434716,6019.833483333332,10547.023567195498,0.7520457328921576,22.651788404,3583.835767030716,3489.8147455319972,3489.7195322270004,768,760,103026,190,304,,,,,
vf_w80,mcp4-n120-r10-02,4431.3142165448935,5566.5002,8063.682276866316,0.44860899796003156,24.924986532,4406.389230012894,4404.619780383999,4404.586204176001,559,551,597,190,304,,,,,
vf_w80,mcp4-n120-r10-03,3394.0572821590613,7147.000149999996,7147.000149999996,0.0,26.344311187,3367.712970972061,3342.2242201750028,3342.182786837997,539,533,41381,190,304,,,,,
vf_w80,mcp4-n120-r10-04,3600.381087312651,6783.666799999996,11002.508391655705,0.6219116763894876,22.487202177,3577.8938851356506,3548.546642927999,3548.4978529279992,868,864,33680,190,304,,,,,
vf_w80,mcp4-n120-r10-05,3743.0800479284517,6180.0001,7809.288637549407,0.2636389176675591,24.901104056,3718.178943872452,3716.0147535519977,3715.9717236120005,761,758,1160,190,304,,,,,
vf_w80,mcp4-n120-r10-06,3958.900642844648,6534.333500000002,12671.59046144578,0.9392322815243171,25.032553884,3933.8680889606476,3926.571767618005,3926.5293646720024,720,715,2991,190,304,,,,,
vf_w80,mcp4-n120-r10-07,4069.672812352997,5548.939490909086,11628.74196261424,1.0956692682747378,27.398045431,4042.274766921997,4022.9989493449984,4022.9367048750037,1080,1072,14405,190,304,,,,,
vf_w80,mcp4-n120-r10-08,4139.922690772338,7175.000149999998,13952.075528571428,0.944540102702497,23.413038873,4116.509651899338,4113.295929665001,4113.264302197,528,523,2100,190,304,,,,,
vf_w80,mcp4-n120-r10-09,4038.465798115266,6284.000100000001,7563.399062236956,0.20359626700784972,25.136684155,4013.329113960266,4011.937494900999,4011.903594923002,542,535,654,190,304,,,,,
vf_w80,mcp4-n120-r10-10,3875.8055746982045,6770.666800000004,10933.747675512474,0.6148701447710391,23.97935657,3851.8262181282043,3820.167562778999,3820.131411132998,673,664,33738,190,304,,,,,
vf_w80,mcp4-n120-r12-01,2831.9158093887027,5697.000099999996,5697.000099999996,0.0,16.567982431,2815.3478269577026,2814.2800041929995,2814.183084697001,669,660,576,190,284,,,,,
vf_w80,mcp4-n120-r12-02,1648.1273311240107,5520.000199999999,5520.000199999999,0.0,19.09748231,1629.0298488140106,1627.9679748159997,1627.9402923730015,476,470,667,190,284,,,,,
vf_w80,mcp4-n120-r12-03,2861.3691799506796,5226.000150000001,5226.000150000001,0.0,19.288933979,2842.0802459716797,2836.5753714720004,2836.535957315,635,629,5341,190,284,,,,,
vf_w80,mcp4-n120-r12-04,3879.77388002913,5085.600139999997,6026.578727671543,0.18502803243818272,19.568712974,3860.20516705513,3857.853404022998,3857.7885586230013,879,873,707,190,284,,,,,
vf_w80,mcp4-n120-r12-05,2526.9384135752907,5477.0001,5477.0001,0.0,20.216084674,2506.722328901291,2504.492917002998,2504.461048492001,518,513,1442,190,284,,,,,
vf_w80,mcp4-n120-r12-06,2766.6930479106995,5150.300150000005,5150.300150000005,0.0,19.583907753,2747.1091401576996,2736.7226723210015,2736.6810068640016,756,748,15133,190,284,,,,,
vf_w80,mcp4-n120-r12-07,3748.568147909447,4717.5001999999995,10127.841939596192,1.1468662448803273,20.413462889,3728.154685020447,3723.2073658509976,3723.1546071130006,930,917,2811,190,284,,,,,
vf_w80,mcp4-n120-r12-08,3602.402115876151,5763.500150000013,8775.212609279883,0.5225492115723921,20.086469943,3582.3156459331512,3553.569717833001,3553.5204385669977,870,860,32133,190,284,,,,,
vf_w80,mcp4-n120-r12-09,3748.533071659195,5736.000099999999,5835.309581216458,0.017313368111074312,19.447213791,3729.0858578681946,3727.84012052,3727.797185054997,740,732,619,190,284,,,,,
vf_w80,mcp4-n120-r12-10,3720.038931945915,5593.0001,8236.885097094008,0.4727132039733036,18.908581833,3701.130350112915,3680.7388940159963,3680.6877641029987,898,887,20335,190,284,,,,,
vf_w80,mcp4-n120-r14-01,1153.9867135675256,4963.0001,4963.0001,0.0,14.791096607,1139.1956169605255,1137.9579720680006,1137.9378946110005,430,422,956,190,270,,,,,
vf_w80,mcp4-n120-r14-02,968.174230342092,4841.000150000003,4841.377469799219,7.794252995774447e-5,12.024046426,956.1501839160919,895.5462697190003,895.5132283270005,755,750,63603,190,270,,,,,
vf_w80,mcp4-n120-r14-03,2146.296268023794,4269.333466666671,4269.622881163876,6.77891524437671e-5,15.187355079,2131.1089129447937,2080.347406833999,2080.313759687999,673,662,74223,190,270,,,,,
vf_w80,mcp4-n120-r14-04,1372.3816958046693,4003.000150000002,4003.000150000002,0.0,18.642281828,1353.7394139766693,1342.8441562589999,1342.823112607,381,375,16086,190,270,,,,,
vf_w80,mcp4-n120-r14-05,1412.4270860693882,4559.0001,4559.0001,0.0,13.859312012,1398.5677740573883,1397.4030306519996,1397.3693334199993,525,519,606,190,270,,,,,
vf_w80,mcp4-n120-r14-06,2136.8679370202667,4695.000120000001,4695.22580811992,4.80698858681054e-5,14.897553853,2121.970383167267,2053.0513310120023,2053.001390803002,773,764,87901,190,270,,,,,
vf_w80,mcp4-n120-r14-07,2488.902631384224,4324.333466666665,4324.333466666665,0.0,14.897128445,2474.0055029392242,2438.72029808,2438.6629478940004,956,943,41043,190,270,,,,,
vf_w80,mcp4-n120-r14-08,2264.0092491551513,4333.000200000001,4333.000200000001,0.0,13.326852028,2250.6823971271515,2249.7471102729996,2249.719551732,487,475,672,190,270,,,,,
vf_w80,mcp4-n120-r14-09,806.640263116293,4077.0001,4077.0001,0.0,14.646252191,791.994010925293,789.9338718480004,789.9133061579997,378,372,1761,190,270,,,,,
vf_w80,mcp4-n120-r14-10,1295.4105210967239,4344.000099999998,4344.000099999998,0.0,12.792059011,1282.6184620857239,1281.7193162960004,1281.6798102890004,651,645,364,190,270,,,,,
vf_w80,mcp4-n120-r16-01,1251.306010458035,3533.0001000000007,3533.0001000000007,0.0,10.370573494,1240.935436964035,1238.849879180001,1238.7987836910013,519,508,1387,190,259,,,,,
vf_w80,mcp4-n120-r16-02,1736.404566101021,4065.000150000003,4065.000150000003,0.0,10.248729042,1726.155837059021,1722.7329280620013,1722.6625008290016,795,780,2948,190,259,,,,,
vf_w80,mcp4-n120-r16-03,636.481857271149,4025.4001400000006,4025.4001400000006,0.0,8.004081459,628.477775812149,627.9741137830001,627.9552042269999,339,333,314,190,259,,,,,
vf_w80,mcp4-n120-r16-04,1696.6685261038278,3979.000100000001,3979.000100000001,0.0,12.608977249,1684.0595488548279,1682.8510249230012,1682.805613061999,723,712,531,190,259,,,,,
vf_w80,mcp4-n120-r16-05,112.55094731766943,3748.0000999999997,3748.0000999999997,0.0,10.010970244,102.53997707366943,102.28909695000002,102.28502111700003,82,80,80,190,259,,,,,
vf_w80,mcp4-n120-r16-06,1289.3049677115152,3716.000150000001,3716.2905929381036,7.816009859482577e-5,13.321494649,1275.9834730625153,1265.142189228999,1265.105668201,659,651,12462,190,259,,,,,
vf_w80,mcp4-n120-r16-07,1385.5137699607635,3743.5001999999977,3743.5001999999977,0.0,10.784348822,1374.7294211387634,1372.7507809869996,1372.7190464429991,594,581,1222,190,259,,,,,
vf_w80,mcp4-n120-r16-08,1600.9616086519086,3480.333466666664,3480.333466666664,0.0,13.960539583,1587.0010690689087,1585.0365079800008,1584.9408906429996,745,733,1238,190,259,,,,,
vf_w80,mcp4-n120-r16-09,745.9275073343725,3623.0000999999997,3623.0000999999997,0.0,10.06206029,735.8654470443726,734.9733587129992,734.9483601390006,462,456,737,190,259,,,,,
vf_w80,mcp4-n120-r16-10,1054.313036989342,3788.0001333333316,3788.0001333333316,0.0,13.213146042,1041.099890947342,986.4398139940004,986.3830070520004,1043,1040,42508,190,259,,,,,
