func,prob,total_time,best_obj,best_bound,gap,preprocess_time,solution_time,callback_time,subproblem_time,callback_calls,num_separations,bb_nodes,num_variables,num_constraints,dp_num_nodes,dp_num_arcs,dp_num_paths,dp_unique_arcs,dp_unique_paths
dd_w010,mcp4-n070-r08-01,66.72146761881274,4283.000133333335,4283.000133333335,0.0,3.554789667,63.166677951812744,62.814779315999964,62.750539867000015,141,134,329,267,314,155,297,144.0,297,144
dd_w010,mcp4-n070-r08-02,113.98849734003662,4517.500149999998,4517.500149999998,0.0,3.38206824,110.60642910003662,109.38453985399997,109.19501070499997,177,169,1069,263,310,151,329,181.0,329,181
dd_w010,mcp4-n070-r08-03,83.23551059241028,3691.0002000000004,3691.0002000000004,0.0,3.480441575,79.75506901741028,76.66979288799998,76.49206856699999,197,188,5544,268,315,156,352,198.0,352,198
dd_w010,mcp4-n070-r08-04,98.514930499208,4690.000100000005,4690.000100000005,0.0,2.607366336,95.90756416320801,95.09041370000001,94.99646064400001,169,162,557,264,311,152,322,172.0,322,172
dd_w010,mcp4-n070-r08-05,59.22082607919495,3845.000100000001,3845.000100000001,0.0,3.719607045,55.501219034194946,54.176377506,54.08991113400001,130,124,1493,265,312,153,285,134.0,285,134
dd_w010,mcp4-n070-r08-06,75.7440591900525,4825.000150000002,4825.000150000002,0.0,3.41989623,72.32416296005249,71.986151495,71.84958247100002,139,132,218,271,318,159,300,144.0,300,144
dd_w010,mcp4-n070-r08-07,60.88508965445129,3732.000100000004,3732.000100000003,0.0,4.02558567,56.859503984451294,56.520241700999996,56.458186881,125,119,338,259,306,147,274,129.0,274,129
dd_w010,mcp4-n070-r08-08,109.22353156329028,4167.000100000003,4167.000100000003,0.0,3.775502522,105.44802904129028,105.000624391,104.90587351599996,179,169,469,261,308,149,326,179.0,326,179
dd_w010,mcp4-n070-r08-09,143.23135003212255,4190.000100000001,4190.000100000001,0.0,3.331235019,139.90011501312256,139.38213401500005,139.24879394999994,272,264,535,267,314,155,428,277.0,428,277
dd_w010,mcp4-n070-r08-10,60.665209447072634,4291.000100000001,4291.000100000001,0.0,3.156338607,57.50887084007263,57.068170518999985,56.975056338,157,148,531,266,313,154,311,160.0,311,160
dd_w010,mcp4-n070-r10-01,33.75602154639636,3716.0001999999977,3716.0001999999977,0.0,1.796395587,31.959625959396362,29.955725869000016,29.83929346699999,133,128,1341,255,284,143,279,138.0,279,138
dd_w010,mcp4-n070-r10-02,77.61588824587439,3023.0001500000017,3023.0001500000017,0.0,2.475393184,75.14049506187439,72.12189332200002,72.038079158,173,163,3329,270,299,158,329,173.0,329,173
dd_w010,mcp4-n070-r10-03,34.01848255201538,3403.0001,3403.069462457295,2.03827373659418e-5,2.72956358,31.28891897201538,30.635898278000006,30.589752998000005,126,121,870,262,291,150,279,131.0,279,131
dd_w010,mcp4-n070-r10-04,55.26201614596924,3412.250150000004,3412.250150000004,0.0,1.669932215,53.59208393096924,51.458299953000015,51.36959510900001,179,169,2871,263,292,151,328,179.0,328,179
dd_w010,mcp4-n070-r10-05,44.50169757538465,3104.0000999999997,3104.0000999999997,0.0,1.798472678,42.703224897384644,42.27958121000001,42.214678160000005,171,161,472,256,285,144,313,171.0,313,171
dd_w010,mcp4-n070-r10-06,48.292856889924074,3933.0001999999986,3933.0001999999986,0.0,0.502868849,47.78998804092407,47.402849006,47.32848882699997,180,172,382,266,295,154,334,182.0,334,182
dd_w010,mcp4-n070-r10-07,53.74075996726318,3412.0001,3412.0001000000007,0.0,1.289222835,52.451537132263184,51.45491127700001,51.379018813000016,181,175,1179,256,285,144,327,185.0,327,185
dd_w010,mcp4-n070-r10-08,38.584003528210694,3314.0001500000008,3314.0001500000008,0.0,1.552332481,37.03167104721069,35.251777083,35.19249346799999,150,143,615,252,281,140,291,153.0,291,153
dd_w010,mcp4-n070-r10-09,71.17395263054968,3319.6668000000027,3319.6668000000027,0.0,2.812545589,68.36140704154968,64.22910539300001,64.09379183800003,190,181,6050,261,290,149,339,193.0,339,193
dd_w010,mcp4-n070-r10-10,47.89154221573767,4003.5001499999976,4003.5001499999976,0.0,1.119997044,46.77154517173767,44.09675283699999,44.03804262300002,159,154,661,263,292,151,314,168.0,314,168
dd_w010,mcp4-n070-r12-01,69.36866582875867,2717.000179999999,2717.000179999999,0.0,1.492064848,67.87660098075867,66.720792699,66.616381327,271,256,1198,267,285,155,420,272.0,420,272
dd_w010,mcp4-n070-r12-02,19.86495612063733,2701.333466666664,2701.333466666664,0.0,1.367214183,18.49774193763733,18.298488820999996,18.212744496,92,87,234,268,286,156,251,97.0,251,97
dd_w010,mcp4-n070-r12-03,30.848775221517702,2729.0001,2729.0001,0.0,1.135290219,29.7134850025177,29.010078854000003,28.956780174,125,116,626,262,280,150,274,126.0,274,126
dd_w010,mcp4-n070-r12-04,17.41888487418945,2555.0001,2555.0001,0.0,1.950817705,15.468067169189453,15.261944055999995,15.238409778,68,64,143,262,280,150,222,74.0,222,74
dd_w010,mcp4-n070-r12-05,42.909292244950926,2196.000140000001,2196.000140000001,0.0,2.659485364,40.24980688095093,39.99758368599999,39.941894893999994,149,141,265,259,277,147,296,151.0,296,151
dd_w010,mcp4-n070-r12-06,38.40783673572962,2249.0001000000047,2249.0001000000047,0.0,1.483221591,36.924615144729614,36.62568515200001,36.46719398300001,157,150,459,259,277,147,305,160.0,305,160
dd_w010,mcp4-n070-r12-07,43.571876871082395,2338.5001999999986,2338.5001999999986,0.0,2.074598896,41.4972779750824,40.466525837,40.40053887,175,168,913,264,282,152,328,178.0,328,178
dd_w010,mcp4-n070-r12-08,43.54957864057446,2860.333466666666,2860.333466666666,0.0,1.468784783,42.08079385757446,41.642017622000004,41.50826267499999,157,149,702,260,278,148,305,159.0,305,159
dd_w010,mcp4-n070-r12-09,52.358316322137696,2674.0001000000016,2674.0001000000016,0.0,1.329002281,51.029314041137695,50.57633205100001,50.50033195999999,178,167,767,252,270,140,315,177.0,315,177
dd_w010,mcp4-n070-r12-10,33.8555932667815,2880.0002000000018,2880.0002000000018,0.0,1.230724397,32.624868869781494,32.37182096400001,32.25816016399999,139,131,213,262,280,150,289,141.0,289,141
dd_w010,mcp4-n070-r14-01,38.47505414672864,2391.6668000000022,2391.7793198402524,4.704662047828544e-5,1.634631278,36.84042286872864,34.63072271500001,34.537522571000004,187,176,4027,268,277,156,340,186.0,340,186
dd_w010,mcp4-n070-r14-02,40.50702646200855,1915.5001499999998,1915.5001499999998,0.0,1.401203422,39.105823040008545,38.741547328,38.643675221,184,171,503,265,274,153,333,183.0,333,183
dd_w010,mcp4-n070-r14-03,40.154392463163454,2035.5715714285716,2035.571571428572,0.0,0.979702455,39.17469000816345,38.702916269999996,38.613977633000005,180,172,733,254,263,142,323,184.0,322,182
dd_w010,mcp4-n070-r14-04,23.825715490090086,2220.00015,2220.00015,0.0,0.474993654,23.350721836090088,23.122286763000016,22.968468259000005,125,120,214,259,268,147,275,130.0,275,130
dd_w010,mcp4-n070-r14-05,14.015091364915527,1797.5001500000012,1797.5001500000012,0.0,1.862176364,12.152915000915527,11.979054183000004,11.939246338,68,65,170,269,279,157,231,77.0,231,77
dd_w010,mcp4-n070-r14-06,39.23842994569665,2060.0002000000013,2060.0002000000013,0.0,1.965850991,37.272578954696655,36.10738622499999,35.91285584300002,193,183,1162,264,273,152,344,197.0,344,197
dd_w010,mcp4-n070-r14-07,27.111325493937013,2126.0001,2126.0001,0.0,1.110086671,26.00123882293701,25.679465894000003,25.598713822999986,149,141,329,264,273,152,301,151.0,301,151
dd_w010,mcp4-n070-r14-08,29.29769265397339,1959.0001000000027,1959.0001000000027,0.0,1.37904155,27.91865110397339,27.544523524999995,27.43205392000001,115,111,555,264,273,152,271,121.0,271,121
dd_w010,mcp4-n070-r14-09,37.54624936018982,1995.0001000000007,1995.0001000000007,0.0,1.1843054,36.36194396018982,35.972854329,35.899791316,158,151,628,262,271,150,309,161.0,309,161
dd_w010,mcp4-n070-r14-10,30.57207170920471,2080.0000999999993,2080.0000999999993,0.0,1.75822679,28.813844919204712,28.606528864999994,28.543482260999998,136,129,213,261,270,149,286,139.0,286,139
dd_w010,mcp4-n070-r16-01,24.513454820118653,2000.0001000000007,2000.0001000000007,0.0,0.559483911,23.953970909118652,23.784035783999997,23.672214199000003,154,147,143,269,272,157,313,159.0,313,159
dd_w010,mcp4-n070-r16-02,18.33671177643274,1713.0001000000002,1713.0001000000002,0.0,0.432329786,17.90438199043274,17.174306336999997,17.12684206499999,121,114,1156,264,267,152,274,124.0,274,124
dd_w010,mcp4-n070-r16-03,27.85999915912207,1780.0001333333348,1780.0001333333348,0.0,0.966824034,26.89317512512207,25.654964437000007,25.599429366000013,141,131,2698,251,254,139,278,141.0,278,141
dd_w010,mcp4-n070-r16-04,24.59854507912341,2174.000149999999,2174.000149999999,0.0,0.748785262,23.849759817123413,23.055803731000008,22.929132466,170,163,1096,252,255,140,311,173.0,311,173
dd_w010,mcp4-n070-r16-05,17.834077291848878,1872.0001000000004,1872.0001000000004,0.0,0.835488253,16.998589038848877,16.005159735999996,15.96359102,110,104,1694,258,261,146,258,114.0,258,114
dd_w010,mcp4-n070-r16-06,39.285740623139404,1821.250125000001,1821.250125000001,0.0,0.882527599,38.403213024139404,38.074207046,37.91806012599997,238,231,372,258,261,146,386,249.0,386,249
dd_w010,mcp4-n070-r16-07,22.598609707164552,1802.5001499999976,1802.5001499999976,0.0,1.531351826,21.06725788116455,20.367356207,20.319757827999997,127,118,742,254,257,142,268,128.0,268,128
dd_w010,mcp4-n070-r16-08,10.606459069384643,1836.000100000002,1836.000100000002,0.0,0.979406047,9.627053022384644,9.508353200999997,9.472827749,77,73,57,255,258,143,224,83.0,224,83
dd_w010,mcp4-n070-r16-09,20.098009668680177,1988.0001000000002,1988.0001,0.0,1.024495684,19.073513984680176,18.94314244800001,18.902069507999997,110,105,57,258,261,146,259,115.0,259,115
dd_w010,mcp4-n070-r16-10,26.281486005776244,1810.0001666666662,1810.0001666666662,0.0,0.623799057,25.657686948776245,25.433570399999994,25.304575550000003,183,172,244,259,263,147,328,185.0,328,185
dd_w010,mcp4-n080-r08-01,365.43014469620886,4810.833483333333,4810.833483333333,0.0,5.293638854,360.13650584220886,352.2742368950003,352.08645987399996,350,339,5424,301,353,173,521,351.0,521,351
dd_w010,mcp4-n080-r08-02,201.1868442552389,5122.000299999998,5122.000299999998,0.0,4.889160301,196.2976839542389,195.2461466949999,195.092842083,252,246,1064,310,362,182,436,256.0,436,256
dd_w010,mcp4-n080-r08-03,402.5503284299275,6000.000099999999,6000.000099999999,0.0,4.920745548,397.6295828819275,388.7860414539999,388.448269711,388,376,5745,301,353,173,557,386.0,557,386
dd_w010,mcp4-n080-r08-04,227.32806349996923,5927.111266666676,5927.111266666676,0.0,4.251604569,223.07645893096924,221.805189476,221.63354508999996,227,220,729,304,356,176,404,230.0,404,230
dd_w010,mcp4-n080-r08-05,195.8324255378911,5400.000100000019,5400.000100000019,0.0,5.678848687,190.1535768508911,186.54322782799983,186.38551472800003,288,282,795,299,351,171,461,292.0,461,292
dd_w010,mcp4-n080-r08-06,370.0082661924133,4848.0001999999995,4848.450987275123,9.298417007567989e-5,5.119979125,364.88828706741333,354.95454496300005,354.6972712930001,342,332,6929,301,353,173,513,342.0,513,342
dd_w010,mcp4-n080-r08-07,205.07632621464845,4926.000149999999,4926.000149999999,0.0,4.866014325,200.21031188964844,198.86457222399997,198.686774929,230,223,1663,303,355,175,406,233.0,406,233
dd_w010,mcp4-n080-r08-08,234.41388248942394,5168.000100000005,5168.000100000005,0.0,5.368793483,229.04508900642395,227.21414993400003,227.065502495,253,242,916,298,350,170,420,252.0,420,252
dd_w010,mcp4-n080-r08-09,272.0902723586643,5038.500150000003,5038.500150000003,0.0,5.939570359,266.1507019996643,257.91292704000006,257.72020619299997,226,220,6781,307,359,179,407,230.0,407,230
dd_w010,mcp4-n080-r08-10,223.05378006430163,4610.000099999999,4610.000099999999,0.0,6.202211127,216.85156893730164,211.98609178899994,211.8438362339999,235,226,1311,301,353,173,407,236.0,407,236
dd_w010,mcp4-n080-r10-01,141.56253813669105,3691.0001500000017,3691.0001500000017,0.0,3.875627269,137.68691086769104,137.06521285599996,136.86293371099998,205,197,771,305,337,177,382,207.0,382,207
dd_w010,mcp4-n080-r10-02,128.46067189950745,3995.250149999996,3995.250149999996,0.0,3.947612045,124.51305985450745,124.15060983800002,123.95827500800004,196,188,334,307,339,179,375,198.0,375,198
dd_w010,mcp4-n080-r10-03,127.67912470315649,4124.0001,4124.0001,0.0,3.691218724,123.9879059791565,122.38357738199994,122.21063587799999,252,244,2382,309,341,181,434,256.0,434,256
dd_w010,mcp4-n080-r10-04,131.74259399634118,4292.000200000002,4292.000200000002,0.0,2.639441006,129.1031529903412,128.35105738499996,128.15629319399994,204,196,667,299,331,171,375,206.0,375,206
dd_w010,mcp4-n080-r10-05,104.15325994010425,3823.000200000002,3823.000200000002,0.0,3.894250102,100.25900983810425,97.03913710299996,96.85783365300001,194,189,5615,307,339,179,377,201.0,377,201
dd_w010,mcp4-n080-r10-06,221.43550061349535,4038.000100000002,4038.000100000002,0.0,3.617640487,217.81786012649536,215.50214251899996,215.19140924099992,322,308,2475,305,337,177,493,318.0,493,318
dd_w010,mcp4-n080-r10-07,116.34058054372754,3943.000100000002,3943.000100000002,0.0,3.004053673,113.33652687072754,112.90672714999997,112.78561378599998,245,235,352,305,337,177,420,245.0,420,245
dd_w010,mcp4-n080-r10-08,111.28691022159289,4339.000099999999,4339.000099999999,0.0,3.328901217,107.9580090045929,106.62364382399998,106.504967716,196,189,1183,300,332,172,369,199.0,369,199
dd_w010,mcp4-n080-r10-09,197.64368928494628,3860.000100000002,3860.000100000002,0.0,4.223483215,193.4202060699463,192.7197128419999,192.495455139,290,280,714,304,336,176,464,290.0,464,290
dd_w010,mcp4-n080-r10-10,144.93538372655823,4385.5001500000035,4385.5001500000035,0.0,3.34510677,141.59027695655823,141.04954554199992,140.861485351,237,228,633,306,338,178,414,238.0,414,238
dd_w010,mcp4-n080-r12-01,86.06125780175219,3733.0000999999993,3733.0001,0.0,1.456297837,84.6049599647522,84.31826335800004,84.22688921599998,158,151,201,306,325,178,337,161.0,337,161
dd_w010,mcp4-n080-r12-02,116.77267555617432,3525.500149999996,3525.500149999996,0.0,2.35763554,114.41504001617432,113.95047885099999,113.75918350300006,232,225,502,309,328,181,414,235.0,414,235
dd_w010,mcp4-n080-r12-03,88.24016775851501,3056.000100000003,3056.000100000003,0.0,2.97891464,85.26125311851501,84.96338309600003,84.76082471899997,208,200,301,297,316,169,377,210.0,377,210
dd_w010,mcp4-n080-r12-04,74.38173579122339,3247.0002000000013,3247.0002000000013,0.0,2.124705781,72.25703001022339,71.88124692200005,71.70152252099999,198,190,328,307,326,179,377,200.0,377,200
dd_w010,mcp4-n080-r12-05,138.84760917237622,3280.000100000001,3280.000100000001,0.0,2.887144218,135.96046495437622,134.70208934699988,134.46531657399998,305,297,968,299,318,171,476,307.0,476,307
dd_w010,mcp4-n080-r12-06,122.28198469792822,3081.3334666666665,3081.3334666666665,0.0,2.403710734,119.87827396392822,117.09472474599995,116.88987565599999,281,271,3688,305,324,177,456,281.0,456,281
dd_w010,mcp4-n080-r12-07,48.10396776910815,2996.0002000000004,2996.0002000000004,0.0,2.930063827,45.173903942108154,44.866861822000004,44.781088149000006,130,125,289,310,329,182,316,137.0,316,137
dd_w010,mcp4-n080-r12-08,110.34231989308802,2750.0001,2750.0001,0.0,3.931248831,106.41107106208801,104.36776204799997,104.19256520900008,259,248,1437,308,327,180,437,260.0,437,260
dd_w010,mcp4-n080-r12-09,34.2144722262063,3034.0001000000007,3034.0001000000007,0.0,2.090963296,32.1235089302063,31.904979507999993,31.844955599999995,106,104,184,301,320,173,285,114.0,285,114
dd_w010,mcp4-n080-r12-10,114.69563075915478,3249.0001,3249.0002000000054,3.077870179335866e-8,2.862873763,111.83275699615479,109.43292651899999,109.22280245799998,289,277,4049,308,327,180,465,287.0,465,287
dd_w010,mcp4-n080-r14-01,81.51598078663001,2692.0001,2692.0001,0.0,2.085227794,79.43075299263,77.98750820899996,77.77499324700001,192,187,911,305,315,177,372,197.0,372,197
dd_w010,mcp4-n080-r14-02,74.09605967292859,2471.000200000001,2471.000200000001,0.0,2.181330793,71.91472887992859,70.80581953200002,70.56846943699999,231,220,795,308,318,180,408,230.0,408,230
dd_w010,mcp4-n080-r14-03,91.52098047728344,2417.500149999999,2417.500149999999,0.0,1.914250493,89.60672998428345,88.56121621400003,88.38680498400004,289,276,1044,298,309,170,455,288.0,455,288
dd_w010,mcp4-n080-r14-04,69.7060473883031,2289.0001000000007,2289.0001000000007,0.0,2.044596287,67.6614511013031,66.896297194,66.699774487,201,193,843,301,311,173,374,203.0,374,203
dd_w010,mcp4-n080-r14-05,73.2672467909646,2817.0001000000034,2817.0001000000034,0.0,1.567263671,71.6999831199646,71.38406083099999,71.24198731200002,238,230,160,301,312,173,412,242.0,412,242
dd_w010,mcp4-n080-r14-06,112.4185439957511,2750.5001499999976,2750.500149999997,0.0,1.659276904,110.7592670917511,108.10050200000005,107.8733508309999,322,312,3476,307,317,179,499,322.0,499,322
dd_w010,mcp4-n080-r14-07,47.659690989102906,2926.0000999999997,2926.0000999999997,0.0,1.517422093,46.142268896102905,44.396351047,44.296621629000015,161,156,1811,298,308,170,335,168.0,335,168
dd_w010,mcp4-n080-r14-08,94.31520259821387,2455.50015,2455.50015,0.0,1.867328529,92.44787406921387,91.125734122,90.90869820899991,272,266,1309,296,306,168,443,278.0,443,278
dd_w010,mcp4-n080-r14-09,75.57573413484265,2462.5001500000017,2462.5001500000017,0.0,2.187113043,73.38862109184265,72.21809110200002,72.000527147,258,249,1166,302,312,174,431,259.0,431,259
dd_w010,mcp4-n080-r14-10,66.57652441699439,2858.0001333333344,2858.000133333335,0.0,1.037192504,65.53933191299438,63.43399491900002,63.30500014799998,209,199,2923,295,305,167,374,209.0,374,209
dd_w010,mcp4-n080-r16-01,48.736384225572145,2328.000100000002,2328.000100000002,0.0,1.116289211,47.620095014572144,47.27494677899996,47.167198467000006,202,194,477,300,302,172,374,204.0,374,204
dd_w010,mcp4-n080-r16-02,38.624161193618775,2142.5001500000008,2142.5001500000008,0.0,1.423338125,37.200823068618774,35.24349129499999,35.166496675999994,144,139,3627,297,299,169,317,151.0,317,151
dd_w010,mcp4-n080-r16-03,47.990126600827516,1936.5001499999967,1936.5001499999967,0.0,1.107657662,46.882468938827515,46.63848769099997,46.45698906699999,203,195,178,299,301,171,374,205.0,374,205
dd_w010,mcp4-n080-r16-04,58.92705313548474,2156.7501500000017,2156.7501500000017,0.0,0.740604323,58.18644881248474,54.85070813800002,54.65738741199996,242,236,5066,288,290,160,404,246.0,404,246
dd_w010,mcp4-n080-r16-05,42.9085231917583,2229.000100000003,2229.000100000003,0.0,1.726580252,41.1819429397583,40.537546686,40.39895792599999,164,160,914,302,304,174,342,170.0,342,170
dd_w010,mcp4-n080-r16-06,50.78711195202588,2299.0001,2299.0001,0.0,1.278672888,49.50843906402588,48.718083318,48.622528851999995,201,194,708,297,299,169,371,204.0,371,204
dd_w010,mcp4-n080-r16-07,49.50240387901892,2319.666833333331,2319.73575106383,2.971018488887496e-5,1.573326969,47.92907691001892,45.205844417999984,45.113823606000004,184,176,3744,292,294,164,348,186.0,348,186
dd_w010,mcp4-n080-r16-08,19.888550962652342,1812.0001000000002,1812.0001000000002,0.0,1.448891844,18.439659118652344,18.291271927,18.192181054999992,92,87,82,300,302,172,268,99.0,268,99
dd_w010,mcp4-n080-r16-09,28.564818783456175,1992.0001000000004,1992.0001000000004,0.0,1.698415919,26.866402864456177,26.576033487999997,26.510656346999998,121,117,335,305,307,177,302,127.0,302,127
dd_w010,mcp4-n080-r16-10,53.682351162156,1627.000100000001,1627.000100000001,0.0,1.500213196,52.182137966156006,51.656067676000006,51.467402426,247,235,692,308,310,180,424,248.0,424,248
dd_w010,mcp4-n090-r08-01,776.5652090231977,6051.333466666667,6051.333466666667,0.0,8.30121123,768.2639977931976,765.9238565369997,765.6200577840001,438,431,1477,307,365,163,602,441.0,602,441
dd_w010,mcp4-n090-r08-02,493.11054381751455,6350.000100000001,6350.500250000006,7.876377828802011e-5,6.860136837,486.2504069805145,481.652898179,481.42655694500024,330,323,2714,303,361,159,490,333.0,490,333
dd_w010,mcp4-n090-r08-03,727.5946924689432,6544.400120000011,6544.400120000011,0.0,7.696376324,719.8983161449432,712.587712203,712.3254988739997,370,360,12347,303,361,159,527,370.0,527,370
dd_w010,mcp4-n090-r08-04,748.3081418824668,5604.000199999997,5604.485003145111,8.651019411344802e-5,8.579858954,739.7282829284668,735.7331446170002,735.4868236560001,494,479,2919,303,361,159,646,489.0,646,489
dd_w010,mcp4-n090-r08-05,770.1057582767951,5733.500149999995,5733.500149999995,0.0,8.987526265,761.118232011795,758.979172221,758.719405524,421,414,2012,295,353,151,573,424.0,573,424
dd_w010,mcp4-n090-r08-06,1115.869844135981,6854.833483333327,6855.07417407407,3.511255836153396e-5,8.785249171,1107.084594964981,1060.8480575279987,1060.5140070490002,639,627,53319,306,364,162,797,637.0,797,637
dd_w010,mcp4-n090-r08-07,574.3604231625617,6628.500149999999,6628.500149999999,0.0,7.442270115,566.9181530475616,566.1856793199998,565.9938623669997,308,300,746,300,358,156,464,310.0,464,310
dd_w010,mcp4-n090-r08-08,905.8058038320662,5870.000149999996,5870.000149999996,0.0,8.910370883,896.8954329490662,893.8176517029996,893.5797760679998,376,369,3889,302,360,158,535,379.0,535,379
dd_w010,mcp4-n090-r08-09,638.119563191368,5690.500150000002,5691.005854979971,8.886828339153594e-5,7.800731986,630.318831205368,589.8618916020006,589.6863428409997,370,363,66589,301,359,157,529,375.0,529,375
dd_w010,mcp4-n090-r08-10,489.4775574004956,6615.000099999999,6615.428671428573,6.478781891074765e-5,8.69138358,480.7861738204956,480.1765744410003,480.0323155300001,221,211,596,302,360,158,377,221.0,377,221
dd_w010,mcp4-n090-r10-01,287.7037384460184,5127.500150000003,5127.500150000003,0.0,6.779648299,280.92409014701843,279.32567393000005,279.089276538,263,260,2311,304,339,160,428,270.0,428,270
dd_w010,mcp4-n090-r10-02,342.6208078110262,4945.0002,4945.0002,0.0,5.857163831,336.76364398002625,334.9230036160001,334.6105353900001,410,405,2204,299,334,155,568,415.0,568,415
dd_w010,mcp4-n090-r10-03,180.7293392562716,4279.000100000003,4279.000100000003,0.0,7.175667181,173.5536720752716,173.0943027689999,173.01643715099996,154,150,372,301,336,157,315,160.0,315,160
dd_w010,mcp4-n090-r10-04,435.6962778022451,4416.0001,4416.0001,0.0,6.366750901,429.3295269012451,427.46900070399977,427.12506224299995,438,425,1311,305,340,161,594,435.0,594,435
dd_w010,mcp4-n090-r10-05,455.727182517578,4297.000100000007,4297.000100000007,0.0,7.344121347,448.383061170578,446.3237950639998,446.026957421,357,351,1703,299,334,155,514,361.0,514,361
dd_w010,mcp4-n090-r10-06,698.3588596449085,4412.000199999999,4412.000199999999,0.0,6.736478673,691.6223809719086,687.7564219459999,687.4392569730002,476,462,5640,294,329,150,620,472.0,620,472
dd_w010,mcp4-n090-r10-07,456.3156197037085,4309.0001,4309.0001,0.0,5.972404715,450.3432149887085,441.64681966400025,441.39207309000005,429,420,4965,303,338,159,588,433.0,588,433
dd_w010,mcp4-n090-r10-08,224.20826226611743,4828.0001333333275,4828.0001333333275,0.0,4.709141077,219.49912118911743,219.09283868299997,218.8981986060001,235,227,274,302,337,158,393,237.0,393,237
dd_w010,mcp4-n090-r10-09,220.3627371627544,5061.000099999999,5061.000099999999,0.0,5.748032077,214.6147050857544,214.04455725299997,213.8476541809999,263,258,403,301,336,157,423,268.0,423,268
dd_w010,mcp4-n090-r10-10,444.17428425601236,4562.4001400000025,4562.569236224244,3.7062997337605675e-5,6.170927084,438.00335717201233,419.73991303799994,419.55921287800027,360,352,28557,308,343,164,524,362.0,524,362
dd_w010,mcp4-n090-r12-01,244.517761686426,3706.400139999995,3706.400139999995,0.0,4.624818781,239.89294290542603,233.4113207119999,233.23900145300001,322,311,8386,298,318,154,473,321.0,473,321
dd_w010,mcp4-n090-r12-02,182.00533361632543,3871.000150000001,3871.000150000001,0.0,4.434585764,177.57074785232544,176.89718276299988,176.7070134599999,245,239,629,301,321,157,404,249.0,404,249
dd_w010,mcp4-n090-r12-03,324.22146480006273,3755.0000999999993,3755.0000999999993,0.0,5.150001692,319.07146310806274,318.2419843329999,317.8993456299999,506,495,622,300,320,156,659,505.0,659,505
dd_w010,mcp4-n090-r12-04,141.09306549752185,3608.0001500000017,3608.0001500000017,0.0,5.256138322,135.83692717552185,134.61820746500007,134.48420861699998,268,264,1031,301,321,157,429,274.0,429,274
dd_w010,mcp4-n090-r12-05,83.84038433086975,3550.0001,3550.0001,0.0,4.894724455,78.94565987586975,78.64032260600001,78.57955626999996,141,134,197,301,321,157,299,144.0,299,144
dd_w010,mcp4-n090-r12-06,310.08869618855186,3339.0002000000004,3339.0002000000004,0.0,4.750747151,305.3379490375519,303.627332325,303.33893526699984,432,421,1261,302,322,158,587,431.0,587,431
dd_w010,mcp4-n090-r12-07,273.25750335765747,3782.500150000001,3782.500150000001,0.0,3.916850415,269.34065294265747,268.52783553899985,268.24472561,371,362,593,304,324,160,530,372.0,530,372
dd_w010,mcp4-n090-r12-08,225.05024504576454,3672.0001,3672.0001,0.0,5.836459159,219.21378588676453,214.19096780700002,214.04135043399992,330,322,5832,305,325,161,491,332.0,491,332
dd_w010,mcp4-n090-r12-09,210.75621903905176,4184.0001,4184.0001,0.0,3.131919036,207.62430000305176,205.9675251110001,205.76146662300005,363,352,1677,296,316,152,512,362.0,512,362
dd_w010,mcp4-n090-r12-10,173.00982852197095,3350.3334666666633,3350.3334666666633,0.0,5.120017483,167.88981103897095,158.43228359599993,158.27086455300008,290,286,13286,302,322,158,452,296.0,452,296
dd_w010,mcp4-n090-r14-01,87.34243363693481,3413.0001,3413.0001,0.0,2.73961181,84.60282182693481,84.345454583,84.26448902899999,164,158,99,300,310,156,322,168.0,322,168
dd_w010,mcp4-n090-r14-02,162.46677943587684,3182.000149999999,3182.000149999999,0.0,3.361897434,159.10488200187683,157.24498902500002,157.09302846799997,283,274,2280,299,309,155,438,286.0,438,286
dd_w010,mcp4-n090-r14-03,123.55334510277955,3149.0001999999986,3149.2309369726145,7.327308922237823e-5,3.850767035,119.70257806777954,116.12574574899999,116.00297730699998,228,224,5225,293,303,149,381,234.0,381,234
dd_w010,mcp4-n090-r14-04,90.17202875227991,3646.0001000000007,3646.0001000000007,0.0,3.017956706,87.15407204627991,86.79060341700006,86.62471736799996,202,197,333,292,303,148,354,209.0,354,209
dd_w010,mcp4-n090-r14-05,156.2735358669828,3044.000100000002,3044.000100000002,0.0,3.815041919,152.4584939479828,151.53828647400005,151.29121321200003,327,319,821,301,311,157,484,329.0,484,329
dd_w010,mcp4-n090-r14-06,199.16828536882446,3399.3334666666656,3399.3334666666656,0.0,3.49715948,195.67112588882446,193.40054243100008,193.23031947199993,326,316,2215,292,302,148,474,334.0,474,334
dd_w010,mcp4-n090-r14-07,215.31134782305895,2659.666833333332,2659.666833333332,0.0,3.387418847,211.92392897605896,209.91112309000002,209.666954407,429,414,2595,302,312,158,580,424.0,580,424
dd_w010,mcp4-n090-r14-08,82.91906769358837,2623.500133333333,2623.500133333333,0.0,4.261580778,78.65748691558838,78.29258848400002,78.222373612,169,163,458,302,312,158,330,175.0,330,175
dd_w010,mcp4-n090-r14-09,163.9909612807456,2984.0002000000004,2984.0002000000004,0.0,4.050002304,159.9409589767456,159.07376529399994,158.8284075440001,352,341,754,304,314,160,510,353.0,510,353
dd_w010,mcp4-n090-r14-10,68.80452182237794,2664.0001,2664.0001,0.0,3.532657885,65.27186393737793,64.44777012399997,64.304773021,173,169,783,287,297,143,321,181.0,321,181
dd_w010,mcp4-n090-r16-01,149.98160896353124,2082.333466666667,2082.4211526315794,4.2109473010015785e-5,3.259135819,146.72247314453125,145.53531789200017,145.25808176099986,347,332,1529,300,302,156,496,342.0,496,342
dd_w010,mcp4-n090-r16-02,121.27645203209704,2594.00015,2594.00015,0.0,2.942071167,118.33438086509705,117.28707182299999,117.05822129099995,302,291,1087,300,302,156,455,301.0,455,301
dd_w010,mcp4-n090-r16-03,106.64510701053736,2573.333466666667,2573.333466666667,0.0,2.845650891,103.79945611953735,102.21097027500007,101.99016693999998,276,268,2664,302,304,158,435,280.0,435,280
dd_w010,mcp4-n090-r16-04,100.40161702848462,2174.0001399999974,2174.206780780277,9.50509507692515e-5,3.261825063,97.13979196548462,94.949010511,94.84669769300004,208,199,4494,300,302,156,363,209.0,363,209
dd_w010,mcp4-n090-r16-05,88.23754106694422,2710.00015,2710.00015,0.0,2.180813896,86.05672717094421,85.73597471299999,85.55795413399994,227,217,350,300,302,156,381,227.0,381,227
dd_w010,mcp4-n090-r16-06,80.50190840021936,2677.0001000000016,2677.0001000000016,0.0,3.128304341,77.37360405921936,76.412159044,76.263653845,209,203,611,303,305,159,370,213.0,370,213
dd_w010,mcp4-n090-r16-07,48.49787557384326,2343.00015,2343.00015,0.0,2.270501497,46.22737407684326,45.97078133500003,45.84844522999999,139,135,200,304,306,160,303,145.0,303,145
dd_w010,mcp4-n090-r16-08,38.47179620619714,2537.000100000001,2537.000100000001,0.0,1.949113301,36.522682905197144,36.28664419099997,36.22835164999999,135,130,219,297,299,153,291,140.0,291,140
dd_w010,mcp4-n090-r16-09,114.00236498300501,2431.0001999999995,2431.0001999999995,0.0,3.536699881,110.465665102005,107.86785962500007,107.75495145199993,250,241,2774,297,299,153,402,251.0,402,251
dd_w010,mcp4-n090-r16-10,113.68398479707531,2754.0001000000043,2754.0001000000043,0.0,2.277569573,111.40641522407532,111.001929466,110.80359949100006,250,239,375,297,299,153,400,249.0,400,249
dd_w010,mcp4-n100-r08-01,2421.1069850533277,6727.000200000005,6727.263257894736,3.91047847346565e-5,21.014555177,2400.0924298763275,2385.103027809997,2384.577100488001,463,455,7207,337,400,177,640,465.0,640,465
dd_w010,mcp4-n100-r08-02,3871.064700426954,7489.764852941177,7865.091603490701,0.05011195383552476,18.961190524,3852.103509902954,3838.6841212899994,3837.8075200039993,664,657,5355,340,403,180,845,667.0,845,667
dd_w010,mcp4-n100-r08-03,3296.4909656683676,7652.500149999982,7652.500149999982,0.0,29.245698754,3267.2452669143677,3261.5963154020023,3260.878505721999,523,517,1716,335,398,175,700,527.0,700,527
dd_w010,mcp4-n100-r08-04,780.322950221952,6973.6668,6973.6668,0.0,18.614169218,761.708781003952,760.349655112,760.057375816,232,226,911,334,397,174,408,236.0,408,236
dd_w010,mcp4-n100-r08-05,1403.8749021874546,7837.000100000005,7837.000100000005,0.0,17.269335209,1386.6055669784546,1383.6563988609992,1383.1770370349989,382,375,918,332,395,172,555,385.0,555,385
dd_w010,mcp4-n100-r08-06,3313.3595742785383,6773.400139999991,6773.400139999991,0.0,25.455958327,3287.903615951538,3234.4351763699997,3233.7728639249995,545,541,51266,337,400,177,726,551.0,726,551
dd_w010,mcp4-n100-r08-07,4080.3766115033527,6331.50015,12646.70598235294,0.9974264680942857,22.940885576,4057.435725927353,4020.9694214629994,4020.0445041289977,868,859,21074,330,393,170,1037,869.0,1037,869
dd_w010,mcp4-n100-r08-08,1939.4496841613961,7455.0001666666685,7455.0001666666685,0.0,19.854856271,1919.5948278903961,1864.7877402099994,1864.383092567998,508,502,24640,323,386,163,674,514.0,674,514
dd_w010,mcp4-n100-r08-09,1839.7053109583412,8006.000099999999,8006.000099999998,0.0,17.506672996,1822.1986379623413,1815.2631780050003,1814.8176792949996,338,333,3630,340,403,180,521,343.0,521,343
dd_w010,mcp4-n100-r08-10,2494.0389685382447,7545.000100000001,7545.000100000001,0.0,25.235694622,2468.8032739162445,2467.469163883999,2467.126470910999,311,301,409,328,391,168,477,311.0,477,311
dd_w010,mcp4-n100-r10-01,965.9206270019326,5748.000099999999,5748.000099999999,0.0,9.417394046,956.5032329559326,954.5431290069997,954.1351718679995,436,423,977,334,372,174,606,435.0,606,435
dd_w010,mcp4-n100-r10-02,1116.7990016764618,5565.5001500000035,5565.805296020341,5.482813981018676e-5,9.1418526,1107.6571490764618,1071.508291771,1070.9857754720008,577,567,41266,336,374,176,751,577.0,751,577
dd_w010,mcp4-n100-r10-03,494.08435026927333,5742.000200000001,5742.000200000001,0.0,8.861857336,485.2224929332733,484.0503450149999,483.8104420960001,334,327,750,335,373,175,510,337.0,510,337
dd_w010,mcp4-n100-r10-04,684.4142416409068,5337.000100000001,5337.227950301424,4.2692579567898424e-5,9.058119624,675.3561220169067,659.6329838540004,659.3433244369996,433,427,17175,334,372,174,609,437.0,609,437
dd_w010,mcp4-n100-r10-05,967.2539493823502,5641.60012000001,5642.143007142854,9.62292844754011e-5,8.881783464,958.3721659183502,920.8435843619994,920.3996288370009,580,574,53259,323,361,163,745,584.0,745,584
dd_w010,mcp4-n100-r10-06,1112.3582102343778,4740.2858571428515,4740.2858571428515,0.0,9.246284394,1103.1119258403778,1096.9217903290003,1096.4543891260007,590,572,2761,340,378,180,760,582.0,760,582
dd_w010,mcp4-n100-r10-07,1047.2170032931162,4962.0001,4962.381906756749,7.69461404785197e-5,9.477419324,1037.7395839691162,1022.4964450019997,1021.9620908460006,625,616,15158,339,377,179,803,626.0,803,626
dd_w010,mcp4-n100-r10-08,954.7277190356315,5207.200239999998,5207.200239999998,0.0,10.799583879,943.9281351566315,942.1401646120001,941.7481327020001,513,503,742,340,378,180,691,513.0,691,513
dd_w010,mcp4-n100-r10-09,467.90924471662856,5493.000199999997,5493.000199999997,0.0,10.034467638,457.87477707862854,456.78124140299997,456.5452369550001,306,302,759,329,367,169,479,312.0,479,312
dd_w010,mcp4-n100-r10-10,820.5228238885621,5179.000099999999,5179.000099999999,0.0,8.457105953,812.0657179355621,811.171919274,810.7641160270003,575,563,446,327,365,167,739,575.0,739,575
dd_w010,mcp4-n100-r12-01,230.12019870625025,4715.000099999998,4715.000099999999,0.0,6.231474856,223.88872385025024,223.49495108400012,223.34245866099997,250,246,187,333,355,173,427,256.0,427,256
dd_w010,mcp4-n100-r12-02,257.269026137006,4416.750150000008,4416.750150000008,0.0,8.414481259,248.85454487800598,242.77667296399994,242.55050834700006,280,276,8589,336,358,176,461,288.0,461,288
dd_w010,mcp4-n100-r12-03,655.615610043278,4371.0001,4371.0001,0.0,6.542250077,649.0733599662781,639.9369083820002,639.5550764319995,539,530,10425,334,356,174,713,542.0,713,542
dd_w010,mcp4-n100-r12-04,951.9323590010563,4026.0001000000007,4026.0001,0.0,8.616911909,943.3154470920563,939.2988649790004,938.8510567590009,726,714,2341,329,351,169,891,724.0,891,724
dd_w010,mcp4-n100-r12-05,445.3835714020105,4321.000100000005,4321.4131951000045,9.560173349677457e-5,7.197254435,438.1863169670105,434.5948749220004,434.2757427710003,506,492,2888,330,352,170,670,502.0,670,502
dd_w010,mcp4-n100-r12-06,334.2149573367622,4808.000100000003,4808.000100000003,0.0,7.153276543,327.0616807937622,325.2839021780002,324.93216210599996,389,383,1274,333,355,173,564,393.0,564,393
dd_w010,mcp4-n100-r12-07,473.2545262020946,4274.0001999999995,4274.279372793498,6.531885363463931e-5,6.618907277,466.6356189250946,461.17198598999977,460.84029479000014,462,452,6346,333,355,173,633,462.0,633,462
dd_w010,mcp4-n100-r12-08,359.4447470327351,4097.000133333336,4097.000133333336,0.0,6.830730023,352.6140170097351,351.1985520630001,350.95316470899996,299,289,889,329,351,169,466,299.0,466,299
dd_w010,mcp4-n100-r12-09,370.14113053205006,4716.000100000003,4716.000100000003,0.0,8.685651387,361.45547914505005,360.9927159600001,360.7316491930002,278,271,324,334,356,174,453,281.0,453,281
dd_w010,mcp4-n100-r12-10,224.64786440184412,3990.0000999999984,3990.0000999999984,0.0,6.593892396,218.05397200584412,217.723646992,217.53049148399998,243,238,195,329,351,169,415,248.0,415,248
dd_w010,mcp4-n100-r14-01,249.8431620081626,3127.0001,3127.0001,0.0,7.262648054,242.5805139541626,238.5350219940001,238.22123426200005,383,372,5329,331,341,171,551,382.0,551,382
dd_w010,mcp4-n100-r14-02,291.52277111265903,3279.0001,3279.0001,0.0,6.276751034,285.24602007865906,283.194812693,282.87196745199964,390,382,1878,328,338,168,558,392.0,558,392
dd_w010,mcp4-n100-r14-03,115.39064136313343,3916.000100000003,3916.000100000003,0.0,5.547051342,109.84359002113342,109.44617649100003,109.23379489900003,201,195,380,333,343,173,376,205.0,376,205
dd_w010,mcp4-n100-r14-04,92.7918492122605,3715.0001,3715.0001,0.0,3.858950214,88.9328989982605,88.73942755600001,88.663332605,128,125,56,333,343,173,306,135.0,306,135
dd_w010,mcp4-n100-r14-05,131.39607399208595,3551.0001000000025,3551.0001000000025,0.0,4.145356829,127.25071716308594,127.00326397300002,126.91532436900003,150,146,121,333,343,173,327,156.0,327,156
dd_w010,mcp4-n100-r14-06,467.49129859071934,3210.0001500000026,3210.0001500000026,0.0,7.409686719,460.08161187171936,458.29125386600043,457.9256757789998,489,479,1787,338,348,178,665,489.0,665,489
dd_w010,mcp4-n100-r14-07,274.63870313489343,3198.000199999999,3198.000199999999,0.0,5.538099316,269.10060381889343,268.505200478,268.13156919500017,406,395,367,337,347,177,581,407.0,581,407
dd_w010,mcp4-n100-r14-08,161.527308213557,3560.000100000002,3560.000100000002,0.0,4.536412227,156.990895986557,156.5734047509999,156.45101047900005,225,217,344,339,349,179,404,227.0,404,227
dd_w010,mcp4-n100-r14-09,334.092900848563,3627.7501624999995,3627.7501624999995,0.0,4.638084984,329.454815864563,327.2981613759998,327.01297425899986,415,400,2595,335,345,175,584,412.0,584,412
dd_w010,mcp4-n100-r14-10,298.0983730473933,3540.600139999999,3540.935484615385,9.471406036435974e-5,5.941887013,292.1564860343933,289.72406268800006,289.47142658699994,453,439,2280,340,350,180,627,449.0,627,449
dd_w010,mcp4-n100-r16-01,234.2085611135365,3241.000100000003,3241.000100000003,0.0,3.442734173,230.7658269405365,230.266338486,230.06065330500013,331,316,453,329,330,169,493,326.0,493,326
dd_w010,mcp4-n100-r16-02,169.9881273055117,2910.00015,2910.00015,0.0,4.131140306,165.85698699951172,165.4105088400001,165.18383819,280,271,303,329,330,169,449,283.0,449,283
dd_w010,mcp4-n100-r16-03,75.97441553308899,3159.000100000001,3159.000100000001,0.0,3.40688657,72.56752896308899,72.32644016599998,72.246095028,153,149,146,325,326,165,322,159.0,322,159
dd_w010,mcp4-n100-r16-04,197.3874868751122,3067.000100000001,3067.000100000001,0.0,4.814531982,192.57295489311218,192.166525716,191.9418062039999,205,196,287,327,328,167,371,206.0,371,206
dd_w010,mcp4-n100-r16-05,219.24953649920397,2811.0001000000098,2811.0001000000098,0.0,5.244929537,214.00460696220398,212.84050260100003,212.54768347100014,407,398,860,325,326,165,571,408.0,571,408
dd_w010,mcp4-n100-r16-06,58.27292061104602,2984.0001000000007,2984.0001000000007,0.0,4.378601792,53.89431881904602,53.668126961999995,53.55361100699998,93,89,99,331,332,171,268,99.0,268,99
dd_w010,mcp4-n100-r16-07,151.3251545847389,2678.0001000000034,2678.0001000000034,0.0,5.469853443,145.8553011417389,145.483604969,145.32523542200008,259,249,315,333,334,173,430,259.0,430,259
dd_w010,mcp4-n100-r16-08,267.72692358946887,3016.000200000001,3016.000200000001,0.0,4.353911762,263.3730118274689,260.038107316,259.79448963899995,338,331,5318,325,327,165,506,345.0,506,345
dd_w010,mcp4-n100-r16-09,155.94467772792603,2889.0001600000032,2889.0001600000032,0.0,4.83982076,151.10485696792603,150.52818301500002,150.32547829199993,328,322,540,331,332,171,501,332.0,501,332
dd_w010,mcp4-n100-r16-10,141.19120020219214,2992.0000999999997,2992.0000999999993,0.0,3.489651149,137.70154905319214,136.964226986,136.75493775600003,301,297,576,334,335,174,479,307.0,479,307
dd_w010,mcp4-n110-r08-01,1466.8966573327234,7634.000200000001,7634.000200000001,0.0,21.179884538,1445.7167727947235,1440.574828158001,1440.3289575529996,394,386,3902,339,407,165,559,396.0,559,396
dd_w010,mcp4-n110-r08-02,3553.55980500219,7522.000100000007,7522.000100000007,0.0,23.025986042,3530.53381896019,3524.928915286001,3524.542510029,530,521,3892,343,411,169,698,531.0,698,531
dd_w010,mcp4-n110-r08-03,3632.7201415376217,8230.000100000003,13877.109026652915,0.6861614651320491,20.934928544,3611.785212993622,3597.851261835006,3597.3689059639955,761,754,6310,341,409,167,929,764.0,929,764
dd_w010,mcp4-n110-r08-04,4308.695781213131,7551.000100000003,29677.984896469367,2.9303383000179477,20.664234382,4288.031546831131,4287.265745235,4286.927236167998,422,415,437,345,413,171,594,425.0,594,425
dd_w010,mcp4-n110-r08-05,1966.3431172589796,7733.333499999999,7733.333499999999,0.0,23.002216361,1943.3409008979797,1918.8379662579996,1918.5679514320002,409,403,27806,342,410,168,579,413.0,579,413
dd_w010,mcp4-n110-r08-06,2843.276113540253,8346.666799999995,8346.666799999995,0.0,24.163891584,2819.112221956253,2815.973072685999,2815.770528857001,382,376,1749,344,412,170,554,386.0,554,386
dd_w010,mcp4-n110-r08-07,4495.364950795975,6666.500149999997,14080.12059328041,1.1120708432415494,28.266850849,4467.098099946976,4455.571433070001,4455.364054872,405,399,8863,342,410,168,576,411.0,576,411
dd_w010,mcp4-n110-r08-08,1698.5988503506815,8720.3335,8720.3335,0.0,23.566580396,1675.0322699546814,1674.1704630699999,1673.9980897969997,298,291,620,339,407,165,464,301.0,464,301
dd_w010,mcp4-n110-r08-09,3608.4283501737086,7107.000199999997,13946.161588119721,0.9623133805624106,24.362697088,3584.0656530857086,3551.581362291997,3551.1101995420004,586,581,38157,345,413,171,760,591.0,760,591
dd_w010,mcp4-n110-r08-10,3529.288939462738,7896.000199999999,7896.640788715075,8.11282546670622e-5,23.5297675,3505.759171962738,3379.646103504004,3379.194310856001,719,711,174517,340,408,166,885,721.0,885,721
dd_w010,mcp4-n110-r10-01,2389.26304220145,5975.000099999999,5975.000099999999,0.0,14.822577228,2374.4404649734497,2370.795319041997,2370.4331443350015,637,625,2589,344,384,170,803,635.0,803,635
dd_w010,mcp4-n110-r10-02,1130.9501640452168,5588.000100000001,5588.490985173792,8.784630726670122e-5,15.439166273,1115.5109977722168,1113.9829219520004,1113.659575972,376,369,1312,338,378,164,541,379.0,541,379
dd_w010,mcp4-n110-r10-03,856.9907105466576,6293.200140000006,6293.200140000006,0.0,15.007697632,841.9830129146576,840.7535083020002,840.5311283629997,353,347,991,338,378,164,519,357.0,519,357
dd_w010,mcp4-n110-r10-04,1598.9029282669096,5736.000099999999,5736.000099999999,0.0,14.590886269,1584.3120419979095,1578.7642882869993,1578.3987855949983,517,507,4377,341,381,167,682,517.0,682,517
dd_w010,mcp4-n110-r10-05,1175.0046025275713,6081.666799999999,6081.666799999999,0.0,15.529246664,1159.4753558635712,1158.200097199,1158.0114777100005,391,385,866,342,382,168,562,399.0,562,399
dd_w010,mcp4-n110-r10-06,1369.4878024656757,6171.0001,6171.0001,0.0,11.994107445,1357.4936950206757,1352.9387667549995,1352.5772365620005,540,531,4284,332,372,158,698,543.0,698,543
dd_w010,mcp4-n110-r10-07,3604.0007147503156,5504.500200000006,9825.667598682947,0.7850244784590863,14.634734602,3589.3659801483154,3556.613324519998,3556.1328138970025,915,907,27554,333,373,159,1074,917.0,1074,917
dd_w010,mcp4-n110-r10-08,3005.188399736454,6140.000150000006,6140.000150000006,0.0,17.442633812,2987.7457659244537,2969.068812782999,2968.3534954559996,955,941,17318,340,380,166,1115,951.0,1115,951
dd_w010,mcp4-n110-r10-09,3377.9401849820474,6376.000149999993,6376.000149999993,0.0,16.284812124,3361.6553728580475,3354.9028124409997,3354.5813897979974,586,571,2408,347,387,173,752,581.0,752,581
dd_w010,mcp4-n110-r10-10,1505.9549047241803,6065.000139999998,6065.384715384617,6.34089654973996e-5,17.009756733,1488.9451479911804,1483.3064692580003,1482.9643008770006,437,433,7150,337,377,163,604,443.0,604,443
dd_w010,mcp4-n110-r12-01,609.7142640796048,5279.500150000001,5279.500150000002,0.0,8.840134069,600.8741300106049,593.544482015,593.3100045029997,352,347,9770,342,364,168,525,363.0,525,363
dd_w010,mcp4-n110-r12-02,1132.3645889783722,4376.000100000003,4376.000100000003,0.0,13.647143128,1118.7174458503723,1116.9481746589997,1116.3183786110008,565,555,820,335,357,161,724,565.0,724,565
dd_w010,mcp4-n110-r12-03,1252.1683162760048,5184.000099999999,5184.449834402714,8.675431983787319e-5,12.891886146,1239.2764301300049,1230.4619209510006,1230.067610791,559,549,10015,336,358,162,720,561.0,720,561
dd_w010,mcp4-n110-r12-04,888.3741231855055,4269.000099999999,4269.000099999999,0.0,12.986479133,875.3876440525055,873.8609085790007,873.4474791340006,459,449,787,334,356,160,617,459.0,617,459
dd_w010,mcp4-n110-r12-05,549.1150882667231,4786.500149999993,4786.500149999993,0.0,14.137895388,534.9771928787231,513.6466465369997,513.3394257459998,389,385,27580,343,365,169,562,395.0,562,395
dd_w010,mcp4-n110-r12-06,1357.07481157652,4867.666799999999,4867.666799999999,0.0,12.947284578,1344.12752699852,1338.0081037599994,1337.3485311079996,688,680,5485,340,362,166,854,690.0,854,690
dd_w010,mcp4-n110-r12-07,1217.7416777524554,5195.50015,5195.719339373604,4.218831051413253e-5,12.029997817,1205.7116799354553,1187.4158065649997,1186.9367410819998,629,623,18962,339,361,165,796,633.0,796,633
dd_w010,mcp4-n110-r12-08,644.8192948804173,4649.555699999999,4649.555699999999,0.0,14.174316834,630.6449780464172,629.8847489680003,629.6370555209994,349,340,571,333,355,159,507,350.0,507,350
dd_w010,mcp4-n110-r12-09,569.3826277689188,4766.000166666664,4766.000166666664,0.0,12.374274774,557.0083529949188,527.1495140379996,526.8782349199997,380,377,45199,340,362,166,551,387.0,551,387
dd_w010,mcp4-n110-r12-10,1254.585548203945,4922.000099999999,4922.000099999999,0.0,13.217848104,1241.367700099945,1240.2169629550008,1239.9512855160003,530,516,906,344,366,170,694,526.0,694,526
dd_w010,mcp4-n110-r14-01,509.9727701952921,4101.800179999999,4101.800179999999,0.0,6.725279074,503.2474911212921,501.487070734,501.2176934140001,433,421,1055,334,343,160,590,433.0,590,433
dd_w010,mcp4-n110-r14-02,419.54377329342066,4067.0001333333357,4067.1481635762784,3.63978947847659e-5,9.479122281,410.06465101242065,407.13416154999993,406.97471887599994,339,334,3585,333,342,159,501,344.0,501,344
dd_w010,mcp4-n110-r14-03,470.18710426221486,4554.0001,4554.0001,0.0,7.959725417,462.22737884521484,458.22597890300005,457.9056762200001,435,428,4230,333,342,159,595,438.0,595,438
dd_w010,mcp4-n110-r14-04,576.1743537238319,4383.000100000001,4383.000100000001,0.0,7.039972668,569.1343810558319,567.9442156109998,567.6545640420002,446,439,958,339,349,165,614,454.0,614,454
dd_w010,mcp4-n110-r14-05,1201.454603313066,3578.0001000000016,3578.0001000000016,0.0,9.611468433,1191.843134880066,1188.8811764499997,1188.4351174020003,658,643,1886,339,348,165,817,655.0,817,655
dd_w010,mcp4-n110-r14-06,712.5220603823192,3597.0002000000045,3597.0002000000045,0.0,10.947999227,701.5740611553192,700.159460777,699.8747176739995,450,441,990,337,346,163,612,451.0,612,451
dd_w010,mcp4-n110-r14-07,806.7338060542262,4315.166800000001,4315.166800000001,0.0,8.878277938,797.8555281162262,791.7753167009995,791.3819643570005,536,523,6381,346,355,172,704,535.0,704,535
dd_w010,mcp4-n110-r14-08,562.009384884393,4166.666800000008,4166.666800000008,0.0,8.078806891,553.930577993393,552.597559375,552.2903275659999,483,474,1107,335,344,161,643,484.0,643,484
dd_w010,mcp4-n110-r14-09,506.0922278287179,4067.0002,4067.0002,0.0,7.740419996,498.3518078327179,492.3842777540002,492.00901646100016,566,554,5831,341,350,167,731,568.0,731,568
dd_w010,mcp4-n110-r14-10,727.5672043641517,3643.0001999999995,3643.0001999999995,0.0,11.285634168,716.2815701961517,709.2210430010005,708.8702705059992,521,510,8750,337,346,163,681,520.0,681,520
dd_w010,mcp4-n110-r16-01,398.7174514139326,3365.0001,3365.0000999999997,0.0,5.450546583,393.2669048309326,392.03038313999986,391.7172762010003,456,446,724,329,328,155,609,456.0,609,456
dd_w010,mcp4-n110-r16-02,455.65332798488123,3295.000100000001,3295.000100000001,0.0,6.093408866,449.5599191188812,448.42635907899995,448.161585055,506,494,901,336,335,162,664,504.0,664,504
dd_w010,mcp4-n110-r16-03,173.6187587434768,3681.0001999999995,3681.0001999999995,0.0,6.414223736,167.2045350074768,165.0647330279999,164.93257434199992,240,236,3450,341,340,167,411,246.0,411,246
dd_w010,mcp4-n110-r16-04,412.110660440543,3299.3335000000015,3299.3335000000015,0.0,7.370067484,404.74059295654297,403.79813381600025,403.57267622099977,437,429,642,339,338,165,602,439.0,602,439
dd_w010,mcp4-n110-r16-05,289.2291631276586,3513.0001,3513.0001,0.0,5.132661062,284.09650206565857,283.75179229200006,283.5795882669999,248,239,217,341,340,167,414,249.0,414,249
dd_w010,mcp4-n110-r16-06,495.4895818421047,3310.5001500000026,3310.8153866241996,9.52232623209641e-5,5.704100866,489.78548097610474,448.7251039930003,448.3971429460002,631,621,44383,340,339,166,797,635.0,797,635
dd_w010,mcp4-n110-r16-07,447.28995913288367,3346.0001000000016,3346.0001000000016,0.0,5.751981199,441.53797793388367,441.03659448899987,440.8154317979998,327,319,350,339,338,165,492,329.0,492,329
dd_w010,mcp4-n110-r16-08,332.2729561474846,3322.0001500000003,3322.0001500000003,0.0,5.412461057,326.8604950904846,324.45897367199984,324.1780846939999,380,373,3501,333,332,159,540,383.0,540,383
dd_w010,mcp4-n110-r16-09,520.139959809016,3576.0000999999997,3576.0000999999997,0.0,6.527912852,513.612046957016,509.2950431860001,508.939398066,499,488,4391,336,335,162,658,498.0,658,498
dd_w010,mcp4-n110-r16-10,792.061309143319,3257.000100000001,3257.000100000001,0.0,7.666499182,784.394809961319,782.8531407919999,782.3813180710002,552,539,1407,345,344,171,719,551.0,719,551
dd_w010,mcp4-n120-r08-01,3949.0411327670527,8797.000150000007,17621.948980304405,1.0031770694359248,36.707858641,3912.333274126053,3909.8263438720023,3909.206155600999,621,615,1515,362,435,172,795,625.0,795,625
dd_w010,mcp4-n120-r08-02,4065.380913569664,7371.000166666663,20622.496957189815,1.7977881550524757,37.690494611,4027.690418958664,4024.926746590002,4024.440700470999,502,492,1031,364,437,174,675,504.0,675,504
dd_w010,mcp4-n120-r08-03,3614.770973482503,8502.636518181818,19799.628712290494,1.3286457876861464,34.959262648,3579.811710834503,3571.784294824997,3571.3607962329997,486,481,6252,365,438,175,664,491.0,664,491
dd_w010,mcp4-n120-r08-04,3618.747158566431,5580.0002,16592.94812259887,1.9736465103708902,38.794800559,3579.952358007431,3575.6012689050012,3574.9690227779997,689,682,2371,361,434,171,861,692.0,861,692
dd_w010,mcp4-n120-r08-05,3614.5664396640786,8176.2501749999865,18694.581943545436,1.2864493555623702,35.008147752,3579.558291912079,3576.5140338289993,3576.149031144999,441,435,1754,359,432,169,612,445.0,612,445
dd_w010,mcp4-n120-r08-06,3618.6807218079216,8936.57155714287,16271.02157468953,0.8207230223188156,41.025260735,3577.6554610729218,3561.348973740999,3560.878894172997,642,639,15318,361,434,171,818,649.0,818,649
dd_w010,mcp4-n120-r08-07,3630.911661100952,8067.666799999994,17891.204931909582,1.2176430156869638,45.71872325,3585.192937850952,3575.072118049995,3574.710538338003,489,481,7350,354,427,164,653,491.0,653,491
dd_w010,mcp4-n120-r08-08,5474.403079781941,8921.000199999991,19579.48507886028,1.1947634390659807,45.066380773,5429.336699008942,5427.651219171003,5427.395278554996,325,320,587,364,437,174,502,330.0,502,330
dd_w010,mcp4-n120-r08-09,6843.131644353225,8341.400136,10818.367527803905,0.29694863589072457,53.606402263,6789.525242090225,6786.145797037,6785.754736201006,514,508,1075,367,440,177,693,518.0,693,518
dd_w010,mcp4-n120-r08-10,3720.109695030407,6380.500150000013,17305.970443083068,1.7123219240239393,30.233065201,3689.8766298294067,3687.0361224470007,3686.5819208770026,556,549,1246,363,436,173,730,559.0,730,559
dd_w010,mcp4-n120-r10-01,5259.672705142767,5076.333500000004,18537.195665374926,2.6516898791962564,184.697657316,5074.975047826767,5071.178059068999,5069.675321851997,204,199,130,363,406,173,380,209.0,380,209
dd_w010,mcp4-n120-r10-02,3811.9887169872854,3706.0003000000033,19295.64878849537,4.206596661229454,199.643289951,3612.3454270362854,3607.7970881900023,3606.7451396940005,199,196,431,364,407,174,378,206.0,378,206
dd_w010,mcp4-n120-r10-03,5456.237475061167,5743.0003,24647.501712236717,3.2917465479214267,210.859908962,5245.377566099167,5242.562112698003,5241.528143175,156,151,80,368,411,178,337,161.0,337,161
dd_w010,mcp4-n120-r10-04,3632.892421893968,5548.800239999999,14937.333433333339,1.6919933656385047,181.165343933,3451.727077960968,3438.027671879,3436.698271848,192,190,589,356,399,166,364,200.0,364,200
dd_w010,mcp4-n120-r10-05,3755.9038942189645,5162.000199999999,19815.51217078033,2.8387275093054694,199.797879252,3556.1060149669647,3553.2847971479987,3552.354487961,171,166,218,368,411,178,352,176.0,352,176
dd_w010,mcp4-n120-r10-06,4464.972042322313,4718.750200000001,21296.763780583715,3.5132212721461094,202.669414282,4262.302628040314,4257.620358699997,4256.3903543669985,214,212,375,361,404,171,391,222.0,391,222
dd_w010,mcp4-n120-r10-07,4511.926309083284,4767.00015,29539.464535146442,5.196656934266395,219.543326114,4292.382982969284,4287.888718944999,4286.296214690001,243,239,467,359,402,169,416,249.0,416,249
dd_w010,mcp4-n120-r10-08,3835.2787812450083,5864.000200000004,15112.208161688877,1.5771159014777774,188.928381274,3646.3503999710083,3643.6005052809996,3642.7185969059997,170,166,184,361,404,171,345,176.0,345,176
dd_w010,mcp4-n120-r10-09,5059.470462102442,6228.000100000001,7421.9957284152915,0.19171413122091796,202.408177156,4857.062284946442,4851.785285355,4851.055851033003,163,161,567,360,403,170,339,171.0,339,171
dd_w010,mcp4-n120-r10-10,3820.7525373380113,6147.000200000003,19027.720224207846,2.0954481218672867,200.767184345,3619.9853529930115,3617.2708378119987,3616.6130650200002,140,138,132,356,399,166,312,148.0,312,148
dd_w010,mcp4-n120-r12-01,1635.6577169920793,5697.000100000001,5697.000100000001,0.0,16.744828942,1618.9128880500793,1614.3839271670013,1613.8637668910003,538,531,1441,357,380,167,706,541.0,706,541
dd_w010,mcp4-n120-r12-02,2739.950254205189,5520.000199999998,5520.160749374878,2.9085030627398784e-5,18.98956323,2720.960690975189,2613.558341153001,2612.9393162880024,764,755,132181,359,382,169,932,765.0,932,765
dd_w010,mcp4-n120-r12-03,1125.8547181404601,5226.000150000003,5226.000150000003,0.0,18.944733075,1106.9099850654602,1101.826316789,1101.5019038330001,472,466,4937,359,382,169,643,476.0,643,476
dd_w010,mcp4-n120-r12-04,1861.791952593465,5197.000149999995,5197.3050016701445,5.865916131428614e-5,19.388740523,1842.403212070465,1800.364507432999,1799.806850317,733,730,62221,362,385,172,910,740.0,910,740
dd_w010,mcp4-n120-r12-05,1394.0842356839485,5477.000100000007,5477.000100000007,0.0,18.673815743,1375.4104199409485,1373.8094053270008,1373.434865729001,583,572,1124,359,382,169,749,582.0,749,582
dd_w010,mcp4-n120-r12-06,2159.9327724942877,5150.30015,5150.30015,0.0,18.277473546,2141.655298948288,2135.9580102599994,2135.558798639999,622,613,4590,356,379,166,787,623.0,787,623
dd_w010,mcp4-n120-r12-07,2162.8369557133265,5552.0001,5552.000149999998,9.005763135234644e-9,19.053545641,2143.7834100723267,2140.914061941001,2140.434960411001,589,583,2075,352,375,162,753,593.0,753,593
dd_w010,mcp4-n120-r12-08,3717.344306464417,5180.333477777767,9092.762040192314,0.755246468050331,18.746203418,3698.5981030464172,3685.8217669469987,3685.0897679010022,1003,989,9386,355,378,165,1162,999.0,1162,999
dd_w010,mcp4-n120-r12-09,515.6194120464387,5736.000099999998,5736.0000999999975,0.0,18.624157053,496.9952549934387,496.14326284399993,495.95137674199987,239,235,877,363,386,173,416,245.0,416,245
dd_w010,mcp4-n120-r12-10,2826.268927800082,5593.000100000003,5593.505641929067,9.038832827194801e-5,18.433104741,2807.835823059082,2775.8885647719985,2775.175131065001,932,920,30176,365,388,175,1103,930.0,1103,930
dd_w010,mcp4-n120-r14-01,1640.355038029858,4963.000100000001,4963.000100000001,0.0,14.849372966,1625.505665063858,1613.5671894289999,1612.9795470600009,718,707,9585,353,362,163,879,719.0,879,719
dd_w010,mcp4-n120-r14-02,1216.2632871800995,4841.000150000002,4841.279543872788,5.771408058857134e-5,11.976238125,1204.2870490550995,1130.1340262810013,1129.5929400230013,951,945,59568,357,366,167,1120,955.0,1120,955
dd_w010,mcp4-n120-r14-03,1274.7640515879236,4269.333466666669,4269.397656925208,1.5035194378831442e-5,15.135518463,1259.6285331249237,1240.081245749,1239.6393661010006,669,658,21005,357,366,167,833,668.0,833,668
dd_w010,mcp4-n120-r14-04,1062.3208619700881,4003.00015,4003.00015,0.0,18.376587783,1043.944274187088,1038.1226664279998,1037.766864822001,448,443,5825,364,373,174,626,458.0,626,458
dd_w010,mcp4-n120-r14-05,683.6628135540668,4559.000100000007,4559.000100000007,0.0,13.38175262,670.2810609340668,669.7849315579998,669.5836181419995,319,310,303,360,369,170,488,320.0,488,320
dd_w010,mcp4-n120-r14-06,693.3714315666901,4695.000120000008,4695.000120000008,0.0,14.432993628,678.9384379386902,677.8321583500001,677.5742013880003,370,365,766,367,376,177,550,375.0,550,375
dd_w010,mcp4-n120-r14-07,1115.3425283014171,4324.333466666664,4324.357249443573,5.4997555327542594e-6,14.275457102,1101.0670711994171,1040.3988297790004,1040.0558373580002,475,468,69030,362,371,172,649,480.0,649,480
dd_w010,mcp4-n120-r14-08,495.7736455047802,4333.000200000002,4333.000200000002,0.0,12.781142577,482.99250292778015,482.3723152010001,482.2386246659999,182,175,677,354,363,164,347,185.0,347,185
dd_w010,mcp4-n120-r14-09,970.2584614089494,4077.000100000001,4077.000100000001,0.0,14.191583567,956.0668778419495,952.7820494,952.4164916209998,476,470,4109,368,377,178,656,480.0,656,480
dd_w010,mcp4-n120-r14-10,590.2347902235804,4344.000099999992,4344.000099999992,0.0,12.28165521,577.9531350135803,577.3610900499997,577.0962863109999,365,357,348,356,365,166,531,367.0,531,367
dd_w010,mcp4-n120-r16-01,933.2258096939993,3533.0000999999984,3533.0000999999984,0.0,9.675672651,923.5501370429993,920.5839910280005,919.9589373339999,659,652,2209,358,357,168,829,664.0,829,664
dd_w010,mcp4-n120-r16-02,695.9093807763028,4065.000150000003,4065.000150000003,0.0,9.460165841,686.4492149353027,683.9893589029999,683.5528434169998,504,497,2093,362,360,172,677,507.0,677,507
dd_w010,mcp4-n120-r16-03,623.4321446501971,4025.4001399999997,4025.4001399999997,0.0,7.284243592,616.147901058197,585.4256509539998,585.103242048,419,412,37841,361,359,171,591,422.0,591,422
dd_w010,mcp4-n120-r16-04,417.400889096006,3979.000100000002,3979.000100000002,0.0,11.794391093,405.606498003006,404.5335806280003,404.2535786359998,349,342,751,358,356,168,518,352.0,518,352
dd_w010,mcp4-n120-r16-05,329.7065289489973,3748.0001,3748.0001,0.0,9.348213958,320.3583149909973,319.875771884,319.63411353199996,269,262,278,365,363,175,445,272.0,445,272
dd_w010,mcp4-n120-r16-06,615.8463816839909,3716.00015,3716.00015,0.0,12.619082709,603.2272989749908,596.5835714599998,596.2074076430005,475,470,7663,366,364,176,654,480.0,654,480
dd_w010,mcp4-n120-r16-07,773.9850518226065,3743.5001999999977,3743.5001999999977,0.0,10.066882801,763.9181690216064,761.7635405509994,761.3952340190003,525,515,1677,365,363,175,698,525.0,698,525
dd_w010,mcp4-n120-r16-08,951.6936571218349,3480.333466666667,3480.333466666667,0.0,12.974886141,938.718770980835,933.2805765090001,932.838528536,671,660,6243,360,358,170,838,670.0,838,670
dd_w010,mcp4-n120-r16-09,358.9482722098871,3623.0001000000007,3623.0001000000007,0.0,9.348043185,349.6002290248871,349.1245741000001,348.9010762310001,270,261,301,358,356,168,437,271.0,437,271
dd_w010,mcp4-n120-r16-10,944.8478667275897,3788.0001333333307,3788.0001333333303,0.0,12.24160762,932.6062591075897,922.500030208001,921.8738087690007,694,684,9303,362,360,172,865,696.0,865,696
dd_w020,mcp4-n070-r08-01,70.79975526532935,4283.000133333335,4283.000133333335,0.0,3.331691434,67.46806383132935,66.97824406999999,66.758293859,159,152,459,417,474,305,475,172.0,475,172
dd_w020,mcp4-n070-r08-02,62.581020168813964,4517.500149999998,4517.500149999998,0.0,3.188008122,59.393012046813965,58.74403197999997,58.564476561,154,151,555,395,453,283,454,175.0,454,175
dd_w020,mcp4-n070-r08-03,57.92524141416724,3691.0002000000013,3691.000200000001,0.0,3.276845399,54.648396015167236,52.97317873200001,52.84986361200001,129,121,1419,405,462,293,432,141.0,432,141
dd_w020,mcp4-n070-r08-04,132.0422590201881,4690.000100000001,4690.000100000002,0.0,2.460464043,129.5817949771881,129.09338647600003,128.827206753,192,183,315,398,455,286,487,203.0,487,203
dd_w020,mcp4-n070-r08-05,78.58892819999414,3845.000100000001,3845.000100000001,0.0,3.586269356,75.00265884399414,70.80995545599998,70.564195518,169,163,6546,412,469,300,481,183.0,481,183
dd_w020,mcp4-n070-r08-06,56.61691922391101,4825.000149999996,4825.000149999996,0.0,3.200073187,53.41684603691101,53.06676155899998,52.89814381500002,110,105,233,417,474,305,429,127.0,429,127
dd_w020,mcp4-n070-r08-07,49.68809370881433,3732.000100000001,3732.000100000001,0.0,3.772298621,45.91579508781433,45.566463514,45.401102804999994,118,111,280,399,456,287,416,131.0,416,131
dd_w020,mcp4-n070-r08-08,74.26691024254187,4167.000100000001,4167.000100000001,0.0,3.592713284,70.67419695854187,69.31792071499999,69.10152862,177,167,753,403,460,291,476,187.0,476,187
dd_w020,mcp4-n070-r08-09,186.94993974396118,4190.000100000001,4190.028663792385,6.8171340576974254e-6,3.20478584,183.74515390396118,180.58467857000005,180.2627769540001,288,274,3392,411,468,299,591,294.0,591,294
dd_w020,mcp4-n070-r08-10,17.159076397118042,4291.000100000003,4291.000100000003,0.0,2.963780348,14.195296049118042,13.937128305999996,13.835887329000002,56,52,97,409,466,297,367,72.0,367,72
dd_w020,mcp4-n070-r10-01,62.67329350910791,3716.0002,3716.0002,0.0,2.002859511,60.67043399810791,53.805868409999995,53.471356010000015,204,200,8304,397,436,285,503,220.0,503,220
dd_w020,mcp4-n070-r10-02,90.28311263100012,3023.0001499999994,3023.138736363637,4.5843981727022736e-5,2.734502659,87.54860997200012,85.8586025,85.473830261,200,187,1505,407,446,295,500,207.0,500,207
dd_w020,mcp4-n070-r10-03,33.702141594341555,3403.000100000002,3403.000100000002,0.0,2.886752438,30.815389156341553,30.502595946000003,30.388630439000007,106,100,142,401,441,289,408,122.0,408,122
dd_w020,mcp4-n070-r10-04,72.19621235856373,3412.250149999996,3412.250149999996,0.0,1.834502287,70.36171007156372,65.54568178000001,65.12933877700003,219,211,5828,390,429,278,507,231.0,507,231
dd_w020,mcp4-n070-r10-05,56.30077181445789,3104.000100000002,3104.000100000002,0.0,1.994063717,54.306708097457886,53.702416733999975,53.523809807000006,184,172,589,391,430,279,470,194.0,470,194
dd_w020,mcp4-n070-r10-06,39.15817669867847,3933.0002000000013,3933.0002000000013,0.0,0.583561697,38.57461500167847,37.084027494000004,36.91268256199999,132,124,2132,405,444,293,435,144.0,435,144
dd_w020,mcp4-n070-r10-07,39.070919111868406,3412.000100000001,3412.000100000001,0.0,1.492000178,37.57891893386841,36.67010155500001,36.51108655600001,123,117,884,396,435,284,419,137.0,419,137
dd_w020,mcp4-n070-r10-08,26.117717421436033,3314.00015,3314.0001500000008,0.0,1.639147437,24.478569984436035,24.094162586000003,23.944418961,96,92,525,391,430,279,389,112.0,389,112
dd_w020,mcp4-n070-r10-09,62.54951244225891,3319.6668,3319.6668,0.0,3.11573058,59.43378186225891,58.113002274000024,57.84922357600001,169,162,1512,398,438,286,468,186.0,468,186
dd_w020,mcp4-n070-r10-10,49.44355218503882,4003.50015,4003.5001499999994,0.0,1.237534214,48.20601797103882,47.633764328,47.41261916900001,161,151,696,397,436,285,455,173.0,455,173
dd_w020,mcp4-n070-r12-01,35.97333719476709,2717.000180000001,2717.19548362549,7.188208043807787e-5,1.527804396,34.44553279876709,34.10588888300001,33.87084781,165,159,299,394,422,282,460,182.0,460,182
dd_w020,mcp4-n070-r12-02,35.19473622324255,2701.3334666666674,2701.3334666666674,0.0,1.393831234,33.800904989242554,33.13104960300002,32.96090117399999,154,147,671,415,443,303,468,167.0,468,167
dd_w020,mcp4-n070-r12-03,38.732511610536136,2729.0001,2729.0001,0.0,1.221889586,37.51062202453613,37.121614519,36.95360274900001,155,146,470,388,416,276,440,166.0,440,166
dd_w020,mcp4-n070-r12-04,37.50610019227503,2555.000100000001,2555.000100000001,0.0,2.077677026,35.428423166275024,34.95203229100001,34.812747992999995,144,139,501,390,418,278,436,161.0,436,161
dd_w020,mcp4-n070-r12-05,50.26864177661756,2196.000140000002,2196.000140000002,0.0,2.716027803,47.552613973617554,47.268597525000004,47.01694852700001,163,152,289,401,429,289,460,174.0,460,174
dd_w020,mcp4-n070-r12-06,39.48562763139075,2249.0001,2249.0001,0.0,1.625341634,37.86028599739075,37.34838792499999,37.135327557999986,141,131,583,398,426,286,436,153.0,436,153
dd_w020,mcp4-n070-r12-07,44.35638295853271,2338.500200000003,2338.500200000003,0.0,2.216605775,42.139777183532715,40.973803595,40.747019267,167,162,1253,384,412,272,452,182.0,452,182
dd_w020,mcp4-n070-r12-08,51.708250844708616,2860.333466666667,2860.333466666667,0.0,1.535175884,50.17307496070862,47.184531864999975,46.958615093,168,162,3921,386,414,274,454,182.0,454,182
dd_w020,mcp4-n070-r12-09,58.27900858689746,2674.0001000000016,2674.0001000000016,0.0,1.460994442,56.81801414489746,55.28735364600001,55.069838844000024,169,161,1428,389,417,277,456,181.0,456,181
dd_w020,mcp4-n070-r12-10,32.582391476448365,2880.0002000000004,2880.0002000000004,0.0,1.33874557,31.243645906448364,30.637081981999994,30.460177060999996,122,116,712,401,429,289,423,136.0,423,136
dd_w020,mcp4-n070-r14-01,27.496140086249266,2391.6668000000027,2391.6668000000027,0.0,1.422077262,26.074062824249268,24.331479503000008,24.187058894000003,151,143,2214,408,427,296,458,165.0,457,163
dd_w020,mcp4-n070-r14-02,37.44963549894079,1915.5001499999998,1915.5001499999998,0.0,1.300862544,36.148772954940796,35.80758934,35.62616150199998,191,180,332,400,420,288,488,204.0,488,204
dd_w020,mcp4-n070-r14-03,33.88931614551636,2035.5715714285716,2035.5715714285716,0.0,0.901947085,32.98736906051636,32.212272016,32.08403538300001,166,157,977,385,405,273,450,182.0,450,182
dd_w020,mcp4-n070-r14-04,16.614832506161253,2220.0001500000026,2220.0001500000026,0.0,0.432309494,16.182523012161255,15.965061315000005,15.795833738000002,102,97,202,388,407,276,392,119.0,392,119
dd_w020,mcp4-n070-r14-05,22.776708734910766,1797.5001499999998,1797.5001499999998,0.0,1.675832642,21.100876092910767,20.283366843000003,20.131580425000003,117,108,671,407,427,295,422,130.0,422,130
dd_w020,mcp4-n070-r14-06,29.601807355165526,2060.0002000000004,2060.0002000000004,0.0,1.796060323,27.805747032165527,27.376604209000007,27.170722924999996,159,150,593,387,406,275,444,172.0,444,172
dd_w020,mcp4-n070-r14-07,17.474996678625367,2126.0001,2126.0001,0.0,0.969547622,16.505449056625366,16.273800004,16.141433571999997,97,91,137,396,415,284,394,113.0,394,113
dd_w020,mcp4-n070-r14-08,25.27466781718335,1959.0001000000002,1959.0001000000002,0.0,1.264442998,24.01022481918335,23.730174128,23.600642755999996,123,119,262,404,423,292,430,141.0,430,141
dd_w020,mcp4-n070-r14-09,31.4773212200542,1995.0001000000025,1995.0001000000025,0.0,1.107384277,30.3699369430542,30.127561561999997,29.975788522,145,136,173,408,427,296,450,156.0,450,156
dd_w020,mcp4-n070-r14-10,22.025529230747804,2080.0001,2080.0001,0.0,1.559200133,20.466329097747803,19.919226062999996,19.783695889,110,106,673,397,416,285,409,126.0,409,126
dd_w020,mcp4-n070-r16-01,179.15245689788793,2000.000099999998,2000.000099999998,0.0,4.598676819,174.55378007888794,170.31902348300005,168.777417134,133,125,528,402,416,290,434,147.0,434,147
dd_w020,mcp4-n070-r16-02,160.71782585980762,1713.0000999999997,1713.0000999999997,0.0,3.655266732,157.06255912780762,146.02792196800002,144.76763403399994,123,116,1660,406,420,294,430,141.0,430,141
dd_w020,mcp4-n070-r16-03,211.31343525556227,1780.0001333333344,1780.0001333333344,0.0,7.820201098,203.49323415756226,199.14272435499998,197.7729147270001,132,125,900,386,400,274,418,147.0,418,147
dd_w020,mcp4-n070-r16-04,129.55571734504932,2174.000149999999,2174.000149999999,0.0,6.348929282,123.20678806304932,116.52691729700003,115.79291767800001,105,102,1581,384,397,272,392,122.0,392,122
dd_w020,mcp4-n070-r16-05,141.53453036120678,1872.0001000000009,1872.0001000000009,0.0,6.886503418,134.6480269432068,132.55621986900005,131.37029208400003,103,98,281,395,408,283,400,120.0,400,120
dd_w020,mcp4-n070-r16-06,261.40661584631164,1821.2501249999993,1821.2501249999993,0.0,7.514341705,253.89227414131165,251.4619903639999,249.75620879399997,190,182,270,388,401,276,477,223.0,477,223
dd_w020,mcp4-n070-r16-07,233.79177240111278,1802.500149999999,1802.500149999999,0.0,12.831236398,220.9605360031128,205.25501116699996,203.99710390799993,169,162,2325,384,397,272,453,185.0,453,185
dd_w020,mcp4-n070-r16-08,127.73931661733484,1836.0001000000002,1836.0001000000002,0.0,8.027163421,119.71215319633484,118.19189821200001,117.29310955900006,102,97,101,391,404,279,394,117.0,394,117
dd_w020,mcp4-n070-r16-09,146.60382596197925,1988.0001000000002,1988.0001000000002,0.0,8.941739952,137.66208600997925,136.01675415699995,135.337638293,106,101,174,402,415,290,410,125.0,410,125
dd_w020,mcp4-n070-r16-10,200.07867246575745,1810.0001666666662,1810.0001666666662,0.0,5.238952455,194.83972001075745,189.756865295,188.22017066100005,153,143,1280,389,403,277,439,166.0,439,166
dd_w020,mcp4-n080-r08-01,258.54922299530017,4810.833483333332,4810.833483333332,0.0,5.208708097,253.34051489830017,247.575280763,247.24093029699998,308,298,5171,469,531,341,659,322.0,658,320
dd_w020,mcp4-n080-r08-02,346.2513260739493,5122.0003000000015,5122.0003000000015,0.0,4.793605079,341.45772099494934,340.18294469899996,339.5624529769999,355,342,803,474,536,346,706,362.0,706,362
dd_w020,mcp4-n080-r08-03,318.6529430111643,6000.0000999999975,6000.0000999999975,0.0,4.807905074,313.8450379371643,303.56058828900007,303.13725325099995,274,265,10382,461,523,333,616,285.0,616,285
dd_w020,mcp4-n080-r08-04,142.3951444905609,5927.111266666671,5927.111266666671,0.0,4.225682525,138.1694619655609,137.802552094,137.678640056,113,107,232,465,527,337,463,129.0,463,129
dd_w020,mcp4-n080-r08-05,135.1873266664519,5400.000100000001,5400.000100000001,0.0,5.627741572,129.5595850944519,129.064626574,128.90293251200004,130,119,283,460,522,332,469,139.0,469,139
dd_w020,mcp4-n080-r08-06,282.4013160028605,4848.000199999998,4848.000199999998,0.0,5.148060874,277.2532551288605,273.703017624,273.214554037,315,301,2043,460,522,332,652,323.0,652,323
dd_w020,mcp4-n080-r08-07,170.04138654892955,4926.000149999999,4926.000149999999,0.0,4.952621643,165.08876490592957,162.12416419,161.7377651150001,267,263,2529,463,525,335,616,283.0,616,283
dd_w020,mcp4-n080-r08-08,281.7429831743966,5168.000100000002,5168.000100000002,0.0,5.418559146,276.3244240283966,273.9056405630001,273.48881485600003,291,277,1512,463,525,335,630,297.0,630,297
dd_w020,mcp4-n080-r08-09,249.41290528957873,5038.500150000001,5038.500150000001,0.0,5.941309287,243.47159600257874,226.54166478699997,226.21354751799993,202,196,11259,467,529,339,554,218.0,554,218
dd_w020,mcp4-n080-r08-10,282.49287464336106,4610.000100000001,4610.000100000001,0.0,6.239733717,276.2531409263611,273.73860434799997,273.3545505800002,265,254,1752,469,531,341,613,274.0,613,274
dd_w020,mcp4-n080-r10-01,97.52248689419312,3691.00015,3691.00015,0.0,3.91447994,93.60800695419312,92.99958693799996,92.69132009199993,173,169,511,467,509,339,526,189.0,526,189
dd_w020,mcp4-n080-r10-02,105.58252128976953,3995.2501500000026,3995.2501500000026,0.0,3.949945301,101.63257598876953,101.22249976600001,100.96139030600006,149,142,328,466,508,338,498,162.0,498,162
dd_w020,mcp4-n080-r10-03,156.60537354779163,4124.000099999999,4124.051824137934,1.2542225189276285e-5,3.732986377,152.87238717079163,146.92943822199987,146.410184793,273,264,6936,475,517,347,630,286.0,630,286
dd_w020,mcp4-n080-r10-04,101.81162072369433,4292.0001999999995,4292.227137297298,5.2874484325214735e-5,2.734115612,99.07750511169434,98.53261380900004,98.260770202,174,165,465,460,502,332,516,187.0,516,187
dd_w020,mcp4-n080-r10-05,174.63648756628564,3823.0002000000013,3823.0002000000013,0.0,3.961418711,170.67506885528564,166.99388102,166.5070409640001,290,281,3486,463,505,335,635,303.0,635,303
dd_w020,mcp4-n080-r10-06,126.60517705398254,4038.0000999999993,4038.0000999999993,0.0,3.69702805,122.90814900398254,122.27737409299996,122.02514310700002,194,185,688,455,497,327,530,205.0,530,205
dd_w020,mcp4-n080-r10-07,119.30479640575342,3943.0000999999997,3943.0000999999997,0.0,3.129752346,116.17504405975342,114.31429233799996,113.980319316,231,220,1166,466,508,338,577,242.0,577,242
dd_w020,mcp4-n080-r10-08,137.43457998062928,4339.0001,4339.0001,0.0,3.406814945,134.02776503562927,132.79408877900002,132.33394326400006,269,261,1085,462,504,334,613,281.0,613,281
dd_w020,mcp4-n080-r10-09,123.8034755224027,3860.0000999999984,3860.0000999999984,0.0,4.292693519,119.51078200340271,118.43536016600008,118.05650401000004,275,267,886,465,507,337,622,287.0,622,287
dd_w020,mcp4-n080-r10-10,106.92718644870996,4385.500150000002,4385.500150000002,0.0,3.416667421,103.51051902770996,103.093255831,102.87665395899995,148,141,330,471,513,343,502,161.0,502,161
dd_w020,mcp4-n080-r12-01,13.881358601014892,3733.0001000000025,3733.0001000000025,0.0,1.366957642,12.514400959014893,12.349780282,12.315276170999999,27,25,37,466,495,338,381,45.0,381,45
dd_w020,mcp4-n080-r12-02,109.09548286341308,3525.5001499999967,3525.5001499999967,0.0,2.27707199,106.81841087341309,101.61700359900006,101.16770921800003,240,230,6147,470,499,342,592,254.0,592,254
dd_w020,mcp4-n080-r12-03,80.70855744267797,3056.0001,3056.0001,0.0,2.939710454,77.76884698867798,76.95001826799997,76.56275980299999,235,227,587,457,487,329,577,253.0,577,253
dd_w020,mcp4-n080-r12-04,82.32989677917517,3247.0002000000013,3247.0002000000013,0.0,2.088258834,80.24163794517517,76.50541439400003,76.233609808,215,207,5817,462,491,334,560,229.0,560,229
dd_w020,mcp4-n080-r12-05,118.06011109639196,3280.0001000000016,3280.0001000000016,0.0,2.832866004,115.22724509239197,113.67232437000001,113.22180294299993,295,286,1377,456,485,328,632,306.0,632,306
dd_w020,mcp4-n080-r12-06,132.26189893285633,3081.333466666668,3081.333466666668,0.0,2.300054727,129.96184420585632,126.6136312950001,126.204838389,331,317,3402,472,501,344,679,337.0,679,337
dd_w020,mcp4-n080-r12-07,60.130456090894164,2996.0002000000018,2996.0002000000018,0.0,2.841708065,57.288748025894165,55.356078206999996,55.112535999000016,155,151,1753,469,498,341,510,171.0,510,171
dd_w020,mcp4-n080-r12-08,85.31756490742553,2750.0001,2750.0189023926687,6.8372334490011054e-6,3.788983765,81.52858114242554,78.487582067,78.12713455100001,230,224,1487,476,505,348,590,244.0,590,244
dd_w020,mcp4-n080-r12-09,27.25854273574634,3034.000100000005,3034.000100000005,0.0,2.020064552,25.238478183746338,25.091910772000006,24.943596539000005,85,80,49,459,488,331,429,100.0,429,100
dd_w020,mcp4-n080-r12-10,34.32491131699048,3249.0001808163274,3249.0001808163274,0.0,2.745395383,31.57951593399048,31.300353836000006,31.194857463000005,91,84,221,474,503,346,448,104.0,448,104
dd_w020,mcp4-n080-r14-01,43.81047918654761,2692.0001,2692.0001,0.0,1.984426044,41.82605314254761,41.549517908000006,41.351354433000004,120,115,208,458,478,330,463,135.0,463,135
dd_w020,mcp4-n080-r14-02,54.15935471485388,2471.0001999999977,2471.0001999999977,0.0,2.042756824,52.11659789085388,51.63514970999999,51.351967904000006,185,175,468,465,485,337,530,195.0,530,195
dd_w020,mcp4-n080-r14-03,67.48978885221655,2417.500149999999,2417.500149999999,0.0,1.716636024,65.77315282821655,64.81730957800002,64.528090923,205,199,1132,442,463,314,533,223.0,533,223
dd_w020,mcp4-n080-r14-04,96.45528578304406,2289.0000999999997,2289.0000999999997,0.0,1.965679641,94.48960614204407,92.32514639400001,91.95811221899994,278,268,2888,451,471,323,610,290.0,610,290
dd_w020,mcp4-n080-r14-05,10.970502560519654,2817.000100000003,2817.0001000000034,0.0,1.485117381,9.485385179519653,9.345777402,9.264513845999998,35,32,29,461,482,333,384,54.0,384,54
dd_w020,mcp4-n080-r14-06,53.75295703739514,2750.5001500000003,2750.5001500000003,0.0,1.578258923,52.17469811439514,51.52476264899999,51.28005401699999,175,168,548,465,485,337,524,190.0,524,190
dd_w020,mcp4-n080-r14-07,44.2216197420752,2926.000100000001,2926.000100000001,0.0,1.412642615,42.808977127075195,40.785287535999984,40.575464968000006,147,141,2331,450,471,322,482,163.0,482,163
dd_w020,mcp4-n080-r14-08,53.6378683751593,2455.500149999998,2455.500149999998,0.0,1.694042415,51.9438259601593,51.42065840699995,51.16855614999998,178,171,764,462,482,334,523,191.0,523,191
dd_w020,mcp4-n080-r14-09,71.46362270061694,2462.500150000001,2462.500150000001,0.0,2.013433587,69.45018911361694,67.20264512900002,66.86249842900003,232,224,2588,461,481,333,578,251.0,578,251
dd_w020,mcp4-n080-r14-10,44.96744720709631,2858.000133333333,2858.000133333333,0.0,0.973554299,43.99389290809631,43.601410466000004,43.34306447100001,186,180,344,455,475,327,526,202.0,526,202
dd_w020,mcp4-n080-r16-01,47.34117133883801,2328.0001000000007,2328.0001000000007,0.0,1.131760433,46.20941090583801,45.81335411400001,45.541218146,181,175,444,457,469,329,524,199.0,524,199
dd_w020,mcp4-n080-r16-02,46.41522547492456,2142.5001499999967,2142.5001499999967,0.0,1.446422546,44.96880292892456,44.428812210000004,44.187835973999995,171,163,695,459,471,331,512,183.0,512,183
dd_w020,mcp4-n080-r16-03,24.439830928208252,1936.5001499999964,1936.5001499999964,0.0,1.124499946,23.315330982208252,23.077152929000004,22.907917076000004,103,97,147,455,467,327,442,117.0,442,117
dd_w020,mcp4-n080-r16-04,50.275117220160524,2156.750149999999,2156.750149999999,0.0,0.733863415,49.54125380516052,49.05848543599999,48.755343587000034,230,222,462,445,457,317,557,242.0,557,242
dd_w020,mcp4-n080-r16-05,40.78024852730957,2229.000100000003,2229.000100000003,0.0,1.74168766,39.03856086730957,38.728096818000004,38.513481971999994,164,156,276,459,471,331,505,176.0,505,176
dd_w020,mcp4-n080-r16-06,11.058228924032104,2299.0001000000007,2299.0001000000007,0.0,1.297243788,9.760985136032104,9.580230860999999,9.507749774,47,42,61,457,469,329,389,62.0,389,62
dd_w020,mcp4-n080-r16-07,55.766745416672975,2319.6668333333355,2319.6668333333355,0.0,1.524110405,54.242635011672974,51.43532603300001,51.204804108,193,187,4287,441,453,313,519,209.0,519,209
dd_w020,mcp4-n080-r16-08,15.615440908633301,1812.0000999999997,1812.0000999999997,0.0,1.467921797,14.1475191116333,13.966102869999997,13.85675999,78,73,76,453,465,325,416,93.0,416,93
dd_w020,mcp4-n080-r16-09,19.47306190135681,1992.0000999999997,1992.0000999999997,0.0,1.73181687,17.74124503135681,17.489815984000014,17.374095244000006,86,79,119,465,478,337,435,101.0,435,101
dd_w020,mcp4-n080-r16-10,34.14910062171802,1627.0001000000002,1627.0001000000002,0.0,1.526026567,32.62307405471802,32.151126228999985,31.999704337999997,158,150,538,463,475,335,504,172.0,504,172
dd_w020,mcp4-n090-r08-01,581.1785309596474,6051.333466666671,6051.333466666671,0.0,9.001630096,572.1769008636475,564.235250682,563.7253139000001,298,293,8871,456,524,312,623,313.0,623,313
dd_w020,mcp4-n090-r08-02,529.4824461760713,6350.000100000001,6350.000100000001,0.0,7.432113153,522.0503330230713,515.4818887260002,514.8557621519999,397,393,6581,449,517,305,716,413.0,716,413
dd_w020,mcp4-n090-r08-03,772.5225437007911,6544.400120000006,6544.8708593929105,7.193010578099567e-5,8.473284515,764.049259185791,754.7165535880001,754.0904796529996,361,353,11220,445,513,301,672,373.0,672,373
dd_w020,mcp4-n090-r08-04,519.51313952265,5604.0002,5604.109549963006,1.951284066799731e-5,9.368163622,510.14497590065,496.03916582600016,495.6076488970001,289,281,8215,450,518,306,605,301.0,605,301
dd_w020,mcp4-n090-r08-05,837.0581687185933,5733.50015,5733.50015,0.0,9.936751673,827.1214170455933,823.3264914090007,822.7056664059992,446,435,2343,435,503,291,745,457.0,745,457
dd_w020,mcp4-n090-r08-06,980.1983634481869,6854.833483333331,6855.40439715747,8.328631549215642e-5,9.417121316,970.7812421321869,954.8812796190007,954.2146836759998,486,470,15616,446,514,302,790,490.0,790,490
dd_w020,mcp4-n090-r08-07,484.3571804920768,6628.500150000001,6628.500150000001,0.0,8.035414354,476.3217661380768,475.562262187,475.1954352880001,255,249,654,439,507,295,562,269.0,562,269
dd_w020,mcp4-n090-r08-08,744.4056756475405,5870.00015,5870.00015,0.0,9.566969631,734.8387060165405,727.4373204139999,726.9877903409999,336,331,9733,450,518,306,655,351.0,655,351
dd_w020,mcp4-n090-r08-09,990.2365211281541,5690.500149999999,5690.6574991031375,2.7651190403463158e-5,8.371205214,981.865315914154,890.1131776110001,889.1534023420007,659,650,96213,453,521,309,978,673.0,978,673
dd_w020,mcp4-n090-r08-10,690.5051545725124,6615.000100000004,6615.000100000004,0.0,8.651429616,681.8537249565125,678.5932114169995,678.086474542,326,320,2624,444,512,300,638,340.0,638,340
dd_w020,mcp4-n090-r10-01,440.1544769207722,5127.500150000002,5127.500150000002,0.0,6.989590923,433.1648859977722,432.12169204699956,431.6814868669998,322,314,831,444,489,300,632,334.0,632,334
dd_w020,mcp4-n090-r10-02,328.49560385390197,4945.0001999999995,4945.0001999999995,0.0,6.144645745,322.350958108902,320.6247065860001,319.9931626160001,387,378,1552,442,487,298,694,398.0,694,398
dd_w020,mcp4-n090-r10-03,397.05209794324804,4279.0001,4279.127084126986,2.967612152799835e-5,7.528587964,389.52350997924805,386.906467546,386.5826977959998,297,291,1554,441,486,297,606,311.0,606,311
dd_w020,mcp4-n090-r10-04,318.3291367832628,4416.0001,4416.0001,0.0,6.636710817,311.6924259662628,310.28186533500013,309.76740180900015,332,323,1226,456,501,312,654,345.0,654,345
dd_w020,mcp4-n090-r10-05,593.3745283269648,4297.000100000003,4297.000100000003,0.0,7.67476336,585.6997649669647,566.2863408329998,565.7176305179994,374,367,29574,446,491,302,687,387.0,687,387
dd_w020,mcp4-n090-r10-06,581.1912541619782,4412.0002,4412.0002,0.0,7.002032303,574.1892218589783,559.9284097340004,559.337240996,422,410,18036,438,483,294,722,430.0,722,430
dd_w020,mcp4-n090-r10-07,472.66545189010964,4309.0001,4309.300718134719,6.976517237006235e-5,6.201197034,466.4642548561096,457.4268002000001,456.8797439409999,416,401,7564,445,490,301,720,421.0,720,421
dd_w020,mcp4-n090-r10-08,130.28799024795532,4828.0001333333275,4828.0001333333275,0.0,4.81752125,125.47046899795532,123.98414906199994,123.78079042600002,163,159,1632,450,495,306,483,179.0,483,179
dd_w020,mcp4-n090-r10-09,319.5119000524502,5061.0001,5061.0001,0.0,5.953167066,313.5587329864502,312.46789477299984,311.88405405000026,363,356,881,445,490,301,675,376.0,675,376
dd_w020,mcp4-n090-r10-10,404.85516949933924,4562.40014,4562.40014,0.0,6.379385436,398.47578406333923,378.3661363350001,377.84494887399984,320,312,28300,458,503,314,644,332.0,644,332
dd_w020,mcp4-n090-r12-01,262.20548453993825,3706.4001400000025,3706.586047302382,5.015845439174473e-5,4.649786622,257.55569791793823,246.1990995870001,245.7606887840001,311,304,15577,443,473,299,621,324.0,621,324
dd_w020,mcp4-n090-r12-02,105.27841497918921,3871.000149999999,3871.000149999999,0.0,4.444677129,100.83373785018921,100.52573747000002,100.30443363500002,137,134,151,437,467,293,445,154.0,445,154
dd_w020,mcp4-n090-r12-03,231.52026176620313,3755.0000999999984,3755.0000999999984,0.0,5.156705858,226.36355590820312,225.33124103199995,224.79504030899997,349,343,754,435,465,291,652,363.0,652,363
dd_w020,mcp4-n090-r12-04,251.98092518757738,3608.00015,3608.00015,0.0,5.282320127,246.6986050605774,235.06311911999998,234.49705719700017,463,454,13295,450,480,306,778,474.0,778,474
dd_w020,mcp4-n090-r12-05,122.6728674616571,3550.000100000002,3550.000100000002,0.0,4.981950685,117.6909167766571,117.30486563600005,117.11560285699993,193,188,222,437,467,293,501,212.0,501,212
dd_w020,mcp4-n090-r12-06,236.64802668613171,3339.0002000000013,3339.0002000000013,0.0,4.818960648,231.8290660381317,230.922710867,230.37402054100005,420,409,700,440,470,296,723,429.0,723,429
dd_w020,mcp4-n090-r12-07,177.8419485954154,3782.5001500000017,3782.5888605925556,2.3452898621558525e-5,3.949557629,173.8923909664154,167.65936162099996,167.28507503199998,288,283,10726,445,475,301,602,303.0,602,303
dd_w020,mcp4-n090-r12-08,135.21765718808166,3672.000100000002,3672.000100000002,0.0,5.949539045,129.26811814308167,127.62925778599998,127.29002400900005,234,225,1163,453,483,309,552,245.0,552,245
dd_w020,mcp4-n090-r12-09,138.41747254066638,4184.000100000001,4184.000100000001,0.0,3.168916642,135.24855589866638,134.75679667800003,134.45817362900004,240,230,332,437,467,293,542,252.0,542,252
dd_w020,mcp4-n090-r12-10,200.25946568111218,3350.3334666666638,3350.3334666666638,0.0,5.139635788,195.11982989311218,189.90209206699998,189.56399538900007,284,275,7272,435,465,291,584,295.0,584,295
dd_w020,mcp4-n090-r14-01,137.59012568172108,3413.000100000003,3413.000100000003,0.0,2.773286702,134.81683897972107,133.134376032,132.79820985600003,262,254,2271,442,462,298,572,279.0,572,279
dd_w020,mcp4-n090-r14-02,113.15571851857898,3182.0001500000008,3182.0001500000008,0.0,3.272449447,109.88326907157898,109.461866634,109.19468647000004,219,214,269,428,448,284,519,242.0,519,242
dd_w020,mcp4-n090-r14-03,165.50617005191344,3149.0002000000004,3149.0002000000004,0.0,3.85735895,161.64881110191345,160.97977033999993,160.601043398,283,274,676,430,450,286,578,294.0,578,294
dd_w020,mcp4-n090-r14-04,133.11849817513124,3646.000100000002,3646.000100000002,0.0,2.999497025,130.11900115013123,129.38546842899996,129.12025039099998,251,245,694,421,442,277,541,267.0,541,267
dd_w020,mcp4-n090-r14-05,126.62762127369446,3044.000100000001,3044.000100000001,0.0,3.862834315,122.76478695869446,120.69964538400004,120.2639679100001,286,277,2091,445,465,301,597,299.0,597,299
dd_w020,mcp4-n090-r14-06,140.68921824231862,3399.333466666667,3399.333466666667,0.0,3.487113197,137.2021050453186,135.50579372700008,135.200487792,232,225,2321,431,451,287,530,245.0,530,245
dd_w020,mcp4-n090-r14-07,137.92526510468835,2659.6668333333346,2659.6668333333346,0.0,3.407382996,134.51788210868835,133.22372599199994,132.86757310200008,290,283,1337,443,463,299,600,303.0,600,303
dd_w020,mcp4-n090-r14-08,86.78524636652429,2623.500133333333,2623.500133333333,0.0,4.267135376,82.51811099052429,82.06428391800004,81.85519227200002,150,144,443,446,466,302,467,170.0,467,170
dd_w020,mcp4-n090-r14-09,122.5753545111416,2984.000200000001,2984.0002000000004,0.0,4.070599491,118.5047550201416,117.86844898900002,117.57463699400004,230,224,519,448,468,304,546,244.0,546,244
dd_w020,mcp4-n090-r14-10,78.6226927129093,2664.0001000000016,2664.2572428571443,9.652509290174316e-5,3.597323784,75.0253689289093,74.60261345999999,74.36176866099999,173,167,374,424,444,280,465,187.0,465,187
dd_w020,mcp4-n090-r16-01,120.91851215458155,2082.333466666667,2082.333466666667,0.0,3.287871171,117.63064098358154,115.126679607,114.66787258700002,277,267,3760,447,459,303,588,287.0,588,287
dd_w020,mcp4-n090-r16-02,114.43478387949035,2594.000150000002,2594.000150000002,0.0,2.95563573,111.47914814949036,110.00787151900005,109.53808201100003,299,291,1342,438,450,294,604,313.0,604,313
dd_w020,mcp4-n090-r16-03,68.66471980580188,2573.3334666666665,2573.3334666666665,0.0,2.863391862,65.80132794380188,65.39747923099999,65.22098011299997,164,158,446,441,453,297,473,178.0,473,178
dd_w020,mcp4-n090-r16-04,67.14241173260437,2174.0001399999974,2174.0001399999974,0.0,3.24787786,63.89453387260437,60.749172353999974,60.59126451799999,154,152,4619,435,447,291,462,174.0,462,174
dd_w020,mcp4-n090-r16-05,114.05814453632361,2710.000150000001,2710.000150000001,0.0,2.267327514,111.79081702232361,111.37236834300012,111.05195805000004,267,255,298,434,446,290,565,279.0,565,279
dd_w020,mcp4-n090-r16-06,18.724009822322753,2677.0001,2677.0001,0.0,3.150415729,15.573594093322754,15.409794440999995,15.319839635000001,46,44,81,440,452,296,358,64.0,358,64
dd_w020,mcp4-n090-r16-07,64.96518828647632,2343.0001500000026,2343.0001500000026,0.0,2.330093167,62.63509511947632,62.34433145900002,62.12321430599998,177,170,158,433,445,289,477,190.0,477,190
dd_w020,mcp4-n090-r16-08,119.91557246703955,2537.0001,2537.0001,0.0,2.007738414,117.90783405303955,117.50057028000002,117.15591218599992,323,313,206,441,453,297,629,335.0,629,335
dd_w020,mcp4-n090-r16-09,105.54554463443347,2431.0001999999995,2431.0001999999995,0.0,3.693252812,101.85229182243347,100.23820233800004,99.96378094899993,270,259,1849,437,449,293,570,279.0,570,279
dd_w020,mcp4-n090-r16-10,85.60613244118287,2754.0001,2754.0001,0.0,2.16534751,83.44078493118286,82.88600082900005,82.58677944900005,214,210,584,446,458,302,530,230.0,530,230
dd_w020,mcp4-n100-r08-01,1180.5088849106282,6727.000200000008,6727.000200000008,0.0,12.549468998,1167.9594159126282,1136.4499752939996,1135.5548899159996,538,530,32568,492,565,332,880,550.0,880,550
dd_w020,mcp4-n100-r08-02,2028.880093316944,7489.764852941171,7489.881719937703,1.560356016863909e-5,10.891507368,2017.988585948944,2011.1539960650018,2010.0532177810028,637,626,4278,490,563,330,975,648.0,975,648
dd_w020,mcp4-n100-r08-03,1353.2532850652394,7652.500149999999,7652.50015,0.0,11.681083098,1341.5722019672394,1336.8981355770002,1336.306965414,334,329,1626,499,572,339,687,351.0,687,351
dd_w020,mcp4-n100-r08-04,1236.1942596007452,6973.666800000005,6973.666800000005,0.0,11.276083665,1224.9181759357452,1210.9142502089987,1210.0756305590005,516,503,16447,497,570,337,858,523.0,858,523
dd_w020,mcp4-n100-r08-05,711.9140099351436,7837.000099999999,7837.000099999999,0.0,10.358057863,701.5559520721436,699.7492234549998,699.313732952,278,268,1232,482,555,322,608,288.0,608,288
dd_w020,mcp4-n100-r08-06,2255.3434393314396,6773.400140000005,6773.900932316957,7.393514432936582e-5,14.186085215,2241.15735411644,2229.415650836,2228.5167798260004,536,521,9168,498,571,338,877,541.0,877,541
dd_w020,mcp4-n100-r08-07,1712.7819615045057,7155.000150000001,7155.684410526323,9.563389405685059e-5,14.67383248,1698.1081290245056,1550.8264102779988,1549.8249191199989,649,642,156622,493,566,333,993,662.0,993,662
dd_w020,mcp4-n100-r08-08,993.2899708587663,7455.000166666668,7455.000166666668,0.0,12.602894767,980.6870760917664,965.9863381090009,965.3956365000001,386,376,15510,480,553,320,714,396.0,714,396
dd_w020,mcp4-n100-r08-09,1317.8597903026694,8006.000100000001,8006.000100000001,0.0,11.335438229,1306.5243520736694,1305.5205541439998,1305.0799845559998,301,291,781,497,570,337,646,311.0,646,311
dd_w020,mcp4-n100-r08-10,1365.7002126996824,7545.000100000001,7545.000100000001,0.0,10.929671747,1354.7705409526825,1349.8516240419995,1349.1834004869993,521,510,3972,485,558,325,853,530.0,853,530
dd_w020,mcp4-n100-r10-01,85.89841594802698,5748.000100000008,5748.000100000008,0.0,9.104830886,76.79358506202698,76.422532427,76.36131350300002,49,46,222,491,539,331,395,66.0,395,66
dd_w020,mcp4-n100-r10-02,667.4173226752929,5565.50015,5566.000100000003,8.983020151442852e-5,8.844968597,658.5723540782928,629.795443595,629.0350634169996,486,481,32578,496,544,336,835,501.0,835,501
dd_w020,mcp4-n100-r10-03,829.4906976577225,5742.000199999999,5742.000199999999,0.0,8.569054639,820.9216430187225,819.006857097,818.4736836439998,340,332,1622,488,536,328,678,352.0,678,352
dd_w020,mcp4-n100-r10-04,495.19636980872264,5337.000100000001,5337.000100000001,0.0,8.724163693,486.47220611572266,479.4926707780001,478.9204563360003,385,380,7470,497,545,337,735,400.0,735,400
dd_w020,mcp4-n100-r10-05,923.5543605412527,5641.600120000003,5641.600120000004,0.0,8.384843501,915.1695170402527,902.8979049559998,902.1873220720001,460,452,12831,485,533,325,795,472.0,795,472
dd_w020,mcp4-n100-r10-06,845.0458194140025,4740.28585714286,4740.28585714286,0.0,8.829479349,836.2163400650024,832.4140938419995,831.7350713280001,510,501,2651,495,543,335,854,521.0,854,521
dd_w020,mcp4-n100-r10-07,499.5617040852412,4962.0001,4962.0001,0.0,9.018165038,490.5435390472412,488.58095960100013,488.044845684,351,343,1007,493,541,333,694,363.0,694,363
dd_w020,mcp4-n100-r10-08,597.8355822438903,5207.200239999998,5207.200239999998,0.0,10.194150197,587.6414320468903,586.4912871150002,585.9997026599999,301,292,681,500,548,340,650,312.0,650,312
dd_w020,mcp4-n100-r10-09,1139.0405822667315,5493.000200000002,5493.419713211264,7.637232768748143e-5,9.505958167,1129.5346240997314,1112.167586161999,1111.1789590409994,627,615,22314,494,542,334,967,635.0,967,635
dd_w020,mcp4-n100-r10-10,379.1182127508634,5179.000099999999,5179.000099999999,0.0,7.969802669,371.1484100818634,370.52173949800016,370.12083130700006,290,284,399,481,529,321,623,304.0,623,304
dd_w020,mcp4-n100-r12-01,680.5109368129685,4715.000100000001,4715.000100000001,0.0,6.337465839,674.1734709739685,671.8393735700001,670.9391642390004,548,537,2359,482,515,322,878,559.0,878,559
dd_w020,mcp4-n100-r12-02,439.94210525573584,4416.750150000003,4416.750150000002,0.0,8.471975289,431.47012996673584,430.2981319030002,429.70537015599984,348,341,611,502,534,342,703,366.0,703,366
dd_w020,mcp4-n100-r12-03,619.5719794401354,4371.000099999999,4371.0001,0.0,6.677192367,612.8947870731354,604.8731395049999,604.0017255699997,491,483,7904,485,517,325,826,503.0,826,503
dd_w020,mcp4-n100-r12-04,662.3706502649852,4026.0001,4026.0001,0.0,8.807144377,653.5635058879852,649.4774199099994,648.7519876309998,493,485,3242,489,521,329,832,505.0,832,505
dd_w020,mcp4-n100-r12-05,227.52703659628307,4321.000100000004,4321.000100000004,0.0,7.238011528,220.28902506828308,218.76557645999995,218.36782253000004,296,291,1447,482,515,322,632,313.0,632,313
dd_w020,mcp4-n100-r12-06,455.2813615148198,4808.000100000001,4808.000100000001,0.0,7.189836437,448.0915250778198,444.78433684500027,444.1298522100001,453,441,1813,483,515,323,782,461.0,782,461
dd_w020,mcp4-n100-r12-07,323.9678098364196,4274.000200000004,4274.000200000004,0.0,6.877757947,317.09005188941956,315.85282894700003,315.19304715799984,377,372,739,494,526,334,724,392.0,724,392
dd_w020,mcp4-n100-r12-08,474.2177803527343,4097.000133333337,4097.000133333337,0.0,6.572939397,467.64484095573425,463.9748934260001,463.33753501700005,342,333,3062,486,518,326,677,353.0,677,353
dd_w020,mcp4-n100-r12-09,569.3778632765941,4716.0001,4716.204329360672,4.330563111563305e-5,8.945473302,560.4323899745941,556.6456645689999,556.1601660859999,335,326,3706,490,522,330,674,346.0,674,346
dd_w020,mcp4-n100-r12-10,204.46033139987574,3990.0001,3990.0001,0.0,6.828095396,197.63223600387573,197.14524412399996,196.73147186399996,218,213,245,488,520,328,559,233.0,559,233
dd_w020,mcp4-n100-r14-01,357.9144696527882,3127.0001000000007,3127.0001000000007,0.0,7.278161698,350.6363079547882,337.19118903999987,336.6889624929999,356,343,8654,483,503,323,684,363.0,684,363
dd_w020,mcp4-n100-r14-02,453.4790069010687,3279.0001,3279.0001,0.0,6.26979579,447.2092111110687,438.1654322719999,437.17183139800045,554,543,9134,488,509,328,890,565.0,890,565
dd_w020,mcp4-n100-r14-03,296.61900566494495,3916.000100000002,3916.000100000002,0.0,5.565540537,291.05346512794495,289.3062275220001,288.653778485,396,384,1962,492,512,332,734,404.0,734,404
dd_w020,mcp4-n100-r14-04,71.16715749138012,3715.000100000002,3715.000100000002,0.0,3.963673433,67.20348405838013,66.960230742,66.83192538199998,100,95,163,480,500,320,434,117.0,434,117
dd_w020,mcp4-n100-r14-05,173.33043389014674,3551.0001,3551.0001,0.0,4.233278796,169.09715509414673,168.67035297799993,168.27901366599994,239,233,235,486,506,326,577,253.0,577,253
dd_w020,mcp4-n100-r14-06,400.8716738239569,3210.000149999998,3210.000149999998,0.0,7.513415815,393.3582580089569,382.4528253800002,381.711279217,505,496,10143,485,505,325,839,516.0,839,516
dd_w020,mcp4-n100-r14-07,97.14461312358826,3198.0001999999986,3198.0001999999986,0.0,5.568939305,91.57567381858826,91.20836071700003,90.97007879499998,146,142,180,491,511,331,492,164.0,492,164
dd_w020,mcp4-n100-r14-08,254.32820358507422,3560.0000999999997,3560.0000999999997,0.0,4.554590609,249.77361297607422,249.14806952200001,248.63010477799995,333,324,277,499,519,339,681,344.0,681,344
dd_w020,mcp4-n100-r14-09,120.87470525120057,3627.7501625000004,3627.7501625000004,0.0,4.680396255,116.19430899620056,115.82098765500001,115.60412111000002,178,172,247,489,509,329,520,194.0,520,194
dd_w020,mcp4-n100-r14-10,174.011131870484,3540.6001399999977,3540.6001399999977,0.0,5.962046015,168.049085855484,167.26078067900002,166.8774390549999,256,251,786,492,513,332,604,280.0,604,280
dd_w020,mcp4-n100-r16-01,134.55953475817225,3241.000100000001,3241.000100000001,0.0,3.353676766,131.20585799217224,130.61641724399993,130.13626352400001,276,269,541,486,497,326,613,289.0,613,289
dd_w020,mcp4-n100-r16-02,210.79191394823707,2910.00015,2910.00015,0.0,3.947988949,206.84392499923706,206.22416671700014,205.61798641800002,368,356,363,476,487,316,691,378.0,691,378
dd_w020,mcp4-n100-r16-03,37.22782600480713,3159.0000999999997,3159.0000999999997,0.0,3.191738015,34.03608798980713,33.852222217999994,33.739783638000006,64,59,90,482,493,322,399,79.0,399,79
dd_w020,mcp4-n100-r16-04,65.25502153257776,3067.0001,3067.0001,0.0,4.660586556,60.59443497657776,60.32142487199998,60.213443642,86,82,146,481,492,321,421,102.0,421,102
dd_w020,mcp4-n100-r16-05,140.96566507518042,2811.0001000000057,2811.0001000000057,0.0,5.002938959,135.96272611618042,135.111885913,134.72106524499986,263,256,680,473,484,313,587,276.0,587,276
dd_w020,mcp4-n100-r16-06,92.60957416352527,2984.0000999999997,2984.0000999999997,0.0,4.216255272,88.39331889152527,88.10408522599995,87.90951347900003,154,148,139,485,496,325,491,168.0,491,168
dd_w020,mcp4-n100-r16-07,141.84626787662683,2678.0001,2678.0001,0.0,5.269217906,136.57704997062683,135.41397952200006,134.97624595999991,266,255,802,485,496,325,599,277.0,599,277
dd_w020,mcp4-n100-r16-08,172.6582135600707,3016.0001999999986,3016.0001999999986,0.0,4.179055397,168.47915816307068,167.41017304200014,166.96559922599997,323,314,842,475,487,315,651,348.0,650,346
dd_w020,mcp4-n100-r16-09,185.28424965431884,2889.0001599999996,2889.0001599999996,0.0,4.703674665,180.58057498931885,179.90445582099997,179.39459462799994,319,309,507,490,501,330,657,329.0,657,329
dd_w020,mcp4-n100-r16-10,63.718278016012086,2992.000100000001,2992.2801000000036,9.358288457359134e-5,3.409797038,60.308480978012085,60.065504797999985,59.92290902900002,122,117,64,486,497,326,461,137.0,461,137
dd_w020,mcp4-n110-r08-01,1634.2667886968636,7634.0002,7634.0002,0.0,24.917424893,1609.3493638038635,1600.4442072529991,1599.964153791,322,317,1474,487,565,313,648,337.0,648,337
dd_w020,mcp4-n110-r08-02,4162.6785322656115,7522.000100000001,14186.781408411214,0.8860384498547417,27.070743226,4135.607789039612,4112.2111988550005,4111.328321715,601,595,16100,495,573,321,935,617.0,935,617
dd_w020,mcp4-n110-r08-03,4040.586392662139,6285.166849999997,14204.425769230405,1.2599918360529143,24.751102707,4015.835289955139,3991.3376708660016,3990.1752337590033,756,748,9501,496,574,322,1089,770.0,1089,770
dd_w020,mcp4-n110-r08-04,4212.420539255693,7929.000199999998,8647.54462466908,0.09062232394307208,24.218242045,4188.202297210693,4186.322735613999,4185.775638715004,432,422,1127,495,573,321,761,442.0,761,442
dd_w020,mcp4-n110-r08-05,3700.813218717738,7376.666822222232,14548.718291819534,0.9722618145083459,26.69271863,3674.120500087738,3666.415732623001,3665.613723477999,500,489,3825,494,572,320,827,509.0,827,509
dd_w020,mcp4-n110-r08-06,3878.3389414330773,8122.000200000002,15149.255355255256,0.8652123839217897,27.853985407,3850.4849560260773,3838.1187761409988,3837.337768312,612,606,9768,495,573,321,945,626.0,945,626
dd_w020,mcp4-n110-r08-07,5150.30718804461,5080.000149999987,14356.479767893195,1.8260786110199685,31.761224042,5118.545964002609,5113.301459856001,5112.690460476,512,504,2110,497,575,323,845,524.0,845,524
dd_w020,mcp4-n110-r08-08,2431.874737709473,8720.3335,8720.3335,0.0,25.663221806,2406.211515903473,2404.3264281809993,2403.8412797580004,390,381,1069,488,566,314,713,401.0,713,401
dd_w020,mcp4-n110-r08-09,3801.4973194584613,8410.000125000011,14991.803265601598,0.782616295216949,26.116423367,3775.380896091461,3743.458717969,3742.657208785003,638,633,24479,500,578,326,977,653.0,977,653
dd_w020,mcp4-n110-r08-10,3629.4107193782593,7566.000199999995,8883.03155688965,0.17407233968744218,28.593044503,3600.8176748752594,3541.9914031130015,3541.239024938,570,561,51306,493,571,319,898,581.0,898,581
dd_w020,mcp4-n110-r10-01,1395.1622897566313,5975.000100000002,5975.491781344473,8.228976338772526e-5,14.897998947,1380.2642908096313,1372.7255898710007,1372.086926298,523,516,6376,500,550,326,861,539.0,861,539
dd_w020,mcp4-n110-r10-02,1088.3165601939556,5588.000099999999,5588.0001,0.0,15.592839405,1072.7237207889557,1064.3240903659998,1063.7735669869999,424,415,7699,484,535,310,744,437.0,744,437
dd_w020,mcp4-n110-r10-03,1353.3429206821286,6293.200139999999,6293.200139999999,0.0,14.916385791,1338.4265348911285,1334.714293876001,1334.2404340919995,450,443,2527,484,534,310,771,463.0,771,463
dd_w020,mcp4-n110-r10-04,1844.1850973593837,5736.000100000005,5736.130202735452,2.2681787513830076e-5,14.542845391,1829.6422519683838,1773.7488488240006,1772.8867653729994,592,584,65872,501,551,327,929,604.0,929,604
dd_w020,mcp4-n110-r10-05,2634.596211436328,6081.6668000000045,6081.6668000000045,0.0,15.590373519,2619.005837917328,2609.5152356240005,2608.803435000001,621,614,7832,495,545,321,954,638.0,954,638
dd_w020,mcp4-n110-r10-06,556.2555073594706,6171.000100000003,6171.000100000002,0.0,12.022268424,544.2332389354706,543.1010005770003,542.730719241,263,259,587,482,532,308,585,279.0,585,279
dd_w020,mcp4-n110-r10-07,2869.8225348005244,6631.000099999999,6631.000099999999,0.0,14.802688838,2855.0198459625244,2851.8028468330012,2851.042640167999,673,663,1836,480,530,306,987,683.0,987,683
dd_w020,mcp4-n110-r10-08,1532.325603922137,6140.000149999998,6140.000149999998,0.0,18.343590935,1513.9820129871368,1493.0434342189997,1492.153882945,651,646,18426,488,538,314,978,666.0,978,666
dd_w020,mcp4-n110-r10-09,2372.6283951492715,6376.000149999996,6376.43061458539,6.751326462775657e-5,16.297379324,2356.3310158252716,2351.2876293289987,2350.631061872998,593,584,2834,499,549,325,927,604.0,927,604
dd_w020,mcp4-n110-r10-10,2520.995465054882,6065.000140000007,6065.000140000007,0.0,17.067496076,2503.927968978882,2489.8108311270003,2488.946254358999,718,708,10009,484,534,310,1036,728.0,1036,728
dd_w020,mcp4-n110-r12-01,660.9487879566325,5279.500150000002,5279.500150000002,0.0,8.399351149,652.5494368076324,651.950412836,651.3918811079997,306,299,343,488,520,314,631,319.0,631,319
dd_w020,mcp4-n110-r12-02,666.9885508238369,4376.000100000002,4376.000100000002,0.0,12.267410916,654.7211399078369,653.6214728559997,653.048754737,401,393,730,483,515,309,720,413.0,720,413
dd_w020,mcp4-n110-r12-03,899.6941358491022,5184.0001,5184.0001,0.0,12.01735491,887.6767809391022,875.5148156250002,874.8889184440001,438,431,11906,488,520,314,763,451.0,763,451
dd_w020,mcp4-n110-r12-04,438.70475554784116,4269.000099999999,4269.000099999999,0.0,11.68851662,427.0162389278412,426.513439496,426.25891720999994,241,233,322,486,518,312,563,253.0,563,253
dd_w020,mcp4-n110-r12-05,1083.3093480781176,4786.500149999998,4786.567903127409,1.4155045500495594e-5,13.466913195,1069.8424348831177,1062.685940094,1062.0351926880003,465,457,6933,498,530,324,799,477.0,799,477
dd_w020,mcp4-n110-r12-06,1321.2986637454192,4867.666799999997,4867.801101175805,2.7590461986450023e-5,12.405004869,1308.893658876419,1301.1968504109998,1300.1352971559995,681,673,6069,488,520,314,1005,693.0,1005,693
dd_w020,mcp4-n110-r12-07,1246.3559407954062,5195.500150000001,5195.79561122195,5.68686773975271e-5,11.472360826,1234.8835799694061,1205.9931092239995,1205.2618828999998,582,573,34191,493,525,319,910,593.0,910,593
dd_w020,mcp4-n110-r12-08,1296.2693566487137,4649.555699999999,4649.555699999999,0.0,13.472631614,1282.7967250347137,1271.3362474589994,1270.6538694019994,474,462,12847,486,518,312,793,484.0,793,484
dd_w020,mcp4-n110-r12-09,562.5527546324427,4766.000166666661,4766.000166666661,0.0,11.69143366,550.8613209724426,549.9537820489996,549.4991319820002,327,322,759,494,526,320,660,342.0,660,342
dd_w020,mcp4-n110-r12-10,726.5951617494893,4922.000099999999,4922.000099999999,0.0,12.623815848,713.9713459014893,711.1810882449998,710.6874635690002,418,411,3048,499,531,325,754,431.0,754,431
dd_w020,mcp4-n110-r14-01,457.5528039912943,4101.800180000001,4101.800180000001,0.0,6.488927124,451.0638768672943,450.32974659499996,449.8417203159999,341,332,534,484,503,310,660,352.0,660,352
dd_w020,mcp4-n110-r14-02,904.1302756129061,4067.0001333333275,4067.3229461936876,7.937370292030622e-5,9.286734706,894.8435409069061,876.2682847659994,875.4569437440001,633,617,23858,488,507,314,950,639.0,950,639
dd_w020,mcp4-n110-r14-03,578.7179691036316,4554.000100000001,4554.000100000001,0.0,7.694348975,571.0236201286316,565.0328425769999,564.2673081020001,559,548,4760,479,499,305,875,580.0,875,580
dd_w020,mcp4-n110-r14-04,229.35575393882166,4383.000100000006,4383.000100000006,0.0,6.828048031,222.52770590782166,222.03095948199996,221.76063398999992,195,191,557,490,510,316,526,213.0,526,213
dd_w020,mcp4-n110-r14-05,761.8285307418164,3578.000100000001,3578.000100000001,0.0,9.361756755,752.4667739868164,747.72142775,747.0188723020001,505,500,4977,487,506,313,832,522.0,832,522
dd_w020,mcp4-n110-r14-06,615.3707194253972,3597.0002000000004,3597.0002000000004,0.0,10.314964287,605.0557551383972,602.2891212859997,601.8091116920002,418,408,2164,487,506,313,739,428.0,739,428
dd_w020,mcp4-n110-r14-07,403.8036735867656,4315.1668,4315.1668,0.0,8.488335452,395.3153381347656,380.6556235940002,380.2943973349998,358,354,24685,492,511,318,690,374.0,690,374
dd_w020,mcp4-n110-r14-08,314.6035307455134,4166.666799999997,4166.666799999997,0.0,7.732019763,306.8715109825134,306.16005202300005,305.78840018799986,297,291,627,479,498,305,614,311.0,614,311
dd_w020,mcp4-n110-r14-09,286.2086343773573,4067.0001999999986,4067.000199999999,0.0,7.489746333,278.7188880443573,277.7310877640001,277.316374228,329,322,716,490,509,316,656,342.0,656,342
dd_w020,mcp4-n110-r14-10,496.99509113450256,3643.0001999999986,3643.3292812587542,9.03324844054772e-5,10.78580516,486.20928597450256,471.69919889300024,471.27482612499995,339,333,25095,490,510,316,668,355.0,668,355
dd_w020,mcp4-n110-r16-01,2037.5235108214135,3365.000099999999,3365.000099999999,0.0,44.084660657,1993.4388501644135,1987.0589792449998,1984.4916191419995,274,269,598,478,487,304,592,291.0,592,291
dd_w020,mcp4-n110-r16-02,3765.05181975911,3295.0001,3295.0001,0.0,49.342343765,3715.70947599411,3700.192006805999,3694.315345716,522,514,1090,486,495,312,844,534.0,844,534
dd_w020,mcp4-n110-r16-03,3211.8636897186293,3681.0002000000004,3681.0002000000004,0.0,52.21461278,3159.649076938629,3147.5143492750026,3142.870166072,462,452,968,492,501,318,788,472.0,788,472
dd_w020,mcp4-n110-r16-04,3612.1168749923113,3243.0001,4192.31359846064,0.2927269408535138,60.218087017,3551.8987879753113,3526.4256767310003,3523.8169372040006,338,331,3721,489,498,315,664,351.0,664,351
dd_w020,mcp4-n110-r16-05,770.9976552508381,3513.0001,3513.0001,0.0,41.503306248,729.4943490028381,727.5459364959999,726.4798325200002,113,108,181,483,492,309,435,128.0,435,128
dd_w020,mcp4-n110-r16-06,3646.003391005027,3116.0001999999986,4832.933433333334,0.551005495228574,46.756680943,3599.246710062027,3576.8821436060034,3572.104126005002,556,547,2263,484,493,310,879,575.0,879,575
dd_w020,mcp4-n110-r16-07,3948.6762237806465,3085.6667999999995,5133.719663743439,0.6637310495557848,46.978482749,3901.6977410316467,3879.393614209999,3876.192575855999,385,375,2172,490,499,316,710,397.0,710,397
dd_w020,mcp4-n110-r16-08,1680.146313951225,3322.0001500000017,3322.0001500000017,0.0,44.128448055,1636.017865896225,1614.4207958719992,1612.420761415,269,266,3400,482,492,308,594,290.0,594,290
dd_w020,mcp4-n110-r16-09,2135.651599304465,3576.000100000001,3576.000100000001,0.0,53.298950331,2082.352648973465,2045.9800374609981,2043.1026468969994,324,319,5278,485,494,311,648,339.0,648,339
dd_w020,mcp4-n110-r16-10,3584.840046273115,3257.000100000001,3257.000100000002,0.0,62.715468274,3522.124577999115,3502.030929426003,3497.9206980400004,415,408,1835,489,498,315,742,431.0,742,431
dd_w020,mcp4-n120-r08-01,3621.9319133942017,5701.0002,18245.84997561724,2.2004647141772136,42.058363456,3579.873549938202,3574.9001827619977,3573.8657171289997,553,545,2299,523,606,333,896,565.0,896,565
dd_w020,mcp4-n120-r08-02,3636.7848411979353,7623.000200000005,18917.84352473174,1.4816795262227234,43.591095108,3593.1937460899353,3589.553195992,3588.696140369995,397,392,1506,528,611,338,748,412.0,748,412
dd_w020,mcp4-n120-r08-03,4094.1304251873607,8136.154007692314,17349.974379532563,1.1324540271888974,40.20692608,4053.923499107361,4047.7166526490023,4046.8431299390027,435,427,2773,532,615,342,787,447.0,787,447
dd_w020,mcp4-n120-r08-04,4302.017272910532,6110.000100000004,18972.082120335035,2.105087039251443,44.576049766,4257.441223144531,4254.282676657,4253.480071424001,427,419,789,530,614,340,779,443.0,779,443
dd_w020,mcp4-n120-r08-05,3959.940729201421,6132.6667,19720.778126111385,2.2156937741474496,40.408637107,3919.5320920944214,3915.957664595002,3914.9485958500027,511,507,1172,523,606,333,859,529.0,859,529
dd_w020,mcp4-n120-r08-06,3656.512982558767,6308.000200000006,23944.177420342123,2.795842844193648,47.131466579,3609.381515979767,3603.3256938969994,3602.294077886999,540,533,2852,523,606,333,884,553.0,884,553
dd_w020,mcp4-n120-r08-07,3603.3726486681003,5945.600140000005,19112.861540012636,2.2146227613639384,53.276579809,3550.0960688591003,3546.8568853490015,3546.0213039769988,409,404,962,521,604,331,753,424.0,753,424
dd_w020,mcp4-n120-r08-08,5746.2321920946615,7633.500150000002,27347.75001617546,2.5825963815793536,50.789145048,5695.443047046661,5694.469808654003,5694.013162643,316,309,346,518,601,328,656,332.0,656,332
dd_w020,mcp4-n120-r08-09,3617.3642509235647,6571.000240000012,16936.143416197578,1.5774072131516992,59.082192923,3558.2820580005646,3550.1434030440005,3549.164813241001,511,506,2893,538,621,348,872,526.0,872,526
dd_w020,mcp4-n120-r08-10,3615.2772473602395,7571.666866666665,17063.20192275132,1.2535595164480855,33.753655365,3581.5235919952393,3573.4896772749985,3572.5916683230002,546,540,2237,532,615,342,900,560.0,900,560
dd_w020,mcp4-n120-r10-01,3602.9271297121445,6691.800180000002,9652.912898733639,0.4424986758546093,22.153736558,3580.7733931541443,3406.5990319280013,3405.366361699002,807,803,164115,520,573,330,1151,823.0,1151,823
dd_w020,mcp4-n120-r10-02,4115.829949087909,5419.250149999998,12013.09100909093,1.216744139240543,23.950410075,4091.879539012909,4077.2092958939957,4076.036584569996,782,777,10318,522,575,332,1127,797.0,1127,797
dd_w020,mcp4-n120-r10-03,3827.981767688897,5954.875156249998,12532.492416730118,1.104576853064084,25.549817835,3802.431949853897,3792.045576438001,3790.997523173994,636,626,6511,530,583,340,984,646.0,984,646
dd_w020,mcp4-n120-r10-04,3215.540609634746,7145.333466666667,7145.333466666667,0.0,21.979647673,3193.560961961746,3189.799723247998,3188.867938020997,598,586,1953,516,569,326,930,606.0,930,606
dd_w020,mcp4-n120-r10-05,3787.6823080395498,6967.000100000001,7011.166866666667,0.0063394238600149085,24.02576097,3763.6565470695496,3748.2745498360023,3746.8257286959974,889,881,10752,533,586,343,1243,904.0,1243,904
dd_w020,mcp4-n120-r10-06,2713.3799460131086,7058.000099999999,7058.000099999999,0.0,24.677835961,2688.7021100521088,2686.902844091,2686.0859639840005,601,594,1105,518,571,328,940,614.0,940,614
dd_w020,mcp4-n120-r10-07,3990.223226552067,6734.500150000002,7489.5985240173295,0.11212389296885347,26.686742549,3963.536484003067,3959.6160449190006,3958.480950838998,797,787,2561,518,571,328,1135,812.0,1135,812
dd_w020,mcp4-n120-r10-08,3876.9237368234744,6447.500150000001,11686.951071322848,0.8126329274025448,22.949213756,3853.9745230674744,3825.977594236001,3825.032624545004,658,648,22990,528,581,338,1004,668.0,1004,668
dd_w020,mcp4-n120-r10-09,354.59455231798154,6495.000100000001,6495.0001,0.0,24.78231434,329.81223797798157,328.94496689899995,328.83634006899996,56,54,749,520,573,330,402,74.0,402,74
dd_w020,mcp4-n120-r10-10,3600.0002193493647,6770.666800000001,7283.268892710708,0.07570924812172228,24.62059236,3575.3796269893646,3351.206209022,3350.172641191002,718,711,228324,518,571,328,1058,733.0,1058,733
dd_w020,mcp4-n120-r12-01,1788.3244450655068,5697.000100000005,5697.4879048780485,8.562486738306165e-5,15.445060071,1772.8793849945068,1771.293187906,1770.446061918,547,533,1009,520,553,330,881,553.0,881,553
dd_w020,mcp4-n120-r12-02,1521.2814384411301,5520.000200000002,5520.279459778966,5.0590537834388654e-5,17.606004567,1503.6754338741302,1431.2732706980003,1430.2168605759996,575,568,86098,520,553,330,917,590.0,917,590
dd_w020,mcp4-n120-r12-03,1185.1704698318697,5226.000150000003,5226.000150000003,0.0,17.800981831,1167.3694880008698,1165.9990249250006,1165.506409322,358,349,813,517,550,327,694,369.0,694,369
dd_w020,mcp4-n120-r12-04,3411.974530400673,5197.000149999998,5197.000149999998,0.0,18.782458486,3393.192071914673,3377.279357615999,3376.1768432060003,732,719,13055,523,556,333,1071,741.0,1071,741
dd_w020,mcp4-n120-r12-05,2385.722204533623,5477.000100000005,5477.000100000005,0.0,18.910094348,2366.812110185623,2361.243415387004,2360.0227783009996,727,719,4857,515,548,325,1062,739.0,1062,739
dd_w020,mcp4-n120-r12-06,1982.032929970022,5150.300150000004,5150.300150000004,0.0,18.656400038,1963.376529932022,1920.9433237539993,1919.8406936330014,686,675,23616,518,551,328,1022,699.0,1022,699
dd_w020,mcp4-n120-r12-07,2537.858682996981,5552.000100000004,5552.000100000004,0.0,19.513886101,2518.344796895981,2514.9455143820005,2513.8347631539996,678,665,1862,511,544,321,1004,685.0,1004,685
dd_w020,mcp4-n120-r12-08,2573.9131384185157,5772.666800000001,5773.210309675839,9.415226872930243e-5,18.762787371,2555.150351047516,2443.5920231969994,2442.5084302509995,768,755,114023,520,553,330,1103,775.0,1103,775
dd_w020,mcp4-n120-r12-09,2068.7451435553685,5736.0001,5736.0001,0.0,18.868809365,2049.8763341903687,2045.7597563499992,2044.8515858430012,629,618,3017,521,554,331,967,638.0,967,638
dd_w020,mcp4-n120-r12-10,1796.1849183984277,5593.0001,5593.510912306925,9.133064505485891e-5,18.228623385,1777.9562950134277,1732.7462848900002,1731.7425527469989,621,612,46838,527,560,337,967,632.0,967,632
dd_w020,mcp4-n120-r14-01,1619.2828935010054,4963.000100000004,4963.4681078744625,9.429938848049488e-5,15.357163511,1603.9257299900055,1540.3764744099988,1539.4010229190003,666,656,77439,513,532,323,998,678.0,998,678
dd_w020,mcp4-n120-r14-02,1020.3136829714306,4841.000150000002,4841.4417061020895,9.121175137493348e-5,12.307717977,1008.0059649944305,923.2170893449999,922.0765315969998,772,769,65095,514,533,324,1112,791.0,1112,791
dd_w020,mcp4-n120-r14-03,917.0420290188857,4269.333466666665,4269.333466666665,0.0,16.044869061,900.9971599578857,871.1911699019996,870.4575404169994,487,484,32703,513,532,323,825,504.0,825,504
dd_w020,mcp4-n120-r14-04,1284.0074726252974,4003.0001499999985,4003.1980865258047,4.9447044314050045e-5,19.232252708,1264.7752199172974,1238.4974140190002,1237.7798385469996,435,428,34407,524,543,334,781,453.0,781,453
dd_w020,mcp4-n120-r14-05,1060.911690628108,4559.000099999998,4559.000099999998,0.0,13.940911686,1046.9707789421082,1044.8494271620004,1044.0693174,530,522,930,513,532,323,863,542.0,863,542
dd_w020,mcp4-n120-r14-06,1415.2428535365575,4695.000119999999,4695.180269103678,3.8370415138449184e-5,15.16125144,1400.0816020965576,1349.1770115099991,1348.198706116,603,595,60686,524,543,334,947,615.0,947,615
dd_w020,mcp4-n120-r14-07,1959.6491688124627,4324.333466666665,4324.709586122358,8.697744024415224e-5,14.77110871,1944.8780601024628,1768.3330892029985,1767.1782751769997,858,851,146104,512,531,322,1192,873.0,1192,873
dd_w020,mcp4-n120-r14-08,1688.5484932981688,4333.000200000001,4333.000200000001,0.0,13.152933272,1675.3955600261688,1667.263900269,1666.554449128999,484,474,7022,513,532,323,815,494.0,815,494
dd_w020,mcp4-n120-r14-09,1207.2871361590605,4077.0001,4077.4001000000003,9.811135398306489e-5,14.619731269,1192.6674048900604,1174.2751008140008,1173.4021677819992,625,614,20828,527,546,337,969,634.0,969,634
dd_w020,mcp4-n120-r14-10,421.5739288394535,4344.000100000005,4344.000100000005,0.0,12.708585984,408.8653428554535,408.2360995019997,407.8777758470003,273,267,425,517,536,327,612,287.0,612,287
dd_w020,mcp4-n120-r16-01,4097.512417727708,3533.0001000000007,3745.5909018867915,0.060172883065242704,81.193938905,4016.318478822708,4003.370889277001,3998.0084631289997,429,417,637,519,528,329,766,441.0,766,441
dd_w020,mcp4-n120-r16-02,3606.0288861967488,3820.000200000001,6290.2501,0.6466622436302487,78.986177323,3527.042708873749,3459.7878045480015,3454.0015195929986,453,448,7005,521,529,331,798,470.0,798,470
dd_w020,mcp4-n120-r16-03,3847.6507502091554,3880.3334666666633,6494.763090726722,0.6737641613842899,60.258537103,3787.3922131061554,3748.8445613870012,3744.1818611589983,424,418,4173,509,517,319,755,438.0,755,438
dd_w020,mcp4-n120-r16-04,3718.3968973245283,3337.0001999999986,8943.19346059447,1.680009866524573,96.778127202,3621.618770122528,3616.648434637999,3612.762917500001,379,369,424,506,514,316,704,391.0,704,391
dd_w020,mcp4-n120-r16-05,2795.47465601722,3748.0001,3748.0001,0.0,76.71911207,2718.75554394722,2712.3819183540004,2709.3456599849983,286,279,510,522,530,332,629,299.0,629,299
dd_w020,mcp4-n120-r16-06,3705.216736970799,3216.000149999999,6903.6739992714565,1.1466647006442021,103.703142105,3601.513594865799,3585.1269087659994,3582.051275838998,326,320,1753,512,520,322,660,340.0,660,340
dd_w020,mcp4-n120-r16-07,4555.008700775749,3312.0000999999997,8686.181918181823,1.6226393888640958,83.130708861,4471.877991914749,4465.189350542001,4460.762493085998,408,401,510,523,531,333,752,421.0,752,421
dd_w020,mcp4-n120-r16-08,4373.456150139975,3163.0001999999995,8779.563407493544,1.7757075094378894,108.268196191,4265.187953948975,4260.424512169001,4257.564754238,307,299,379,514,522,324,641,319.0,641,319
dd_w020,mcp4-n120-r16-09,4066.5143838019685,3480.0001000000047,7483.5339018800905,1.1504407146080484,76.9832728,3989.5311110019684,3983.807753012999,3979.9565601000004,392,384,436,513,521,323,725,404.0,725,404
dd_w020,mcp4-n120-r16-10,3735.552193405909,3358.0002000000004,7039.558658558561,1.0963544488647021,101.019874337,3634.5323190689087,3618.6039102230006,3614.146376444,409,401,937,517,525,327,746,421.0,746,421
dd_w030,mcp4-n070-r08-01,447.9312105216732,4283.000133333337,4283.000133333337,0.0,27.810105566,420.1211049556732,416.78533528499986,414.9253410459999,145,138,315,551,618,439,605,168.0,605,168
dd_w030,mcp4-n070-r08-02,1364.4192206984744,4517.500150000001,4517.500150000002,0.0,26.802119506,1337.6171011924744,1313.9128279710003,1309.5429624669996,225,213,3025,523,592,411,656,253.0,656,253
dd_w030,mcp4-n070-r08-03,749.3268502710918,3691.0002000000013,3691.0002000000013,0.0,27.336604452,721.9902458190918,683.8312565840006,680.560324135,223,213,6520,535,602,423,664,243.0,664,243
dd_w030,mcp4-n070-r08-04,732.6294707077084,4690.000100000001,4690.000100000001,0.0,20.442287566,712.1871831417084,708.770523937,706.7188255649999,127,122,193,530,597,418,568,152.0,568,152
dd_w030,mcp4-n070-r08-05,653.4653953855407,3845.0000999999997,3845.0000999999997,0.0,29.828079397,623.6373159885406,612.348810335,608.706343957,174,168,1394,556,623,444,640,198.0,640,198
dd_w030,mcp4-n070-r08-06,575.9219563192809,4825.000150000002,4825.000150000002,0.0,26.392676372,549.5292799472809,539.55611457,536.9765986060002,144,139,739,552,619,440,608,171.0,608,171
dd_w030,mcp4-n070-r08-07,414.96727418144434,3732.000100000011,3732.000100000011,0.0,31.526976101,383.44029808044434,379.61579794900007,377.845005281,103,96,306,536,603,424,548,126.0,548,126
dd_w030,mcp4-n070-r08-08,902.1679202521772,4167.000100000001,4167.000100000001,0.0,29.562585255,872.6053349971771,856.7162183090006,853.4291459650003,210,202,1372,543,610,431,661,232.0,661,232
dd_w030,mcp4-n070-r08-09,386.26052517291527,4190.0001,4190.0001,0.0,26.251705116,360.0088200569153,356.37182038700007,354.80193751099995,118,113,312,553,620,441,582,143.0,582,143
dd_w030,mcp4-n070-r08-10,469.27089517150637,4291.0001,4291.0001,0.0,24.289075065,444.98182010650635,429.04793123799993,426.52247706099985,162,158,2773,538,605,426,612,188.0,612,188
dd_w030,mcp4-n070-r10-01,471.1960029698251,3716.0001999999968,3716.0001999999968,0.0,15.057217846,456.1387851238251,432.74071278800005,429.124789751,208,200,3068,523,572,411,639,230.0,639,230
dd_w030,mcp4-n070-r10-02,471.9940623470277,3023.000149999996,3023.000149999996,0.0,20.826786203,451.1672761440277,446.6479965350002,444.35463407099996,146,138,511,541,590,429,596,170.0,596,170
dd_w030,mcp4-n070-r10-03,139.89707010739417,3403.000100000001,3403.000100000001,0.0,21.851486144,118.04558396339417,115.719574859,114.783297574,44,41,123,539,589,427,497,73.0,497,73
dd_w030,mcp4-n070-r10-04,460.44323903253724,3412.2501500000017,3412.2501500000017,0.0,14.008799135,446.43443989753723,420.80623011900013,417.90407775200015,195,189,3269,515,564,403,620,219.0,620,219
dd_w030,mcp4-n070-r10-05,268.1447928710398,3104.0001,3104.0001,0.0,15.251066999,252.8937258720398,248.81449450699986,247.51932106999996,123,117,497,523,572,411,557,149.0,557,149
dd_w030,mcp4-n070-r10-06,218.54290950684035,3933.000200000002,3933.000200000002,0.0,3.902096633,214.64081287384033,209.66502813400012,208.0511117140001,97,93,538,537,586,425,547,125.0,547,125
dd_w030,mcp4-n070-r10-07,420.2988990481699,3412.000100000002,3412.000100000002,0.0,10.823271149,409.4756278991699,404.2646942200001,401.428798322,177,167,647,524,573,412,607,197.0,607,197
dd_w030,mcp4-n070-r10-08,289.6335137749039,3314.0001500000017,3314.0001500000017,0.0,12.454014864,277.17949891090393,273.52484716300006,271.888560725,129,121,494,525,574,413,562,151.0,562,151
dd_w030,mcp4-n070-r10-09,495.2444187566925,3319.6668000000036,3319.6668000000036,0.0,23.70270385,471.5417149066925,458.6130003830001,456.02774051299997,174,165,1198,529,579,417,611,197.0,611,197
dd_w030,mcp4-n070-r10-10,244.85785791335022,4003.500149999999,4003.500149999999,0.0,9.38998887,235.46786904335022,219.50447379300002,217.810657912,112,108,1774,538,587,426,564,142.0,563,140
dd_w030,mcp4-n070-r12-01,43.1910813737052,2717.0001800000014,2717.0001800000014,0.0,1.482601254,41.7084801197052,41.21173026200001,40.89158791900003,206,195,495,522,560,410,634,228.0,634,228
dd_w030,mcp4-n070-r12-02,21.51715216967932,2701.3334666666665,2701.3334666666665,0.0,1.348361114,20.16879105567932,19.177123594,19.020197641000006,98,95,1152,548,586,436,559,125.0,559,125
dd_w030,mcp4-n070-r12-03,20.205808880340943,2729.0001,2729.0001,0.0,1.217453959,18.988354921340942,18.744425802000002,18.638293897,81,74,114,505,544,393,496,106.0,496,106
dd_w030,mcp4-n070-r12-04,39.6722965057948,2555.000100000001,2555.000100000001,0.0,1.948159438,37.7241370677948,37.15207688899999,36.848825725,169,162,604,529,567,417,608,194.0,608,194
dd_w030,mcp4-n070-r12-05,50.13377489010986,2196.0001400000037,2196.0001400000037,0.0,2.550815715,47.58295917510986,46.25983118099998,45.884940069,186,179,1034,523,561,411,618,209.0,618,209
dd_w030,mcp4-n070-r12-06,20.39662977928406,2249.0001,2249.0001,0.0,1.48239681,18.914232969284058,18.66460152499999,18.486085900000006,92,86,101,525,563,413,528,118.0,528,118
dd_w030,mcp4-n070-r12-07,49.60609109163696,2338.5002000000004,2338.5002000000004,0.0,2.064725945,47.54136514663696,46.396232979999986,46.07087782099999,190,180,1000,522,560,410,620,215.0,620,215
dd_w030,mcp4-n070-r12-08,43.646630977374876,2860.333466666668,2860.333466666668,0.0,1.47282884,42.17380213737488,40.58245944799999,40.32008775500001,163,155,1233,513,551,401,584,185.0,584,185
dd_w030,mcp4-n070-r12-09,19.281236447530638,2674.0001,2674.0001,0.0,1.338922538,17.94231390953064,17.655665023,17.538515830999998,83,79,189,514,552,402,509,109.0,509,109
dd_w030,mcp4-n070-r12-10,16.263983208167847,2880.0002000000004,2880.0002000000004,0.0,1.198709208,15.065274000167847,14.645157363999997,14.520909578000001,63,61,555,521,559,409,499,93.0,499,93
dd_w030,mcp4-n070-r14-01,22.677560867255494,2391.666799999999,2391.666799999999,0.0,1.442748846,21.234812021255493,18.644300765,18.434533032999994,112,108,2878,532,561,420,556,138.0,556,138
dd_w030,mcp4-n070-r14-02,41.72682005064185,1915.5001499999994,1915.5001499999994,0.0,1.260587274,40.466232776641846,39.96820269399999,39.593139567,208,195,478,525,555,413,639,232.0,639,232
dd_w030,mcp4-n070-r14-03,36.76062822056372,2035.5715714285711,2035.5715714285711,0.0,0.855949399,35.90467882156372,34.6613041,34.42093924599999,167,157,1170,493,523,381,568,192.0,568,192
dd_w030,mcp4-n070-r14-04,16.86467775667676,2220.0001500000008,2220.0001500000008,0.0,0.429586738,16.435091018676758,16.254961451000003,16.046411993999996,100,95,45,527,556,415,538,125.0,538,125
dd_w030,mcp4-n070-r14-05,19.44389128703186,1797.5001500000017,1797.5001500000017,0.0,1.65707922,17.78681206703186,17.429285863999993,17.285235018999995,96,89,442,535,565,423,542,123.0,542,123
dd_w030,mcp4-n070-r14-06,18.69324470482141,2060.0002000000004,2060.0002000000004,0.0,1.807680616,16.88556408882141,15.647665105000005,15.515667749999997,93,88,1905,511,540,399,516,121.0,516,121
dd_w030,mcp4-n070-r14-07,10.423469502203124,2126.000100000001,2126.000100000001,0.0,0.979835469,9.443634033203125,9.244778413999999,9.148843005,61,57,61,521,550,409,494,87.0,494,87
dd_w030,mcp4-n070-r14-08,29.16078177917676,1959.0000999999997,1959.0000999999997,0.0,1.265729823,27.895051956176758,27.523420191000014,27.263918883999995,132,127,281,535,565,423,579,159.0,579,159
dd_w030,mcp4-n070-r14-09,38.92489017091003,1995.0001000000013,1995.0001000000013,0.0,1.05708016,37.867810010910034,37.28263338400001,36.91892502900001,191,181,614,534,563,422,632,213.0,632,213
dd_w030,mcp4-n070-r14-10,26.50474472244214,2080.000100000003,2080.000100000003,0.0,1.589816763,24.91492795944214,24.57672195000001,24.376607265999994,116,111,276,525,554,413,552,141.0,552,141
dd_w030,mcp4-n070-r16-01,21.82418911919751,2000.0001,2000.0001,0.0,0.606848173,21.21734094619751,21.002213466999997,20.720379429999998,131,124,91,529,553,417,571,159.0,571,159
dd_w030,mcp4-n070-r16-02,19.620670401508058,1713.0001000000007,1713.0001000000007,0.0,0.438779437,19.181890964508057,18.66119492900001,18.387656965,137,130,649,526,550,414,573,163.0,573,163
dd_w030,mcp4-n070-r16-03,21.71201087143994,1780.0001333333344,1780.0001333333344,0.0,0.931828033,20.78018283843994,19.734256232000003,19.48058344,135,130,1600,511,536,399,560,167.0,560,167
dd_w030,mcp4-n070-r16-04,21.859673703472414,2174.0001499999994,2174.0001499999994,0.0,0.764472688,21.095201015472412,19.7325888,19.508215075,129,121,1969,505,528,393,542,151.0,542,151
dd_w030,mcp4-n070-r16-05,16.142217501687377,1872.0001000000034,1872.0001000000034,0.0,0.833527669,15.308689832687378,14.958777890000002,14.771566745,101,94,362,523,547,411,534,126.0,534,126
dd_w030,mcp4-n070-r16-06,23.21084480866699,1821.2501249999978,1821.2501249999978,0.0,0.9028328,22.308012008666992,21.967820100999994,21.773510201000004,119,110,412,518,542,406,546,148.0,546,148
dd_w030,mcp4-n070-r16-07,27.78082925302002,1802.500150000001,1802.500150000001,0.0,1.550981345,26.22984790802002,25.247114874000005,25.011404058999993,145,133,892,514,537,402,564,165.0,564,165
dd_w030,mcp4-n070-r16-08,16.955096709847044,1836.0001000000002,1836.0001000000002,0.0,0.961047876,15.994048833847046,15.720000908,15.525825208000004,108,101,284,512,535,400,529,131.0,529,131
dd_w030,mcp4-n070-r16-09,16.711354651467897,1988.0001000000009,1988.0001000000009,0.0,1.0240976,15.687257051467896,15.467506478000004,15.308564192999999,105,100,123,518,542,406,538,140.0,538,140
dd_w030,mcp4-n070-r16-10,25.976664472400756,1810.0001666666665,1810.0001666666665,0.0,0.624501396,25.352163076400757,24.180022652999984,23.88919118,161,154,1810,512,536,400,583,187.0,583,187
dd_w030,mcp4-n080-r08-01,1912.6543970027606,4810.833483333336,4811.0408646569795,4.3107150634564805e-5,43.025208942,1869.6291880607605,1796.6115023940001,1791.4787425579996,301,291,7940,635,707,507,826,321.0,826,321
dd_w030,mcp4-n080-r08-02,1401.8054304327786,5122.000299999996,5122.000299999996,0.0,39.105231544,1362.7001988887787,1352.828888946,1348.8731786360001,229,222,656,627,699,499,749,252.0,749,252
dd_w030,mcp4-n080-r08-03,2078.8438101204238,6000.000100000001,6000.000100000001,0.0,39.753581086,2039.0902290344238,2032.1783025700004,2027.7750745109995,232,227,656,618,690,490,745,257.0,745,257
dd_w030,mcp4-n080-r08-04,2446.2840489809005,5927.1112666666695,5927.701363810949,9.955897868804742e-5,34.88706798,2411.3969810009003,2338.695656932001,2333.8269410020002,327,317,9999,620,693,492,838,349.0,838,349
dd_w030,mcp4-n080-r08-05,2257.821697194933,5400.000100000001,5400.000100000001,0.0,46.290039976,2211.531657218933,2194.555173905001,2190.5415476840003,270,258,932,611,683,483,769,288.0,769,288
dd_w030,mcp4-n080-r08-06,1692.4817003530275,4848.000200000001,4848.000200000001,0.0,42.681175403,1649.8005249500275,1610.8207298770008,1606.977333618999,249,241,5018,609,682,481,751,273.0,751,273
dd_w030,mcp4-n080-r08-07,1151.234121855698,4926.0001500000035,4926.0001500000035,0.0,39.999316987,1111.2348048686981,1079.796478145,1076.1178476379994,199,192,1358,619,691,491,711,222.0,711,222
dd_w030,mcp4-n080-r08-08,1643.740033900038,5168.000100000006,5168.000100000006,0.0,43.921378886,1599.818655014038,1587.0573433829998,1583.740104569,200,193,821,614,686,486,707,223.0,707,223
dd_w030,mcp4-n080-r08-09,2250.417510708843,5038.50015,5038.50015,0.0,49.117434701,2201.300076007843,2169.880705126,2165.5356384619995,245,241,1763,622,694,494,764,273.0,764,273
dd_w030,mcp4-n080-r08-10,2243.1244359533057,4610.000100000001,4610.000100000001,0.0,50.703676037,2192.4207599163055,2168.8828804149985,2165.3124219660012,246,239,2352,623,695,495,762,269.0,762,269
dd_w030,mcp4-n080-r10-01,125.42619125355664,3691.0001500000035,3691.0001500000035,0.0,4.020578308,121.40561294555664,120.678672558,120.26393762399996,167,160,480,614,666,486,675,193.0,675,193
dd_w030,mcp4-n080-r10-02,196.19458954304542,3995.250149999998,3995.250149999998,0.0,4.058945584,192.1356439590454,189.79628136199995,189.11261250800007,299,289,1890,624,677,496,814,321.0,814,321
dd_w030,mcp4-n080-r10-03,153.5238382571687,4124.0001,4124.0001,0.0,3.833138203,149.6907000541687,145.967183655,145.33175538799998,259,250,4241,625,677,497,775,280.0,775,280
dd_w030,mcp4-n080-r10-04,100.91615600099084,4292.000200000003,4292.000200000003,0.0,2.737685151,98.17847084999084,97.65701698100001,97.22462772499998,163,155,331,616,668,488,671,185.0,671,185
dd_w030,mcp4-n080-r10-05,226.56318243476866,3823.000199999999,3823.000199999999,0.0,4.038454375,222.52472805976868,217.17265821000004,216.2821873550001,335,324,3942,620,672,492,845,357.0,845,357
dd_w030,mcp4-n080-r10-06,104.79226899806983,4038.0000999999997,4038.0000999999997,0.0,3.831115014,100.96115398406982,100.37952598999999,100.01281817599995,200,192,353,599,652,471,693,226.0,693,226
dd_w030,mcp4-n080-r10-07,31.06190495425,3943.0001000000007,3943.0001,0.0,3.143447923,27.91845703125,27.543005051000005,27.353350854,70,67,213,622,674,494,589,97.0,589,97
dd_w030,mcp4-n080-r10-08,173.89658172361146,4339.000100000001,4339.000100000001,0.0,3.4658726,170.43070912361145,168.84553964700007,168.12052026799998,292,282,1296,609,661,481,791,312.0,791,312
dd_w030,mcp4-n080-r10-09,80.70666693565991,3860.000100000001,3860.000100000001,0.0,4.401627053,76.30503988265991,75.90529367699999,75.61429644700002,116,108,228,618,670,490,626,138.0,626,138
dd_w030,mcp4-n080-r10-10,136.92971949030138,4385.50015,4385.50015,0.0,3.485917372,133.4438021183014,131.59075857499997,131.11606174300005,204,199,1037,617,669,489,716,229.0,716,229
dd_w030,mcp4-n080-r12-01,104.59451552342676,3733.0001000000034,3733.0001000000034,0.0,1.450928411,103.14358711242676,102.744084762,102.186025213,188,180,202,614,653,486,694,210.0,694,210
dd_w030,mcp4-n080-r12-02,89.16138789877405,3525.500149999996,3525.500149999996,0.0,2.366961696,86.79442620277405,86.25536824699999,85.62993366199998,232,224,336,612,652,484,740,268.0,740,266
dd_w030,mcp4-n080-r12-03,75.18080701275146,3056.0001,3056.0001,0.0,3.072585005,72.10822200775146,71.44382179500005,70.89586401400003,229,221,465,611,651,483,738,265.0,738,265
dd_w030,mcp4-n080-r12-04,98.12193384278345,3247.0002000000004,3247.0002000000004,0.0,2.145086671,95.97684717178345,93.73612672400006,93.30497765400003,202,191,2850,618,657,490,709,221.0,709,221
dd_w030,mcp4-n080-r12-05,91.87321482115748,3280.000100000002,3280.000100000002,0.0,2.947600941,88.92561388015747,87.107380305,86.63741389500005,208,201,2048,602,641,474,704,233.0,704,233
dd_w030,mcp4-n080-r12-06,130.91850665742567,3081.3334666666697,3081.3334666666697,0.0,2.356940543,128.56156611442566,121.42887603800004,120.67815239599994,329,311,7726,626,666,498,839,347.0,839,347
dd_w030,mcp4-n080-r12-07,62.24974691282959,2996.0002000000004,2996.0002000000004,0.0,2.843642825,59.40610408782959,58.067848100999996,57.638020819000026,157,151,722,621,660,493,672,181.0,672,181
dd_w030,mcp4-n080-r12-08,62.274616799910156,2750.0001,2750.0001,0.0,3.920696817,58.353919982910156,57.78289896199999,57.442812207,148,140,409,628,667,500,668,170.0,668,170
dd_w030,mcp4-n080-r12-09,39.771481729370365,3034.000099999998,3034.000099999998,0.0,2.101326681,37.67015504837036,37.344227397000004,37.051756628999996,123,117,127,603,642,475,621,149.0,621,149
dd_w030,mcp4-n080-r12-10,80.5543590316654,3249.0001000000007,3249.0001000000007,0.0,2.915386034,77.6389729976654,76.17144590799997,75.76527638299999,164,157,1031,626,665,498,685,191.0,685,191
dd_w030,mcp4-n080-r14-01,87.8315932512555,2692.0001,2692.0001,0.0,1.958109355,85.8734838962555,85.09830466999992,84.50124433299997,228,219,582,609,639,481,729,251.0,729,251
dd_w030,mcp4-n080-r14-02,57.46630955888025,2471.0002000000018,2471.0002000000018,0.0,2.006207716,55.46010184288025,54.315137083999986,53.88328218100001,183,175,729,605,636,477,681,207.0,681,207
dd_w030,mcp4-n080-r14-03,55.42015043652136,2417.500149999999,2417.5887064141084,3.663139963381676e-5,1.701491274,53.71865916252136,51.87169998200001,51.50646797400003,184,180,2121,591,623,463,674,216.0,674,216
dd_w030,mcp4-n080-r14-04,58.33548208956079,2289.0001,2289.0001,0.0,1.900176971,56.43530511856079,54.71377817299999,54.37567161199998,172,167,2126,597,627,469,664,197.0,664,197
dd_w030,mcp4-n080-r14-05,45.02666923703943,2817.000100000002,2817.000100000002,0.0,1.448695156,43.57797408103943,43.158439151,42.847530318,164,157,208,600,631,472,658,189.0,658,189
dd_w030,mcp4-n080-r14-06,46.736426311566404,2750.5001499999994,2750.5001499999994,0.0,1.578734356,45.157691955566406,44.554177019999976,44.26725074499998,137,131,687,613,643,485,644,161.0,644,161
dd_w030,mcp4-n080-r14-07,70.98514715685253,2926.0001000000007,2926.0001000000007,0.0,1.391540208,69.59360694885254,68.08869459200001,67.56900684599997,248,238,981,602,634,474,744,279.0,744,279
dd_w030,mcp4-n080-r14-08,54.17693472971301,2455.500150000001,2455.500150000001,0.0,1.677728902,52.49920582771301,51.196804647,50.91105828999999,169,164,1748,593,623,465,657,194.0,657,194
dd_w030,mcp4-n080-r14-09,55.41199169331714,2462.500149999999,2462.500149999999,0.0,1.986565687,53.42542600631714,52.81623770500003,52.457145693000015,169,162,502,601,631,473,663,192.0,663,192
dd_w030,mcp4-n080-r14-10,41.4396723553374,2858.000133333333,2858.000133333333,0.0,0.968428497,40.4712438583374,40.08545119800002,39.80452128800002,146,138,345,592,622,464,631,171.0,631,171
dd_w030,mcp4-n080-r16-01,32.9528638209281,2328.0001000000016,2328.0001000000016,0.0,1.201324829,31.7515389919281,31.304654031000005,30.959818263000024,121,117,466,599,621,471,617,149.0,617,149
dd_w030,mcp4-n080-r16-02,55.58642428661413,2142.500149999999,2142.500149999999,0.0,1.531608279,54.054816007614136,53.424629487,52.946561941000034,184,172,634,609,631,481,681,202.0,681,202
dd_w030,mcp4-n080-r16-03,36.92050610736328,1936.5001499999987,1936.5001499999987,0.0,1.19277631,35.72772979736328,35.27814637500001,34.863654756,147,140,351,601,624,473,643,174.0,643,174
dd_w030,mcp4-n080-r16-04,86.0419931233335,2156.750149999999,2156.750149999999,0.0,0.825487119,85.2165060043335,81.13478057999994,80.30321081099997,319,302,3663,588,610,460,790,332.0,790,332
dd_w030,mcp4-n080-r16-05,28.983011762333618,2229.000100000003,2229.000100000003,0.0,1.825317661,27.157694101333618,26.753273094000008,26.47283927699999,107,101,396,608,630,480,609,131.0,609,131
dd_w030,mcp4-n080-r16-06,34.745595329777835,2299.000100000001,2299.000100000001,0.0,1.32121312,33.42438220977783,33.09029684700001,32.75795245300001,152,141,247,604,626,476,645,171.0,645,171
dd_w030,mcp4-n080-r16-07,76.27972976027233,2319.666833333336,2319.666833333336,0.0,1.510569728,74.76916003227234,72.413634069,71.72388929899998,283,274,2443,583,605,455,758,307.0,758,307
dd_w030,mcp4-n080-r16-08,17.309783299789306,1812.0001000000007,1812.0001000000007,0.0,1.544579347,15.765203952789307,15.530494008999998,15.395830367,63,60,77,595,617,467,555,90.0,555,90
dd_w030,mcp4-n080-r16-09,35.66877292724329,1992.0000999999997,1992.0000999999997,0.0,1.777379981,33.891392946243286,33.51770806,33.173026434,142,134,162,610,633,482,646,169.0,646,169
dd_w030,mcp4-n080-r16-10,37.544570606200686,1627.000100000003,1627.000100000003,0.0,1.643448513,35.901122093200684,35.26348044699999,34.84188467199999,177,171,563,606,628,478,679,206.0,679,206
dd_w030,mcp4-n090-r08-01,3787.289969921437,5627.000100000001,6519.239933403524,0.15856403368528874,68.696393967,3718.5935759544373,3705.957053727001,3699.8873155620004,375,368,683,597,675,453,849,398.0,849,398
dd_w030,mcp4-n090-r08-02,2109.32855474513,6350.000100000005,6350.1046751634,1.6468529409246146e-5,56.293745871,2053.0348088741302,2047.0365052389996,2044.0487222079994,202,195,401,592,671,448,672,227.0,672,227
dd_w030,mcp4-n090-r08-03,3394.7492108362485,6544.400119999984,6544.400119999984,0.0,64.248057844,3330.5011529922485,3296.6885147400003,3293.270357712,229,225,5334,582,660,438,691,255.0,691,255
dd_w030,mcp4-n090-r08-04,3916.512273157227,5604.0002,6463.008433333331,0.15328483274025048,71.583617056,3844.928656101227,3819.4548264599975,3814.271529143001,346,341,753,591,669,447,818,375.0,818,375
dd_w030,mcp4-n090-r08-05,3639.0474208729975,5733.500149999994,6109.465908580855,0.06557351508586971,74.713197841,3564.3342230319977,3533.9239966790005,3529.8033128529996,301,297,2285,571,649,427,752,327.0,752,327
dd_w030,mcp4-n090-r08-06,3679.8264052925883,6139.500149999998,11899.435340963859,0.9381765697919011,73.241402155,3606.5850031375885,3588.503802523,3584.7246493970006,299,293,1371,585,663,441,762,323.0,762,323
dd_w030,mcp4-n090-r08-07,3931.0004672026785,6628.500150000002,7487.895797304534,0.1296515995861496,62.302587173,3868.6978800296783,3859.2766572929995,3854.724014106,312,303,570,576,654,432,763,333.0,763,333
dd_w030,mcp4-n090-r08-08,3620.8366763651934,4636.500149999974,11399.02750928599,1.4585413869308412,74.600199467,3546.2364768981934,3531.7799953790027,3528.058702862999,271,265,1359,582,660,438,731,295.0,731,295
dd_w030,mcp4-n090-r08-09,3986.724723498167,4861.83348333333,9311.95648780804,0.9153178568805391,65.118423621,3921.6062998771667,3891.1518494399998,3885.5865650200003,388,381,2515,585,663,441,850,411.0,850,411
dd_w030,mcp4-n090-r08-10,4779.630023957775,6380.000100000005,11706.058440685576,0.8348053694678731,72.509217979,4707.120805978775,4678.016146805002,4673.235759074001,325,319,2255,591,669,447,794,349.0,794,349
dd_w030,mcp4-n090-r10-01,447.97913436936807,5127.500150000002,5127.500150000002,0.0,6.988428164,440.99070620536804,437.90106788900005,436.9965813109999,315,305,2711,585,640,441,774,335.0,774,335
dd_w030,mcp4-n090-r10-02,267.75998592773794,4945.0001999999995,4945.0001999999995,0.0,6.156845812,261.6031401157379,258.916478251,258.0019635950001,373,365,2458,581,637,437,831,397.0,831,397
dd_w030,mcp4-n090-r10-03,126.60445834101502,4279.000099999999,4279.000099999999,0.0,7.512150535,119.09230780601501,118.53801791999996,118.32369137699999,127,124,268,575,631,431,584,156.0,584,156
dd_w030,mcp4-n090-r10-04,226.13471175404882,4416.000100000001,4416.000100000001,0.0,6.720019829,219.41469192504883,218.70232884800012,218.11282904900003,255,247,372,597,652,453,728,277.0,728,277
dd_w030,mcp4-n090-r10-05,391.7545684514441,4297.0001000000075,4297.0001000000075,0.0,7.661490315,384.0930781364441,380.0264720400001,379.35866903100003,301,291,3305,579,635,435,755,323.0,755,323
dd_w030,mcp4-n090-r10-06,572.1307646896188,4412.0002,4412.0002,0.0,7.150644746,564.9801199436188,551.0568485939999,550.0967256119999,438,432,17940,574,629,430,892,466.0,892,466
dd_w030,mcp4-n090-r10-07,351.94801633769237,4309.0001,4309.0001,0.0,6.281083278,345.6669330596924,339.80850695500004,339.018343836,348,335,4895,582,638,438,803,370.0,803,370
dd_w030,mcp4-n090-r10-08,282.88075328541174,4828.000133333335,4828.000133333335,0.0,4.927130229,277.95362305641174,275.941751022,275.2723165159998,305,297,1557,593,648,449,774,327.0,774,327
dd_w030,mcp4-n090-r10-09,342.2401003359814,5061.0000999999975,5061.0000999999975,0.0,5.978425455,336.26167488098145,335.1847377589999,334.39706028200015,329,319,667,584,639,440,787,349.0,787,349
dd_w030,mcp4-n090-r10-10,436.5497657476023,4562.400140000002,4562.400140000002,0.0,6.458163899,430.0916018486023,424.9918084950001,424.0973592659999,378,366,3660,595,650,451,845,396.0,845,396
dd_w030,mcp4-n090-r12-01,297.305236244923,3706.400140000007,3706.7506096482903,9.455796326492983e-5,4.692972327,292.612263917923,281.73836388200016,280.8287575540001,386,377,12090,581,621,437,842,407.0,842,407
dd_w030,mcp4-n090-r12-02,253.40631925718873,3871.0001500000003,3871.0001500000003,0.0,4.53069317,248.87562608718872,244.39205428099996,243.6647612430001,347,338,5052,562,603,418,785,370.0,785,370
dd_w030,mcp4-n090-r12-03,234.42318425307397,3755.0001,3755.0001,0.0,5.213588096,229.20959615707397,228.37671919100003,227.74242871799984,348,339,520,566,607,422,791,373.0,791,373
dd_w030,mcp4-n090-r12-04,187.0224869759048,3608.0001500000003,3608.0001500000003,0.0,5.420687011,181.60179996490479,167.28848048800006,166.59975067000008,346,341,15510,581,621,437,806,371.0,806,371
dd_w030,mcp4-n090-r12-05,105.3046437377046,3550.000100000001,3550.000100000001,0.0,5.093119728,100.21152400970459,99.49738778399998,99.18183835300002,164,159,377,575,615,431,621,196.0,621,196
dd_w030,mcp4-n090-r12-06,74.16186601211413,3339.0002000000004,3339.0002000000004,0.0,5.051385942,69.11048007011414,68.66511455999998,68.373380039,135,131,273,577,617,433,594,165.0,594,165
dd_w030,mcp4-n090-r12-07,172.90232874306898,3782.5001500000008,3782.5001500000008,0.0,4.033397688,168.86893105506897,167.39789062600002,166.83700567000008,259,251,619,587,628,443,723,283.0,723,283
dd_w030,mcp4-n090-r12-08,189.1463760083197,3672.000100000004,3672.000100000004,0.0,6.17279684,182.9735791683197,174.90752749399994,174.46302783099998,266,260,7497,586,626,442,730,290.0,730,290
dd_w030,mcp4-n090-r12-09,118.52962497990283,4184.000100000003,4184.000100000003,0.0,3.262225192,115.26739978790283,113.83147216100001,113.400220726,212,206,611,569,609,425,659,236.0,659,236
dd_w030,mcp4-n090-r12-10,309.2142430765415,3350.333466666668,3350.333466666668,0.0,5.217126034,303.9971170425415,288.23846216000004,287.6808753569999,322,314,17470,564,604,420,762,344.0,762,344
dd_w030,mcp4-n090-r14-01,118.45797472578857,3413.0001,3413.0001,0.0,2.878961855,115.57901287078857,114.32955952199995,113.96564186900001,216,211,1138,576,607,432,673,246.0,673,246
dd_w030,mcp4-n090-r14-02,145.8759243947489,3182.000149999998,3182.000149999998,0.0,3.423277424,142.4526469707489,141.870597649,141.42268491099992,237,230,396,569,599,425,685,265.0,685,265
dd_w030,mcp4-n090-r14-03,178.32801306893603,3149.0002000000004,3149.0002000000004,0.0,3.811357147,174.51665592193604,173.91538029699998,173.31759700099997,271,263,387,565,595,421,712,293.0,712,293
dd_w030,mcp4-n090-r14-04,134.84352840229994,3646.0000999999993,3646.0000999999993,0.0,3.068983448,131.77454495429993,129.52489888699998,128.93936262899993,271,262,1568,554,585,410,701,294.0,701,294
dd_w030,mcp4-n090-r14-05,105.65838529638697,3044.0001000000007,3044.0001000000007,0.0,3.912430306,101.74595499038696,99.85948791400001,99.32100700399995,228,220,1025,589,619,445,693,250.0,693,250
dd_w030,mcp4-n090-r14-06,114.3383885627356,3399.333466666665,3399.333466666665,0.0,3.639306665,110.6990818977356,110.016601993,109.64265053199998,180,174,676,569,599,425,627,204.0,627,204
dd_w030,mcp4-n090-r14-07,147.5922607955608,2659.6668333333323,2659.6668333333323,0.0,3.408908802,144.1833519935608,142.19007704999999,141.59949832899994,271,264,1151,574,604,430,722,294.0,722,294
dd_w030,mcp4-n090-r14-08,83.91601522238464,2623.5001333333325,2623.5001333333325,0.0,4.447165325,79.46884989738464,79.04281298999997,78.771083282,140,134,320,579,609,435,597,164.0,597,164
dd_w030,mcp4-n090-r14-09,88.07298879047828,2984.0002000000004,2984.0002000000004,0.0,4.013649744,84.05933904647827,82.44342457400002,82.09178099000003,181,178,987,585,615,441,647,208.0,647,208
dd_w030,mcp4-n090-r14-10,97.649672324156,2664.0001,2664.0001,0.0,3.684331233,93.965341091156,92.88877197100001,92.479158009,226,221,966,547,577,403,652,251.0,652,251
dd_w030,mcp4-n090-r16-01,105.61864676194153,2082.3334666666683,2082.3334666666688,0.0,3.61376085,102.00488591194153,98.21764871000002,97.46584462699994,234,224,3488,583,605,439,692,256.0,692,256
dd_w030,mcp4-n090-r16-02,119.00343497577478,2594.0001500000017,2594.0001500000017,0.0,3.200552066,115.80288290977478,113.513749573,112.73239816799999,308,298,2087,568,591,424,751,330.0,751,330
dd_w030,mcp4-n090-r16-03,86.24337841985412,2573.333466666667,2573.333466666667,0.0,3.15260746,83.09077095985413,76.71044704399993,76.28967758299996,193,185,8357,576,598,432,646,217.0,646,217
dd_w030,mcp4-n090-r16-04,128.05512654325707,2174.0001400000037,2174.0001400000037,0.0,3.543853636,124.51127290725708,118.91972232000008,118.44817353099998,238,228,6836,570,592,426,682,258.0,682,258
dd_w030,mcp4-n090-r16-05,87.00475195501355,2710.0001499999994,2710.0001499999994,0.0,2.482091938,84.52266001701355,83.88283801100002,83.45686760500006,238,232,487,561,583,417,679,268.0,679,268
dd_w030,mcp4-n090-r16-06,47.075792161849,2677.0001000000016,2677.0001000000016,0.0,3.466093151,43.609699010849,43.35038513800001,43.15455039599998,117,110,97,578,600,434,572,140.0,572,140
dd_w030,mcp4-n090-r16-07,101.37232441043457,2343.00015,2343.00015,0.0,2.592308465,98.78001594543457,98.18638933999998,97.63116502000004,240,231,442,568,590,424,684,263.0,684,263
dd_w030,mcp4-n090-r16-08,86.22251171804565,2537.000100000002,2537.000100000002,0.0,2.208397815,84.01411390304565,83.592387469,83.07091527099999,225,219,151,583,605,439,687,251.0,686,249
dd_w030,mcp4-n090-r16-09,109.44481199255017,2431.0002000000004,2431.0002000000004,0.0,3.900683813,105.54412817955017,101.27586233599996,100.65843680400003,265,258,5526,562,584,418,705,290.0,705,290
dd_w030,mcp4-n090-r16-10,88.58465113369971,2754.0001,2754.0001,0.0,2.395651004,86.1890001296997,84.61617860499997,84.15979182999999,208,201,1270,584,607,440,671,235.0,671,235
dd_w030,mcp4-n100-r08-01,3682.8342002037652,5525.66683333332,14300.439660439564,1.5880025147685068,101.666863263,3581.1673369407654,3570.9131211729987,3565.9480016720017,262,258,568,661,744,501,787,288.0,787,288
dd_w030,mcp4-n100-r08-02,6197.857540356731,6323.437675000001,17688.705161082016,1.7973241882362687,86.074869382,6111.782670974731,6106.129636013999,6102.156337841001,246,239,365,647,730,487,754,269.0,754,269
dd_w030,mcp4-n100-r08-03,3773.328913748235,6124.666833333338,21281.099008782927,2.4746541465669782,94.093262732,3679.2356510162354,3673.7475207190005,3670.5050262100003,170,165,298,655,738,495,689,197.0,689,197
dd_w030,mcp4-n100-r08-04,3601.394393162067,6080.000199999999,12804.846946846848,1.1060602838215123,90.125269131,3511.269124031067,3487.9853836960006,3481.2825082990016,340,336,1940,664,747,504,868,366.0,868,366
dd_w030,mcp4-n100-r08-05,3635.649544583737,5435.428742857145,15307.59114955824,1.816261949836872,82.697875606,3552.9516689777374,3534.7562909199983,3529.028818898,338,334,903,642,725,482,844,364.0,844,364
dd_w030,mcp4-n100-r08-06,5296.462856145129,6002.000200000006,15191.706782622783,1.5311073436190104,113.527428241,5182.935427904129,5171.374987505001,5166.644476466003,248,244,637,661,744,501,773,274.0,773,274
dd_w030,mcp4-n100-r08-07,3625.383067325887,3975.8574000000017,22205.61867854607,4.585114465761791,118.128323273,3507.254744052887,3500.9388383439987,3496.5902381609994,257,251,393,652,735,492,772,283.0,772,283
dd_w030,mcp4-n100-r08-08,4635.5515518646625,4909.571585714289,22264.06569676073,3.5348286114299627,102.598094986,4532.953456878662,4527.492153091998,4523.467352016999,245,240,271,630,713,470,738,270.0,738,270
dd_w030,mcp4-n100-r08-09,1106.5911496497129,8006.000099999993,8006.000099999993,0.0,92.548538766,1014.0426108837128,1010.3080686320002,1009.4745802069998,50,48,192,650,733,490,566,78.0,566,78
dd_w030,mcp4-n100-r08-10,4356.757210591458,6287.000100000001,20232.20211882235,2.2181011288392294,89.632797578,4267.124413013458,4262.344185832999,4258.929975998,214,209,256,650,733,490,727,239.0,727,239
dd_w030,mcp4-n100-r10-01,1012.3394411260809,5748.0001,5748.000099999999,0.0,10.08759219,1002.2518489360809,998.1159481069996,996.9844096300002,416,408,3671,633,692,473,911,442.0,911,442
dd_w030,mcp4-n100-r10-02,946.762503471019,5565.500150000003,5565.564799512722,1.161611912262193e-5,9.454738464,937.307765007019,892.3346654679999,890.8168826,529,518,37938,660,718,500,1047,550.0,1047,550
dd_w030,mcp4-n100-r10-03,929.4945530420051,5742.000199999995,5742.000199999995,0.0,8.997856093,920.4966969490051,905.9081920560001,904.5026438569998,497,486,15895,645,703,485,1000,521.0,1000,521
dd_w030,mcp4-n100-r10-04,731.8232197387995,5337.000099999999,5337.000099999999,0.0,9.220653735,722.6025660037994,710.2717828940004,709.230870158,423,413,11209,656,715,496,938,445.0,938,445
dd_w030,mcp4-n100-r10-05,798.9508406705767,5641.600120000002,5641.958648753463,6.355089794303636e-5,8.764598567,790.1862421035767,750.5677073909998,749.0365841789999,564,555,32716,645,703,485,1069,587.0,1069,587
dd_w030,mcp4-n100-r10-06,271.03608554393287,4740.285857142859,4740.285857142859,0.0,9.511804519,261.52428102493286,260.57810885799984,260.1963542870001,181,177,617,648,706,488,694,209.0,694,209
dd_w030,mcp4-n100-r10-07,739.4560059640843,4962.000099999999,4962.000199999996,2.015316294820164e-8,9.756922159,729.6990838050842,717.5663993949998,716.1884193979996,518,509,9343,657,715,497,1034,539.0,1034,539
dd_w030,mcp4-n100-r10-08,943.6264247098022,5207.200240000009,5207.200240000009,0.0,10.771063725,932.8553609848022,929.119948382,928.0923756729999,406,393,1256,655,713,495,916,423.0,916,423
dd_w030,mcp4-n100-r10-09,768.2127935102512,5493.000200000001,5493.000200000001,0.0,9.540658634,758.6721348762512,750.5149944089999,749.4036103919997,402,394,7529,649,707,489,911,424.0,911,424
dd_w030,mcp4-n100-r10-10,527.5547995315135,5179.000100000005,5179.000100000005,0.0,7.995788549,519.5590109825134,518.212612033,517.380144435,381,372,701,638,696,478,879,404.0,879,404
dd_w030,mcp4-n100-r12-01,385.703679656365,4715.000100000001,4715.000100000001,0.0,6.223144626,379.480535030365,377.98893002000005,377.1618917279998,324,318,993,631,674,471,818,350.0,818,350
dd_w030,mcp4-n100-r12-02,659.6926403836061,4416.750149999996,4416.750149999996,0.0,8.312879403,651.3797609806061,647.2703914949999,646.2333530760003,433,418,3088,654,696,494,941,450.0,941,450
dd_w030,mcp4-n100-r12-03,250.69165082982823,4371.000100000001,4371.000100000001,0.0,6.687443934,244.00420689582825,241.72993626200005,241.05702774599993,290,286,1514,641,683,481,795,316.0,795,316
dd_w030,mcp4-n100-r12-04,721.0156634775612,4026.0001000000016,4026.0001000000016,0.0,8.620293471,712.3953700065613,700.2457845010001,698.8815000620002,570,560,10740,645,687,485,1074,593.0,1074,593
dd_w030,mcp4-n100-r12-05,334.07695767744053,4321.000100000001,4321.000100000001,0.0,7.237318729,326.83963894844055,324.78408261699985,323.9474017010002,374,367,1670,637,680,477,873,399.0,873,399
dd_w030,mcp4-n100-r12-06,313.93553789959617,4808.0001,4808.0001,0.0,7.217794026,306.7177438735962,302.622422433,301.80868441,331,325,3190,640,683,480,834,357.0,834,357
dd_w030,mcp4-n100-r12-07,340.4412581094055,4274.000200000002,4274.000200000002,0.0,6.787056125,333.6542019844055,321.2424082529999,320.2314275190001,391,387,13892,655,697,495,910,417.0,910,417
dd_w030,mcp4-n100-r12-08,370.3626064680277,4097.00013333333,4097.00013333333,0.0,6.914080324,363.4485261440277,362.1750282800001,361.31521558699995,314,302,661,633,675,473,803,332.0,803,332
dd_w030,mcp4-n100-r12-09,188.8174098751964,4716.000099999999,4716.000099999999,0.0,8.728964927,180.0884449481964,179.64344798599998,179.32786782199997,144,140,161,650,693,490,659,172.0,659,172
dd_w030,mcp4-n100-r12-10,331.65424003096007,3990.0001,3990.0000999999997,0.0,6.975482125,324.6787579059601,323.85382860199985,322.96286009700003,361,353,449,647,689,487,868,383.0,868,383
dd_w030,mcp4-n100-r14-01,234.82596516612463,3127.0000999999997,3127.0000999999997,0.0,7.638543129,227.18742203712463,224.05871761100002,223.167246968,345,336,2577,644,674,484,848,366.0,848,366
dd_w030,mcp4-n100-r14-02,292.73231338811036,3279.0001,3279.0002000000027,3.04971026002739e-8,6.28499245,286.44732093811035,279.46556082899997,278.49827056199985,399,390,6227,639,670,479,898,422.0,898,422
dd_w030,mcp4-n100-r14-03,216.4718371337611,3916.000100000001,3916.000100000001,0.0,5.751942963,210.7198941707611,208.78375377600008,208.12579381900005,259,252,2062,633,663,473,753,282.0,753,282
dd_w030,mcp4-n100-r14-04,214.39965147728125,3715.0000999999997,3715.0000999999997,0.0,4.001885364,210.39776611328125,209.9891039989999,209.44714311599998,204,196,187,638,668,478,702,226.0,702,226
dd_w030,mcp4-n100-r14-05,156.22338601339513,3551.0000999999975,3551.0000999999975,0.0,4.331891024,151.89149498939514,151.17004403099995,150.455069055,266,262,474,641,671,481,771,292.0,771,292
dd_w030,mcp4-n100-r14-06,359.8722052697705,3210.0001500000026,3210.0001500000026,0.0,7.78239013,352.0898151397705,345.85063249199993,344.8828664380002,398,391,5149,638,668,478,897,421.0,897,421
dd_w030,mcp4-n100-r14-07,245.01575148563538,3198.0002,3198.0002,0.0,5.79967535,239.21607613563538,238.370119945,237.4199702120001,360,354,406,653,683,493,875,384.0,875,384
dd_w030,mcp4-n100-r14-08,88.50167943048913,3560.0000999999975,3560.0000999999975,0.0,4.780115376,83.72156405448914,83.41213339200004,83.230382383,89,85,40,659,689,499,612,115.0,612,115
dd_w030,mcp4-n100-r14-09,252.54696837700172,3627.7501624999995,3627.8192977423573,1.9057332853965033e-5,4.829319394,247.7176489830017,238.8523664440001,238.05739774699984,336,328,10945,644,674,484,840,358.0,840,358
dd_w030,mcp4-n100-r14-10,161.85547325776417,3540.6001399999986,3540.6001399999986,0.0,6.225017287,155.63045597076416,155.017068739,154.489881653,212,206,367,642,673,482,717,238.0,717,238
dd_w030,mcp4-n100-r16-01,138.80278306585913,3241.0001000000016,3241.0001000000016,0.0,3.590097004,135.21268606185913,134.49341496900004,133.82188788399998,253,248,573,643,664,483,759,278.0,759,278
dd_w030,mcp4-n100-r16-02,162.5549739695835,2910.000150000001,2910.0001500000017,0.0,4.183682809,158.3712911605835,157.31266669300007,156.521520382,259,254,674,632,653,472,754,284.0,754,284
dd_w030,mcp4-n100-r16-03,170.3701746713313,3159.0001,3159.0001,0.0,3.348960663,167.0212140083313,166.44336860399994,165.850013452,259,252,330,634,655,474,754,282.0,754,282
dd_w030,mcp4-n100-r16-04,75.75145434747216,3067.0001,3067.0001,0.0,4.907770151,70.84368419647217,70.55336978400001,70.318876239,88,85,102,633,654,473,586,115.0,586,115
dd_w030,mcp4-n100-r16-05,156.5746848332472,2811.0001000000047,2811.0001000000047,0.0,5.239100908,151.3355839252472,149.92108574899993,149.1194450559999,306,299,1029,614,635,454,781,329.0,781,329
dd_w030,mcp4-n100-r16-06,172.79967172242786,2984.0001000000016,2984.0001000000016,0.0,4.482266737,168.31740498542786,167.72445234000006,167.031891469,275,266,280,630,651,470,764,296.0,764,296
dd_w030,mcp4-n100-r16-07,181.5831149131986,2678.0001,2678.0001,0.0,5.594299844,175.9888150691986,174.73002020500005,174.01078423499996,304,296,951,625,646,465,790,328.0,790,328
dd_w030,mcp4-n100-r16-08,221.42562465953822,3016.000199999998,3016.0001999999986,0.0,4.410898736,217.0147259235382,210.29005478499988,209.496205217,381,374,8138,620,642,460,866,417.0,866,417
dd_w030,mcp4-n100-r16-09,124.55359698551526,2889.0001599999996,2889.0001599999996,0.0,4.993952048,119.55964493751526,118.86587013399995,118.21751834599995,264,258,482,640,661,480,767,290.0,767,290
dd_w030,mcp4-n100-r16-10,125.23801218515455,2992.000100000003,2992.000100000003,0.0,3.518100133,121.71991205215454,121.19622972900001,120.62196112899997,220,214,194,648,669,488,731,246.0,731,246
dd_w030,mcp4-n110-r08-01,5216.821523785435,6857.000100000001,23333.616026823143,2.4028898478247274,179.247458577,5037.574065208435,5033.869715265001,5032.221224015002,128,126,162,640,728,466,620,156.0,620,156
dd_w030,mcp4-n110-r08-02,4920.889255824082,5434.000171428562,22026.982548026015,3.0535483719418566,193.674962821,4727.214293003082,4721.662949085,4718.899457978,165,157,355,643,731,469,654,187.0,654,187
dd_w030,mcp4-n110-r08-03,5218.3439458505545,7829.500149999997,24620.484586483206,2.144579362002211,177.194171776,5041.149774074554,5036.003163569001,5033.690642636001,160,157,322,647,735,473,658,187.0,658,187
dd_w030,mcp4-n110-r08-04,4283.309313571858,5181.00018333333,27755.869540858595,4.357241567013638,174.749615467,4108.559698104858,4103.012512595,4100.6809268279985,196,193,332,645,733,471,692,223.0,692,223
dd_w030,mcp4-n110-r08-05,6106.517488799582,6468.500150000005,17489.605867554,1.703811619692702,193.232332788,5913.285156011581,5909.597781424997,5907.816436672999,121,115,108,639,727,465,608,145.0,608,145
dd_w030,mcp4-n110-r08-06,5731.203135665609,7343.000155000012,24847.144205539887,2.383786419862856,204.631344732,5526.571790933609,5522.888243204001,5521.144169462,142,137,190,644,732,470,635,167.0,635,167
dd_w030,mcp4-n110-r08-07,3814.098454127985,4815.000199999999,15730.420326065094,2.2669615104201033,238.276263128,3575.8221909999847,3572.1848586939996,3571.128084513001,89,85,206,654,742,480,593,115.0,593,115
dd_w030,mcp4-n110-r08-08,4177.426471685794,5845.428771428572,17271.29609121362,1.9546671025456128,198.752679562,3978.6737921237946,3974.067059648,3971.278212314,199,192,236,634,722,460,680,222.0,680,222
dd_w030,mcp4-n110-r08-09,6079.722053330012,6764.000200000006,25836.958370467095,2.819774927042,206.071775477,5873.650277853012,5869.025537366,5866.488832240996,178,173,208,647,735,473,674,203.0,674,203
dd_w030,mcp4-n110-r08-10,4813.552296971277,4773.750250000003,25306.719943964872,4.3012241149324595,196.060313796,4617.491983175278,4612.00646147,4610.087700958999,137,134,302,642,730,468,630,164.0,630,164
dd_w030,mcp4-n110-r10-01,2675.9720204269524,5975.0000999999975,5975.0000999999975,0.0,16.631081382,2659.3409390449524,2655.5353954159996,2654.0772359999983,589,576,1772,645,705,471,1076,608.0,1076,608
dd_w030,mcp4-n110-r10-02,1038.5212386337662,5588.000100000001,5588.241059736518,4.3120925591383365e-5,16.572225639,1021.9490129947662,994.7222875639994,993.9990706410003,343,336,30819,633,694,459,824,368.0,824,368
dd_w030,mcp4-n110-r10-03,2088.202714902622,6293.200140000001,6293.604971447906,6.432839237575133e-5,16.130610687,2072.072104215622,1953.382324660002,1951.990835706999,641,634,101342,631,691,457,1119,664.0,1119,664
dd_w030,mcp4-n110-r10-04,1742.9817278186179,5736.000099999999,5736.000099999999,0.0,15.066268901,1727.9154589176178,1719.6164639120013,1718.6125264489988,533,526,5755,645,705,471,1026,558.0,1026,558
dd_w030,mcp4-n110-r10-05,1297.3906437743613,6081.6668,6081.6668,0.0,15.553954779,1281.8366889953613,1276.8508908770004,1276.034844532,395,389,1563,642,702,468,886,421.0,886,421
dd_w030,mcp4-n110-r10-06,1207.2098130695917,6171.000099999999,6171.000099999999,0.0,12.066246938,1195.1435661315918,1190.3992443490008,1189.5281064739997,430,420,3655,637,697,463,911,450.0,911,450
dd_w030,mcp4-n110-r10-07,1194.4565535007825,6631.0001,6631.0001,0.0,14.700835508,1179.7557179927826,1176.857913996,1176.1609170240004,387,383,2792,623,683,449,860,413.0,860,413
dd_w030,mcp4-n110-r10-08,1224.5980122799212,6140.00015,6140.00015,0.0,17.566460442,1207.0315518379211,1189.6483381820003,1188.4482762460004,592,587,17316,645,705,471,1087,619.0,1087,619
dd_w030,mcp4-n110-r10-09,1869.643241863513,6376.000149999994,6376.000149999994,0.0,16.294295769,1853.348946094513,1847.9399874810008,1846.9636846799997,537,527,3735,651,711,477,1032,557.0,1032,557
dd_w030,mcp4-n110-r10-10,2670.064896254258,6065.000140000003,6065.072416951209,1.19170568074912e-5,17.112227349,2652.952668905258,2547.058229995,2545.755213979002,703,695,131407,643,703,469,1192,725.0,1192,725
dd_w030,mcp4-n110-r12-01,426.4331989450279,5279.500149999996,5279.500149999996,0.0,8.557374732,417.87582421302795,407.15745020399993,406.588016217,291,284,13245,635,677,461,774,316.0,774,316
dd_w030,mcp4-n110-r12-02,795.7180500273993,4376.000099999999,4376.000099999999,0.0,12.34569099,783.3723590373993,781.9312902499995,780.8122225450003,451,442,990,639,681,465,935,472.0,935,472
dd_w030,mcp4-n110-r12-03,866.4872700187719,5184.000099999999,5184.000099999999,0.0,12.14030709,854.346962928772,852.1492839499999,851.1912784939998,429,421,902,645,687,471,921,454.0,921,454
dd_w030,mcp4-n110-r12-04,191.24829470756373,4269.000100000001,4269.000100000001,0.0,11.951037761,179.29725694656372,178.77942452499997,178.58093516999992,122,115,396,628,671,454,598,147.0,598,147
dd_w030,mcp4-n110-r12-05,1029.2951662802936,4786.5001499999935,4786.937571270279,9.138645285221314e-5,13.695042398,1015.6001238822937,1003.6031772379995,1002.5523066660006,532,518,10057,644,686,470,1016,548.0,1016,548
dd_w030,mcp4-n110-r12-06,390.3449383504518,4867.6668,4867.6668,0.0,12.525369478,377.8195688724518,376.95777375399985,376.3497860939999,249,244,601,639,681,465,737,274.0,737,274
dd_w030,mcp4-n110-r12-07,808.5071451637739,5195.500150000002,5195.500150000002,0.0,11.983985183,796.5231599807739,784.9233473129995,783.8039447579997,531,522,11205,637,679,463,1013,552.0,1013,552
dd_w030,mcp4-n110-r12-08,1258.2658066480722,4649.555700000005,4649.555700000005,0.0,13.652547571,1244.6132590770721,1241.1729925149994,1240.0393231410003,490,477,2139,628,670,454,959,507.0,959,507
dd_w030,mcp4-n110-r12-09,901.4525392212821,4766.0001666666685,4766.000166666669,0.0,12.136378304,889.3161609172821,885.731285047001,884.7095513369998,420,412,2289,647,689,473,913,442.0,913,442
dd_w030,mcp4-n110-r12-10,600.4142476128097,4922.000100000004,4922.000100000004,0.0,12.580006461,587.8342411518097,586.6959004729997,586.0417982640001,351,344,735,639,681,465,837,374.0,837,374
dd_w030,mcp4-n110-r14-01,374.38134060945754,4101.800180000001,4101.800180000001,0.0,6.941165553,367.4401750564575,365.83704926699994,364.9331896590001,318,311,705,631,660,457,796,341.0,796,341
dd_w030,mcp4-n110-r14-02,735.7198033960392,4067.0001333333344,4067.0001333333344,0.0,9.957799259,725.7620041370392,720.0515518620005,718.7611153549994,594,586,4828,632,661,458,1073,619.0,1073,619
dd_w030,mcp4-n110-r14-03,419.4430262376511,4554.000099999999,4554.000099999999,0.0,8.135951214,411.3070750236511,409.4010724379999,408.51198011800045,414,404,869,627,657,453,887,439.0,887,439
dd_w030,mcp4-n110-r14-04,321.8951663238398,4383.0001,4383.0001,0.0,7.323793338,314.57137298583984,314.04699973299995,313.43432242500006,280,269,240,634,664,460,758,301.0,758,301
dd_w030,mcp4-n110-r14-05,1133.8688138827254,3578.000100000001,3578.000100000001,0.0,9.663344036,1124.2054698467255,1112.8135738929996,1111.1768441329998,741,725,7615,634,663,460,1214,757.0,1214,757
dd_w030,mcp4-n110-r14-06,554.3137010269184,3597.0002000000068,3597.0002000000068,0.0,11.142366045,543.1713349819183,534.771951041,534.0076748999998,345,340,7695,637,666,463,831,370.0,831,370
dd_w030,mcp4-n110-r14-07,1092.9615695992723,4315.166799999999,4315.166799999999,0.0,9.002956442,1083.9586131572723,1069.3315536200002,1068.1448365240012,597,582,12295,638,667,464,1075,614.0,1075,614
dd_w030,mcp4-n110-r14-08,733.5828906307655,4166.6668,4166.906038930314,5.7417341438019225e-5,8.472412468,725.1104781627655,707.9202651770001,706.6496809989995,574,563,15049,627,656,453,1045,595.0,1045,595
dd_w030,mcp4-n110-r14-09,335.6686208602213,4067.0001999999995,4067.0001999999995,0.0,8.042647874,327.6259729862213,326.79223442600033,326.1275255070001,334,326,551,629,659,455,811,360.0,811,360
dd_w030,mcp4-n110-r14-10,556.7932742750335,3643.000199999995,3643.333433333336,9.147222482749625e-5,11.522970072,545.2703042030334,522.3829468280002,521.6169935980001,368,358,30754,633,663,459,846,390.0,846,390
dd_w030,mcp4-n110-r16-01,236.07403237261522,3365.0001,3365.0001,0.0,5.530945367,230.54308700561523,228.72338874900004,228.10254786800013,272,263,1843,632,651,458,749,293.0,749,293
dd_w030,mcp4-n110-r16-02,403.1003046374811,3295.0000999999984,3295.0000999999984,0.0,6.17879561,396.9215090274811,395.40426213900014,394.3443831439999,498,490,722,634,653,460,978,520.0,978,520
dd_w030,mcp4-n110-r16-03,142.28162413155846,3681.0002000000004,3681.0002,0.0,6.560924106,135.72070002555847,135.04917881599997,134.64021488100002,189,181,554,647,666,473,682,211.0,682,211
dd_w030,mcp4-n110-r16-04,309.8111810809452,3299.3335000000015,3299.3335000000015,0.0,7.633152259,302.1780288219452,301.0930208349996,300.50988822499994,253,246,656,643,662,469,744,278.0,744,278
dd_w030,mcp4-n110-r16-05,274.35734635740175,3513.0000999999984,3513.0000999999984,0.0,5.27060038,269.08674597740173,268.53637708300005,268.0560158289998,249,241,362,624,643,450,719,271.0,719,271
dd_w030,mcp4-n110-r16-06,428.3894286354093,3310.5001500000017,3310.5001500000017,0.0,5.917770644,422.4716579914093,393.7190485229996,392.6411319570001,568,561,24549,622,641,448,1041,599.0,1041,599
dd_w030,mcp4-n110-r16-07,374.44842750451687,3346.000100000001,3346.0001000000016,0.0,6.049821681,368.39860582351685,367.720182697,367.13664198200007,283,274,385,646,665,472,775,307.0,775,307
dd_w030,mcp4-n110-r16-08,342.7758033348794,3322.00015,3322.319311082692,9.607497540060687e-5,5.796596296,336.9792070388794,317.73974659099974,317.10745831699984,338,332,25317,628,648,454,815,364.0,815,364
dd_w030,mcp4-n110-r16-09,155.07052954007898,3576.000100000002,3576.000100000002,0.0,6.869877656,148.20065188407898,147.57879449300003,147.18017916099998,192,186,388,638,657,464,678,216.0,678,216
dd_w030,mcp4-n110-r16-10,538.5387274943013,3257.0000999999997,3257.0001,0.0,8.116191598,530.4225358963013,527.1424716219998,525.9788228929997,516,502,2950,627,646,453,984,537.0,984,537
dd_w030,mcp4-n120-r08-01,6031.875031981211,6095.857300000007,30783.57994860943,4.049918072821257,310.913237128,5720.96179485321,5717.242118746001,5715.155838346001,93,89,108,691,784,501,618,119.0,618,119
dd_w030,mcp4-n120-r08-02,15326.440760433665,8684.000150000007,26009.949190979503,1.9951576165022846,320.017275393,15006.423485040665,15000.842035614001,14998.836846387998,120,116,151,689,782,499,643,146.0,643,146
dd_w030,mcp4-n120-r08-03,3666.382693206903,6439.000175000001,24695.362248522524,2.8352790149633007,294.970544016,3371.4121491909027,3367.619467068,3365.794516919,98,95,102,700,793,510,633,125.0,633,125
dd_w030,mcp4-n120-r08-04,7029.655439061677,5215.000200000004,21097.627858723445,3.045566068956896,328.213834209,6701.441604852676,6696.207801922998,6693.232546887997,161,158,202,699,793,509,696,190.0,696,190
dd_w030,mcp4-n120-r08-05,5933.6565948025,8173.500199999999,17070.06643978987,1.0884646751204425,296.33530574,5637.3212890625,5632.707756870999,5630.126235135001,155,150,163,686,779,496,674,180.0,674,180
dd_w030,mcp4-n120-r08-06,3985.4953515367292,7423.000200000004,24143.44058788615,2.25251784149031,345.421862586,3640.0734889507294,3636.485157487,3635.1959820239995,71,69,82,680,773,490,587,99.0,587,99
dd_w030,mcp4-n120-r08-07,6386.292514155175,5857.066873333339,24412.483697473202,3.1680390928471196,387.556299279,5998.736214876175,5995.025610962997,5992.597566311001,117,114,141,690,783,500,642,144.0,642,144
dd_w030,mcp4-n120-r08-08,5216.871495495662,5517.000200000004,27453.52556906024,3.9761690364013793,376.162615548,4840.708879947662,4836.336208985001,4834.525729981002,116,114,133,686,780,496,639,146.0,639,146
dd_w030,mcp4-n120-r08-09,3752.166921967703,2155.0004000000013,26754.2556543522,11.414965516643145,441.517015094,3310.649906873703,3303.8955398710013,3302.017174004,112,109,410,710,803,520,657,139.0,657,139
dd_w030,mcp4-n120-r08-10,9113.595028713728,9149.000100000005,10688.871086077701,0.16831030377600448,250.013706759,8863.581321954727,8860.940240512002,8858.912532207,105,103,89,701,794,511,642,133.0,642,133
dd_w030,mcp4-n120-r10-01,2961.4902406762158,6709.500150000002,6710.005980903785,7.539025150526823e-5,22.760482652,2938.7297580242157,2753.2485335559995,2751.1574180630023,629,625,192530,687,750,497,1150,655.0,1150,655
dd_w030,mcp4-n120-r10-02,3942.48836039672,6155.66681666667,12138.273818979747,0.9718860978821943,23.751807443,3918.73655295372,3907.34933245,3905.9931892050035,595,588,7956,685,748,495,1111,618.0,1111,618
dd_w030,mcp4-n120-r10-03,4054.125007917311,6548.714414285712,7643.196431390939,0.1671292940668883,25.198439886,4028.926568031311,4023.8973368120005,4021.8369602830003,815,804,1800,697,760,507,1340,840.0,1340,840
dd_w030,mcp4-n120-r10-04,3475.305344059809,7145.333466666665,7145.746252634683,5.7770007508138694e-5,21.652089074,3453.6532549858093,3425.811922531001,3424.0625812560006,759,747,22313,683,747,493,1269,779.0,1269,779
dd_w030,mcp4-n120-r10-05,2640.98653598694,6967.000100000005,6967.000100000005,0.0,23.865750989,2617.12078499794,2611.887912394999,2610.397404141002,573,565,4289,703,766,513,1106,595.0,1106,595
dd_w030,mcp4-n120-r10-06,2671.489249195093,7058.000100000001,7058.000100000001,0.0,24.216683115,2647.2725660800934,2641.0207345830013,2639.7695131500013,571,562,3455,678,741,488,1078,592.0,1078,592
dd_w030,mcp4-n120-r10-07,1558.0417063990744,7019.000100000001,7019.000100000001,0.0,26.295873479,1531.7458329200745,1525.0765729360007,1524.0911611660008,413,409,4236,678,741,488,927,443.0,927,443
dd_w030,mcp4-n120-r10-08,1876.8265345782531,7300.000100000003,7300.000100000003,0.0,22.491874525,1854.3346600532532,1830.1906664849998,1829.024731554999,419,415,27552,693,756,503,946,445.0,946,445
dd_w030,mcp4-n120-r10-09,2829.9840950152184,6495.000100000001,6495.000100000001,0.0,24.286480107,2805.6976149082184,2801.7120908760003,2800.394071357999,571,565,1915,690,753,500,1093,595.0,1093,595
dd_w030,mcp4-n120-r10-10,4118.493306765261,5825.666800000003,11471.083597779978,0.9690593354532347,24.070609698,4094.4226970672607,4070.3501748550025,4068.624912851,737,730,19118,686,749,496,1254,760.0,1254,760
dd_w030,mcp4-n120-r12-01,1044.950798465233,5697.000099999999,5697.000099999999,0.0,15.429752542,1029.521045923233,1027.271730178999,1026.2782323680005,399,391,742,689,732,499,918,421.0,918,421
dd_w030,mcp4-n120-r12-02,1669.5102412907281,5520.000199999999,5520.000199999999,0.0,17.39160206,1652.1186392307281,1631.475299966,1630.0043429910013,631,624,19273,685,728,495,1149,659.0,1149,659
dd_w030,mcp4-n120-r12-03,1272.8787601857232,5226.000149999996,5226.000149999996,0.0,17.55412921,1255.3246309757233,1253.6417149349995,1252.674691242999,398,390,773,680,723,490,909,422.0,909,422
dd_w030,mcp4-n120-r12-04,1410.6594808808043,5197.000149999998,5197.000149999998,0.0,18.047844719,1392.6116361618042,1390.4757804130004,1389.4171236049997,450,441,1449,689,732,499,968,471.0,968,471
dd_w030,mcp4-n120-r12-05,1790.8925016719534,5477.0001,5477.0001,0.0,18.629479726,1772.2630219459534,1770.2315952109998,1768.788318476,593,582,958,673,716,483,1093,612.0,1093,612
dd_w030,mcp4-n120-r12-06,937.7356988153346,5150.300150000002,5150.300150000002,0.0,18.232093688,919.5036051273346,917.5044488980004,916.6655241950006,353,347,1744,689,732,499,876,381.0,876,381
dd_w030,mcp4-n120-r12-07,3228.2783176126595,5552.000100000001,5552.242219154034,4.36093569293127e-5,18.994107646,3209.2842099666595,3162.8958482389967,3160.123596413999,1029,1016,33959,672,715,482,1526,1046.0,1526,1046
dd_w030,mcp4-n120-r12-08,2507.331435904332,5772.666799999999,5773.215481442434,9.504817469021889e-5,18.582797036,2488.748638868332,2316.011246027999,2314.2313368940004,665,658,191679,684,727,494,1181,690.0,1181,690
dd_w030,mcp4-n120-r12-09,1001.7142695689133,5736.000100000012,5736.000100000012,0.0,18.631646564,983.0826230049133,982.0028175269997,981.3432579589997,329,320,690,686,730,496,845,352.0,845,352
dd_w030,mcp4-n120-r12-10,2543.5129025719025,5593.000100000002,5593.301199266252,5.3835018928441593e-5,18.289988353,2525.2229142189026,2486.7815836350014,2484.8788839159993,753,741,32284,683,726,493,1262,771.0,1262,771
dd_w030,mcp4-n120-r14-01,115.14744395930273,4963.000100000002,4963.000100000002,0.0,14.836900899,100.31054306030273,99.93345194,99.75172117699998,56,54,88,668,697,478,560,84.0,560,84
dd_w030,mcp4-n120-r14-02,1037.6044311135597,4841.00015,4841.245151169925,5.060961832954343e-5,11.987475118,1025.6169559955597,1010.6990180449998,1009.0108513729997,776,768,12828,678,707,488,1284,798.0,1284,798
dd_w030,mcp4-n120-r14-03,911.2116211958554,4269.333466666669,4269.643886451325,7.270919151189408e-5,15.285141141,895.9264800548553,831.6368058409997,830.4804241749994,485,479,76224,677,706,487,994,509.0,994,509
dd_w030,mcp4-n120-r14-04,1420.9159249137851,4003.000150000007,4003.1478462196833,3.689638124948935e-5,18.490741856,1402.425183057785,1383.4053982849998,1382.1572837780002,502,491,19362,683,712,493,1014,526.0,1014,524
dd_w030,mcp4-n120-r14-05,857.5088549847433,4559.0000999999975,4559.0000999999975,0.0,13.501251101,844.0076038837433,842.0573502420004,840.9416932019997,455,444,987,672,702,482,956,478.0,956,478
dd_w030,mcp4-n120-r14-06,1373.2456147369194,4695.000120000007,4695.393982383421,8.388974938168074e-5,14.447118729,1358.7984960079193,1236.7204487109987,1234.9790777390003,662,655,100425,689,718,499,1183,687.0,1183,687
dd_w030,mcp4-n120-r14-07,1536.0043221040494,4324.333466666664,4324.624856556846,6.738376964396678e-5,14.436205916,1521.5681161880493,1444.3854751719991,1442.4567414349985,767,757,69074,678,707,488,1273,787.0,1273,787
dd_w030,mcp4-n120-r14-08,369.9163009488152,4333.000200000001,4333.0002,0.0,12.752032932,357.1642680168152,356.4599644289999,356.01988017600013,175,169,477,677,707,487,685,201.0,685,201
dd_w030,mcp4-n120-r14-09,920.1031830624801,4077.0000999999997,4077.0000999999997,0.0,14.136960061,905.9662230014801,902.8559054079994,901.8723595299997,449,443,1812,692,721,502,974,475.0,974,475
dd_w030,mcp4-n120-r14-10,527.5579899195302,4344.000100000001,4344.000100000001,0.0,12.278865898,515.2791240215302,513.1042788950004,512.1701937619998,362,357,908,684,713,494,880,389.0,880,389
dd_w030,mcp4-n120-r16-01,681.2695044110386,3533.000100000002,3533.000100000002,0.0,10.256409509,671.0130949020386,669.2130071070001,667.9910508759992,494,482,673,686,705,496,1008,517.0,1008,517
dd_w030,mcp4-n120-r16-02,769.2612709497109,4065.00015,4065.00015,0.0,9.547419021,759.7138519287109,757.9626613849995,756.5602000109991,548,536,1297,684,702,494,1058,566.0,1058,566
dd_w030,mcp4-n120-r16-03,790.3807076261473,4025.4001400000016,4025.666799999994,6.624434608195205e-5,7.478002672,782.9027049541473,767.8895989710007,766.219638509001,694,685,11684,670,688,480,1194,717.0,1194,717
dd_w030,mcp4-n120-r16-04,573.6626471634179,3979.0000999999993,3979.0625349635816,1.5691118877401124e-5,11.817588007,561.8450591564178,547.700987042,546.4815024030001,490,485,14828,669,687,479,994,519.0,994,519
dd_w030,mcp4-n120-r16-05,329.31836669065444,3748.0001,3748.000100000001,0.0,9.439056798,319.8793098926544,319.41571874299996,318.8620700589999,200,194,178,682,700,492,715,226.0,715,226
dd_w030,mcp4-n120-r16-06,742.1081032363163,3716.0001500000017,3716.0001500000017,0.0,12.837400159,729.2707030773163,725.998111894,724.8972375850002,449,439,1890,676,694,486,953,469.0,953,469
dd_w030,mcp4-n120-r16-07,469.6797577549364,3743.500199999999,3743.5001999999986,0.0,10.189146917,459.4906108379364,458.6712406450001,457.9708487449999,289,280,522,685,703,495,803,310.0,803,310
dd_w030,mcp4-n120-r16-08,762.6150151212656,3480.3334666666647,3480.3334666666647,0.0,13.216669174,749.3983459472656,747.1063968289993,745.977202860001,453,444,1810,676,694,486,959,479.0,959,479
dd_w030,mcp4-n120-r16-09,463.8165946493547,3623.0001000000057,3623.0001000000057,0.0,9.409531642,454.40706300735474,453.01318685,452.16085956100005,349,344,863,666,684,476,848,374.0,848,374
dd_w030,mcp4-n120-r16-10,617.124129080806,3788.000133333333,3788.1501306634887,3.959802663039062e-5,12.263812089,604.860316991806,598.1959742940002,597.1329642,472,467,6301,664,682,474,970,499.0,970,499
dd_w050,mcp4-n070-r08-01,67.13413270347851,4283.000133333335,4283.000133333335,0.0,3.336948713,63.797183990478516,62.95830918000002,62.25498446300002,167,157,560,818,906,706,912,209.0,912,209
dd_w050,mcp4-n070-r08-02,79.25225664468017,4517.500149999998,4517.500149999998,0.0,3.192414535,76.05984210968018,74.758331392,74.02461031700003,170,163,717,789,880,677,892,227.0,892,227
dd_w050,mcp4-n070-r08-03,108.95544466718994,3691.0002000000004,3691.0002000000004,0.0,3.263640735,105.69180393218994,82.88511494299999,82.023025947,267,260,21370,800,887,688,996,310.0,996,310
dd_w050,mcp4-n070-r08-04,64.23773586192432,4690.000100000001,4690.000100000001,0.0,2.413027877,61.824707984924316,61.34405920200002,60.92352164799998,122,118,217,788,875,676,842,168.0,842,168
dd_w050,mcp4-n070-r08-05,83.32020951959802,3845.000100000001,3845.000100000001,0.0,3.564722316,79.75548720359802,76.75961994299998,75.97393582699999,192,186,3008,835,923,723,958,238.0,958,238
dd_w050,mcp4-n070-r08-06,87.38753554184875,4825.00015,4825.00015,0.0,3.187556475,84.19997906684875,81.891552645,81.25562169599998,167,160,1693,815,902,703,911,210.0,911,210
dd_w050,mcp4-n070-r08-07,83.09145507366601,3732.0001,3732.0001,0.0,3.785604091,79.30585098266602,77.65597451000002,76.86257857100001,201,190,1105,814,901,702,940,240.0,940,240
dd_w050,mcp4-n070-r08-08,108.29619955773168,4167.000100000006,4167.000100000006,0.0,3.601855514,104.69434404373169,102.17109236400003,101.53746457300002,188,178,1836,803,891,691,919,232.0,918,230
dd_w050,mcp4-n070-r08-09,169.389341427208,4190.0000999999975,4190.0000999999975,0.0,3.204433514,166.184907913208,164.47987546599992,163.50911789099996,279,267,1034,831,918,719,1034,317.0,1034,317
dd_w050,mcp4-n070-r08-10,25.056378224525634,4291.000100000005,4291.000100000005,0.0,2.937151292,22.119226932525635,21.759154877000004,21.490082889,72,68,112,800,887,688,804,118.0,804,118
dd_w050,mcp4-n070-r10-01,65.91986659778173,3716.000200000003,3716.000200000003,0.0,1.801293409,64.11857318878174,55.61791420000006,54.654277659,234,225,6697,790,860,678,954,286.0,954,286
dd_w050,mcp4-n070-r10-02,49.720534594154785,3023.0001500000017,3023.0001500000017,0.0,2.483480723,47.237053871154785,44.573186723999996,44.08312861200001,132,126,2242,796,865,684,859,178.0,859,178
dd_w050,mcp4-n070-r10-03,20.139785021526244,3403.0001000000007,3403.0001000000007,0.0,2.617351979,17.522433042526245,17.159149184999997,16.944559712,62,59,119,800,870,688,797,113.0,797,113
dd_w050,mcp4-n070-r10-04,59.870310061911255,3412.2501500000003,3412.2501500000003,0.0,1.666790956,58.203519105911255,54.260781120999994,53.53708978400001,208,202,3441,771,841,659,910,254.0,910,254
dd_w050,mcp4-n070-r10-05,40.32362231936646,3104.000100000001,3104.000100000001,0.0,1.78515825,38.538464069366455,37.460372817000014,36.970085073,150,140,613,780,850,668,858,194.0,858,194
dd_w050,mcp4-n070-r10-06,47.002059520810306,3933.0002000000004,3933.0002000000004,0.0,0.485315384,46.5167441368103,42.73124776299997,42.07801054899999,164,155,4423,795,864,683,886,205.0,886,205
dd_w050,mcp4-n070-r10-07,60.359306047233034,3412.0000999999997,3412.0000999999997,0.0,1.291385124,59.06792092323303,58.257106707000005,57.601622196,199,184,709,780,850,668,901,238.0,901,238
dd_w050,mcp4-n070-r10-08,21.66458549957886,3314.000150000002,3314.000150000002,0.0,1.488129525,20.176455974578857,19.006202745,18.765927677000004,75,73,707,785,855,673,795,125.0,795,125
dd_w050,mcp4-n070-r10-09,44.22719129675366,3319.6668000000027,3319.6668000000027,0.0,2.816255418,41.41093587875366,38.521672603999995,38.113212827000005,113,107,3207,786,857,674,832,163.0,832,163
dd_w050,mcp4-n070-r10-10,38.53234418254748,4003.5001499999994,4003.50015,0.0,1.120135387,37.412208795547485,36.802421022000004,36.358793195000004,120,116,461,811,880,699,864,170.0,864,170
dd_w050,mcp4-n070-r12-01,34.867904310374264,2717.000180000002,2717.000180000002,0.0,1.550433283,33.31747102737427,32.605686674000005,32.128534929,142,136,545,779,838,667,853,190.0,853,190
dd_w050,mcp4-n070-r12-02,26.880071891179565,2701.333466666667,2701.333466666667,0.0,1.417771829,25.462300062179565,24.520341416,24.10714147,118,111,562,813,872,701,862,166.0,862,166
dd_w050,mcp4-n070-r12-03,21.23794603943799,2729.0000999999993,2729.0000999999993,0.0,1.145679003,20.09226703643799,19.665418844,19.39064948,91,86,111,760,820,648,785,142.0,785,142
dd_w050,mcp4-n070-r12-04,41.66362557119592,2555.000100000002,2555.000100000002,0.0,2.023526761,39.64009881019592,39.077721279,38.551060274000015,169,160,302,794,852,682,890,210.0,890,210
dd_w050,mcp4-n070-r12-05,49.15743698110193,2196.0001399999974,2196.0001399999974,0.0,2.575922861,46.58151412010193,46.12618538899998,45.59013359499999,175,166,258,788,847,676,892,220.0,892,220
dd_w050,mcp4-n070-r12-06,41.34942974032019,2249.000100000001,2249.000100000001,0.0,1.513441934,39.83598780632019,39.21171470599998,38.640178422999995,145,138,413,784,843,672,861,196.0,861,196
dd_w050,mcp4-n070-r12-07,34.907111115559935,2338.5002000000018,2338.500200000002,0.0,2.067935176,32.83917593955994,31.30938280599998,30.842988828999978,134,128,1544,778,837,666,844,183.0,844,183
dd_w050,mcp4-n070-r12-08,32.251982858729,2860.333466666666,2860.333466666666,0.0,1.496198824,30.755784034729004,30.012683907,29.603693714000002,127,121,542,775,835,663,834,175.0,834,175
dd_w050,mcp4-n070-r12-09,39.1059853894884,2674.000100000001,2674.000100000001,0.0,1.367487417,37.7384979724884,37.05499296199999,36.62450260799998,138,132,601,782,840,670,851,184.0,851,184
dd_w050,mcp4-n070-r12-10,29.16579785372363,2880.0002000000004,2880.0002000000004,0.0,1.240258837,27.925539016723633,23.902834368999994,23.566567833,105,102,4810,763,824,651,804,159.0,804,159
dd_w050,mcp4-n070-r14-01,31.902326412668458,2391.666800000003,2391.666800000003,0.0,1.42505724,30.477269172668457,27.04547580200001,26.468560293,165,158,3720,791,840,679,886,210.0,886,210
dd_w050,mcp4-n070-r14-02,18.504186006175292,1915.500150000001,1915.5001500000008,0.0,1.227609964,17.276576042175293,16.854067123,16.540541715,102,98,278,778,830,666,815,155.0,815,155
dd_w050,mcp4-n070-r14-03,20.77443966329016,2035.5715714285718,2035.5715714285718,0.0,0.828145594,19.94629406929016,19.593660204999995,19.310519328,99,94,260,727,778,615,759,150.0,759,150
dd_w050,mcp4-n070-r14-04,15.185213125248657,2220.0001500000017,2220.0001500000017,0.0,0.508497036,14.676716089248657,14.239779179000001,13.958674991,84,78,336,794,843,682,810,134.0,810,134
dd_w050,mcp4-n070-r14-05,28.517517052739137,1797.5001500000003,1797.5001500000003,0.0,1.662652217,26.854864835739136,26.078174851000018,25.61976123099999,145,135,742,771,821,659,844,193.0,844,193
dd_w050,mcp4-n070-r14-06,34.10327715601929,2060.0001999999986,2060.0001999999986,0.0,1.80571408,32.29756307601929,30.442829032999995,29.906585659000015,165,155,1565,745,795,633,840,213.0,840,213
dd_w050,mcp4-n070-r14-07,22.043506485340455,2126.0001,2126.0001,0.0,0.952716452,21.090790033340454,20.675373615999998,20.274002838,123,116,220,782,831,670,834,166.0,834,166
dd_w050,mcp4-n070-r14-08,38.258308528855714,1959.0001,1959.0001,0.0,1.234826683,37.02348184585571,36.128231288,35.53400641399999,179,171,667,772,823,660,882,231.0,882,231
dd_w050,mcp4-n070-r14-09,25.24346059046387,1995.0001000000002,1995.0001000000002,0.0,1.09978574,24.143674850463867,23.54500597,23.212620896000004,120,113,461,758,809,646,809,171.0,809,171
dd_w050,mcp4-n070-r14-10,20.68908143157178,2080.0001,2080.0001,0.0,1.558566333,19.130515098571777,18.736556630000003,18.429681254000002,100,94,292,766,815,654,796,144.0,796,144
dd_w050,mcp4-n070-r16-01,25.29190990578479,2000.0001000000009,2000.0001000000009,0.0,0.604571792,24.68733811378479,24.318589361,23.740991275999992,159,149,145,783,827,671,872,211.0,872,211
dd_w050,mcp4-n070-r16-02,21.75094350813965,1713.0001000000018,1713.0001000000018,0.0,0.43801054,21.31293296813965,20.26464249700001,19.752827967000005,145,136,1259,770,814,658,843,188.0,843,188
dd_w050,mcp4-n070-r16-03,30.113123120560058,1780.0001333333348,1780.0001333333348,0.0,0.990962209,29.12216091156006,28.187614516,27.684830509000005,157,151,710,763,808,651,853,208.0,853,208
dd_w050,mcp4-n070-r16-04,11.521995713265014,2174.000149999999,2174.195662759931,8.993226607282957e-5,0.757324626,10.764671087265015,9.626272397000005,9.418841175000003,75,71,1552,740,784,628,749,125.0,749,125
dd_w050,mcp4-n070-r16-05,26.39376925682959,1872.0001000000002,1872.0001000000002,0.0,0.845087044,25.54868221282959,24.293287015000008,23.822422474,147,139,868,762,806,650,839,194.0,839,194
dd_w050,mcp4-n070-r16-06,24.56319954391333,1821.2501249999978,1821.2501249999978,0.0,0.884873414,23.67832612991333,23.202998857,22.785565331999987,132,124,424,781,828,669,847,209.0,846,199
dd_w050,mcp4-n070-r16-07,27.613578258635254,1802.5001500000003,1802.5001500000003,0.0,1.54181522,26.071763038635254,24.503543698999998,24.062369043000004,150,140,1390,744,788,632,822,195.0,822,195
dd_w050,mcp4-n070-r16-08,7.177968431676147,1836.0001000000002,1836.0001000000002,0.0,0.941005398,6.2369630336761475,6.043572216,5.932457044000002,42,39,31,735,778,623,710,89.0,710,89
dd_w050,mcp4-n070-r16-09,13.206397321070801,1988.0001000000002,1988.0001000000002,0.0,1.055582311,12.1508150100708,11.901617795999993,11.712048035999999,78,73,58,770,815,658,784,133.0,784,133
dd_w050,mcp4-n070-r16-10,19.208457135599364,1810.0001666666676,1810.0001666666676,0.0,0.63701024,18.571446895599365,18.217505868999996,17.79363452,135,129,175,765,810,653,833,186.0,833,186
dd_w050,mcp4-n080-r08-01,259.41311220129444,4810.833483333332,4811.2501,8.659968550388642e-5,5.126797237,254.28631496429443,240.83871654000004,238.99237694699997,378,367,11827,939,1032,811,1231,430.0,1230,427
dd_w050,mcp4-n080-r08-02,240.3249364198772,5122.000300000001,5122.000300000001,0.0,4.714849502,235.6100869178772,234.31776752599998,232.72909191099995,308,299,538,946,1038,818,1165,349.0,1165,349
dd_w050,mcp4-n080-r08-03,335.224099727662,6000.0001,6000.110978961239,1.8479826565168816e-5,4.741127821,330.482971906662,305.47029535300004,303.83648852700003,310,302,20701,928,1020,800,1150,352.0,1150,352
dd_w050,mcp4-n080-r08-04,61.362750080474854,5927.111266666672,5927.111266666672,0.0,4.176209,57.18654108047485,56.789917181999996,56.562894148000005,57,54,86,946,1039,818,921,106.0,921,106
dd_w050,mcp4-n080-r08-05,282.7835506690543,5400.0001,5400.0001,0.0,5.595472504,277.1880781650543,273.8694244659998,272.32320080899996,335,325,1573,930,1022,802,1176,377.0,1176,377
dd_w050,mcp4-n080-r08-06,208.99008417947218,4848.000200000004,4848.000200000004,0.0,5.117103108,203.87298107147217,184.91587960899992,183.59492934099993,290,286,18182,919,1013,791,1128,342.0,1128,342
dd_w050,mcp4-n080-r08-07,132.0721003567987,4926.000150000002,4926.000150000002,0.0,4.843225435,127.2288749217987,126.00851627999997,125.05918900300001,175,166,613,937,1030,809,1024,218.0,1024,218
dd_w050,mcp4-n080-r08-08,225.2077902782157,5168.000100000004,5168.000100000004,0.0,5.306157254,219.9016330242157,216.82490444599998,215.586712849,257,245,1429,928,1021,800,1094,297.0,1094,297
dd_w050,mcp4-n080-r08-09,358.9786403301764,5038.500150000002,5038.500150000003,0.0,5.930590165,353.0480501651764,341.25864287299976,339.67990777899996,335,325,8049,931,1025,803,1180,385.0,1180,385
dd_w050,mcp4-n080-r08-10,219.38776283630835,4610.000100000006,4610.000100000006,0.0,6.116551689,213.27121114730835,211.26199281299995,210.24551845900012,210,202,1438,940,1032,812,1062,252.0,1062,252
dd_w050,mcp4-n080-r10-01,122.81728408683009,3691.00015,3691.00015,0.0,3.857365111,118.95991897583008,115.67512286599998,114.88503829200002,157,151,1314,931,1003,803,1002,201.0,1002,201
dd_w050,mcp4-n080-r10-02,217.64981514161792,3995.2501500000008,3995.2501500000008,0.0,3.949418127,213.70039701461792,210.86524071699986,209.15612060899988,332,321,2078,939,1012,811,1181,373.0,1181,373
dd_w050,mcp4-n080-r10-03,153.65056918765185,4124.000100000003,4124.000100000003,0.0,3.690506207,149.96006298065186,146.4455031430001,145.15656072999997,259,247,2790,932,1004,804,1099,297.0,1099,297
dd_w050,mcp4-n080-r10-04,145.37463053225537,4292.0001999999995,4292.0001999999995,0.0,2.657178483,142.71745204925537,139.20481962099998,138.00628688199998,235,226,2153,918,992,790,1067,285.0,1067,285
dd_w050,mcp4-n080-r10-05,172.51443335061342,3823.0002000000004,3823.0002000000004,0.0,3.91338655,168.6010468006134,166.14536811799996,164.65581171299993,309,301,1227,929,1002,801,1152,359.0,1152,359
dd_w050,mcp4-n080-r10-06,103.55973392039111,4038.000100000001,4038.000100000001,0.0,3.645414882,99.91431903839111,96.23039157299996,95.43818245900002,161,156,3160,903,976,775,980,208.0,980,208
dd_w050,mcp4-n080-r10-07,46.82039623180798,3943.000100000002,3943.000100000002,0.0,3.065132188,43.75526404380798,43.32654874199999,42.903926811,99,92,200,925,998,797,938,144.0,938,144
dd_w050,mcp4-n080-r10-08,194.05281748871607,4339.000100000003,4339.000100000003,0.0,3.309065486,190.74375200271606,185.73398976399994,184.23460173399985,335,324,4394,906,978,778,1151,377.0,1151,377
dd_w050,mcp4-n080-r10-09,92.46105633524597,3860.0001,3860.0001,0.0,4.25610338,88.20495295524597,87.12822786999996,86.22848689000001,177,170,713,923,996,795,1014,223.0,1014,223
dd_w050,mcp4-n080-r10-10,113.78900391323938,4385.500149999998,4385.500149999998,0.0,3.375005071,110.41399884223938,107.97514898899996,107.05863292,204,200,1216,929,1001,801,1049,250.0,1049,250
dd_w050,mcp4-n080-r12-01,17.5144876295968,3733.000100000002,3733.000100000002,0.0,1.407209521,16.1072781085968,15.833904572,15.635154457,39,35,37,928,987,800,883,85.0,883,85
dd_w050,mcp4-n080-r12-02,70.23943028919898,3525.50015,3525.50015,0.0,2.386035304,67.85339498519897,64.966541472,64.102216704,168,161,1217,906,966,778,990,222.0,990,222
dd_w050,mcp4-n080-r12-03,103.42720736048304,3056.0001,3056.0001,0.0,2.972079406,100.45512795448303,96.75354301100006,95.23364769499995,310,299,2266,924,985,796,1147,363.0,1147,363
dd_w050,mcp4-n080-r12-04,76.57775061443677,3247.0001999999995,3247.0001999999995,0.0,2.118067673,74.45968294143677,70.14165973899998,69.279594685,179,170,4698,920,980,792,1011,222.0,1011,222
dd_w050,mcp4-n080-r12-05,153.8773785971648,3280.0001000000007,3280.0001000000007,0.0,2.974619522,150.9027590751648,147.78394924100004,146.29833321500007,312,298,2112,907,967,779,1126,350.0,1126,350
dd_w050,mcp4-n080-r12-06,107.978108266125,3081.3334666666697,3081.600099999999,8.653180066809713e-5,2.349934438,105.628173828125,99.073293898,97.888758257,266,255,5666,938,999,810,1117,318.0,1117,318
dd_w050,mcp4-n080-r12-07,75.86530570951916,2996.0002000000004,2996.0002000000004,0.0,2.998188543,72.86711716651917,70.55429943200001,69.669049204,196,190,985,926,986,798,1037,243.0,1037,243
dd_w050,mcp4-n080-r12-08,66.59723622651929,2750.0000999999993,2750.0000999999993,0.0,3.855337213,62.74189901351929,61.67129723100002,60.904848396999974,167,161,627,943,1002,815,1026,215.0,1026,215
dd_w050,mcp4-n080-r12-09,41.799928704068115,3034.000100000001,3034.000100000001,0.0,2.132595578,39.667333126068115,39.22521713100001,38.68696214600001,129,125,57,899,959,771,946,180.0,946,180
dd_w050,mcp4-n080-r12-10,95.44744254773133,3249.0001,3249.0001,0.0,2.807131545,92.64031100273132,90.82302310499999,89.61832877699997,252,242,907,935,994,807,1098,294.0,1098,294
dd_w050,mcp4-n080-r14-01,74.24649848412415,2692.0001,2692.0001,0.0,1.960547585,72.28595089912415,71.598833538,70.71083959199997,202,196,405,905,955,777,1023,250.0,1023,250
dd_w050,mcp4-n080-r14-02,51.66213048567078,2471.0002000000004,2471.0002000000004,0.0,2.038615595,49.623514890670776,47.715381706,47.02808335100002,169,160,1184,902,953,774,983,212.0,983,212
dd_w050,mcp4-n080-r14-03,67.29108851787463,2417.5001499999958,2417.5001499999958,0.0,1.693998512,65.59709000587463,63.411302336999995,62.65214286900002,203,193,1953,896,948,768,1012,249.0,1012,249
dd_w050,mcp4-n080-r14-04,60.67257721630212,2289.0001,2289.0001,0.0,1.858990266,58.813586950302124,56.537855644999986,55.81748826300001,185,177,1735,879,930,751,977,229.0,977,229
dd_w050,mcp4-n080-r14-05,40.93941209330017,2817.0001000000007,2817.0001,0.0,1.438740945,39.50067114830017,39.01294587499998,38.38358802400002,146,140,145,897,948,769,961,201.0,961,201
dd_w050,mcp4-n080-r14-06,57.47841569024646,2750.500149999995,2750.500149999995,0.0,1.532147847,55.94626784324646,52.98835881200002,52.10384318000003,195,187,648,920,971,792,1031,246.0,1031,246
dd_w050,mcp4-n080-r14-07,55.095412457945926,2926.000100000002,2926.0001000000025,0.0,1.418692554,53.67671990394592,48.754762109000005,47.970861959000004,190,183,4126,896,948,768,1002,243.0,1002,243
dd_w050,mcp4-n080-r14-08,71.93885603398742,2455.5001500000026,2455.5001500000026,0.0,1.6605269,70.27832913398743,69.48131811800002,68.63981388599998,221,209,663,880,930,752,1010,261.0,1010,261
dd_w050,mcp4-n080-r14-09,48.77873651488745,2462.5001500000017,2462.5001500000017,0.0,2.017052574,46.76168394088745,44.88766333399999,44.090372622,199,193,984,896,947,768,1010,245.0,1010,245
dd_w050,mcp4-n080-r14-10,33.953782511937746,2858.000133333333,2858.000200000002,2.3326335240257382e-8,0.924555732,33.029226779937744,30.126124700999995,29.676449212000012,116,109,3230,881,932,753,913,166.0,912,164
dd_w050,mcp4-n080-r16-01,60.09188273105493,2328.0001000000007,2328.0001000000007,0.0,1.145129706,58.94675302505493,56.37852971800001,55.39994004900001,230,222,2332,875,918,747,1020,279.0,1020,279
dd_w050,mcp4-n080-r16-02,41.20315126512561,2142.500149999999,2142.500149999999,0.0,1.423724452,39.77942681312561,37.22150834600002,36.53617557199999,146,140,2964,905,947,777,966,194.0,966,194
dd_w050,mcp4-n080-r16-03,33.227040203288695,1936.5001499999985,1936.5001499999985,0.0,1.200003298,32.027036905288696,31.480617901000002,30.86054321900001,138,132,478,887,930,759,940,184.0,940,184
dd_w050,mcp4-n080-r16-04,42.810395087175415,2156.7501499999994,2156.7501499999994,0.0,0.750834073,42.059561014175415,40.409133079,39.443491994999995,192,184,1449,860,902,732,964,234.0,964,234
dd_w050,mcp4-n080-r16-05,26.677562681987794,2229.0001,2229.0001,0.0,1.753403632,24.924159049987793,24.56654319900001,24.158517093,96,89,114,891,938,763,906,160.0,905,157
dd_w050,mcp4-n080-r16-06,12.358979931680908,2299.0001,2299.0001,0.0,1.30435299,11.054626941680908,10.785728476000001,10.542136240999998,51,49,48,916,958,788,885,99.0,885,99
dd_w050,mcp4-n080-r16-07,69.80502563628357,2319.6668333333337,2319.6668333333337,0.0,1.553982555,68.25104308128357,64.30775507900003,63.23006555600001,244,234,3834,878,920,750,1032,284.0,1032,284
dd_w050,mcp4-n080-r16-08,25.22820396783618,1812.0001000000002,1812.0001000000002,0.0,1.488177017,23.74002695083618,23.40771141299999,22.970578215000007,110,105,58,879,922,751,907,162.0,907,162
dd_w050,mcp4-n080-r16-09,11.691309080940307,1992.0001000000002,1992.0001000000002,0.0,1.721351014,9.969958066940308,9.694732198,9.497706218000001,43,41,62,922,967,794,888,104.0,888,104
dd_w050,mcp4-n080-r16-10,26.946777878489012,1627.000100000003,1627.000100000003,0.0,1.543355046,25.403422832489014,24.727488014,24.25582576900001,121,114,582,900,943,772,936,168.0,936,168
dd_w050,mcp4-n090-r08-01,437.88485231875416,6051.333466666665,6051.333466666665,0.0,8.132992177,429.75186014175415,379.705259253,378.30071185800006,298,294,54070,870,968,726,1068,344.0,1068,344
dd_w050,mcp4-n090-r08-02,247.6907620549967,6350.000099999996,6350.000099999996,0.0,6.825496924,240.8652651309967,239.94470581300007,238.89951052399996,235,229,366,871,970,727,1005,281.0,1005,281
dd_w050,mcp4-n090-r08-03,546.5192607745374,6544.400120000002,6544.400120000002,0.0,7.706350933,538.8129098415375,522.6702405999999,520.8784893509999,399,393,15338,863,961,719,1161,445.0,1161,445
dd_w050,mcp4-n090-r08-04,618.5821132642835,5604.000199999997,5604.000199999997,0.0,8.674820183,609.9072930812836,603.3977069439999,601.929118258,329,320,2692,878,976,734,1102,370.0,1102,370
dd_w050,mcp4-n090-r08-05,514.9612410638639,5733.500149999997,5733.500149999997,0.0,8.944562969,506.0166780948639,500.5519341930002,499.04622649599975,329,322,2739,851,949,707,1078,375.0,1078,375
dd_w050,mcp4-n090-r08-06,828.3439155441134,6854.833483333334,6855.053885170214,3.2152763070920314e-5,8.779001556,819.5649139881134,815.1632274959999,813.1026879529999,513,497,2468,878,976,734,1279,547.0,1279,547
dd_w050,mcp4-n090-r08-07,599.8309657653905,6628.500150000013,6628.500150000013,0.0,7.458524712,592.3724410533905,591.157149782,589.8638245310001,326,318,702,837,935,693,1060,370.0,1060,370
dd_w050,mcp4-n090-r08-08,867.0267473396036,5870.000149999998,5870.000149999998,0.0,8.939498299,858.0872490406036,838.485582446,836.504102423,428,420,17932,867,965,723,1191,470.0,1191,470
dd_w050,mcp4-n090-r08-09,561.6600160768967,5690.500150000002,5690.500150000002,0.0,7.795771139,553.8642449378967,543.0995825929999,541.3642684090005,405,396,8860,877,975,733,1178,448.0,1178,448
dd_w050,mcp4-n090-r08-10,612.4118269121954,6615.0001,6615.428671428574,6.478781891074763e-5,8.700324837,603.7115020751953,602.6018107560003,601.2550121200001,304,296,546,868,966,724,1068,346.0,1068,346
dd_w050,mcp4-n090-r10-01,316.6881258395297,5127.500150000001,5127.500150000001,0.0,6.775316706,309.91280913352966,300.0595050879997,298.35874715399996,341,338,9232,860,935,716,1103,390.0,1103,390
dd_w050,mcp4-n090-r10-02,366.2293655828512,4945.000199999999,4945.000199999999,0.0,5.939999576,360.2893660068512,354.9074948299999,353.00798368599993,433,426,4525,849,926,705,1182,482.0,1182,482
dd_w050,mcp4-n090-r10-03,396.6299191544542,4279.000100000001,4279.000100000001,0.0,7.310807092,389.3191120624542,387.6254917819999,386.5603672920001,265,258,798,852,930,708,1018,323.0,1018,323
dd_w050,mcp4-n090-r10-04,210.969237325281,4416.000100000001,4416.000100000001,0.0,6.405019281,204.564218044281,203.6025331589999,202.43520459699994,247,241,613,867,942,723,1012,291.0,1012,291
dd_w050,mcp4-n090-r10-05,648.3722140813104,4297.000100000001,4297.411964705887,9.58493591577572e-5,7.425024035,640.9471900463104,611.0212878169995,608.9230367430006,473,458,31651,848,924,704,1211,510.0,1211,510
dd_w050,mcp4-n090-r10-06,578.1060499784463,4412.000199999999,4412.000199999999,0.0,6.821586096,571.2844638824463,563.3832591599997,561.5471580859997,441,430,7473,845,920,701,1180,482.0,1180,482
dd_w050,mcp4-n090-r10-07,332.37972699626073,4309.000100000004,4309.000100000004,0.0,6.039061179,326.34066581726074,315.4466263560001,313.97303668400036,384,374,4579,852,929,708,1133,430.0,1133,430
dd_w050,mcp4-n090-r10-08,256.799404992984,4828.000133333328,4828.000133333328,0.0,4.819655075,251.979749917984,242.33725099500012,241.031120922,312,303,10996,865,940,721,1072,353.0,1072,353
dd_w050,mcp4-n090-r10-09,209.247306844927,5061.000099999999,5061.000099999999,0.0,5.845366976,203.401939868927,201.5553198,200.49850173699988,238,234,787,863,938,719,1001,284.0,1001,284
dd_w050,mcp4-n090-r10-10,366.82894050877235,4562.400140000007,4562.400140000007,0.0,6.224819539,360.60412096977234,356.76671529400005,355.18309252399996,341,329,2235,883,958,739,1117,381.0,1117,381
dd_w050,mcp4-n090-r12-01,186.70872900665526,3706.400140000001,3706.400140000001,0.0,4.61024306,182.09848594665527,176.73516991199983,175.6136332239999,254,250,4151,859,919,715,1013,300.0,1013,300
dd_w050,mcp4-n090-r12-02,117.95452533466174,3871.0001499999967,3871.0001499999967,0.0,4.394945247,113.55958008766174,112.75491851399998,112.04080016800002,178,172,480,828,890,684,906,226.0,906,226
dd_w050,mcp4-n090-r12-03,262.4555817210054,3755.000100000001,3755.000100000001,0.0,5.078461703,257.37712001800537,256.4405519589999,255.05065557900008,373,361,440,831,892,687,1099,417.0,1099,417
dd_w050,mcp4-n090-r12-04,134.22506676898047,3608.00015,3608.00015,0.0,5.227271664,128.99779510498047,127.29170951200001,126.47563794099995,219,214,1008,853,913,709,972,266.0,972,266
dd_w050,mcp4-n090-r12-05,150.93025171631177,3550.000100000001,3550.000100000001,0.0,4.883898853,146.04635286331177,144.50756939399997,143.70555231300006,222,214,896,846,908,702,971,282.0,971,282
dd_w050,mcp4-n090-r12-06,203.76372656297522,3339.0001999999986,3339.0001999999986,0.0,4.860066504,198.90366005897522,197.301371001,195.99495618399993,333,325,773,857,918,713,1087,377.0,1087,377
dd_w050,mcp4-n090-r12-07,223.45790901372143,3782.5001500000003,3782.5001500000003,0.0,3.917115118,219.54079389572144,212.45451807099994,211.32032152100004,280,272,7150,861,922,717,1038,326.0,1038,326
dd_w050,mcp4-n090-r12-08,279.34682743475526,3672.000100000001,3672.000100000001,0.0,5.966071295,273.38075613975525,269.13952814999993,267.89089569299983,373,358,3276,856,916,712,1118,408.0,1118,408
dd_w050,mcp4-n090-r12-09,87.16661273734631,4184.000100000004,4184.000100000004,0.0,3.203481548,83.96313118934631,82.98719516799999,82.38265421900002,178,174,533,850,910,706,930,228.0,930,228
dd_w050,mcp4-n090-r12-10,153.28783525913073,3350.333466666668,3350.333466666668,0.0,5.087883372,148.19995188713074,140.98316512999997,140.05280731099998,259,254,5738,822,882,678,982,309.0,982,309
dd_w050,mcp4-n090-r14-01,133.86949935178407,3413.000100000002,3413.000100000002,0.0,2.88397732,130.98552203178406,129.852824693,128.86259544199999,263,250,600,837,888,693,995,310.0,995,310
dd_w050,mcp4-n090-r14-02,129.27370453895264,3182.000149999999,3182.000149999999,0.0,3.41367055,125.86003398895264,125.02235801499998,124.28947093200003,193,185,497,829,879,685,922,246.0,922,246
dd_w050,mcp4-n090-r14-03,123.97830059909033,3149.0002000000013,3149.0002000000013,0.0,3.950280694,120.02801990509033,119.42592814799995,118.64503087199996,201,194,299,831,881,687,929,244.0,929,244
dd_w050,mcp4-n090-r14-04,126.46325609983204,3646.0000999999993,3646.0000999999993,0.0,3.079093197,123.38416290283203,120.802367078,119.72301087200002,270,263,1592,817,868,673,987,320.0,987,320
dd_w050,mcp4-n090-r14-05,149.31780420014965,3044.0001,3044.0001,0.0,3.936822278,145.38098192214966,143.715652573,142.52258255899997,310,300,822,851,901,707,1057,355.0,1057,355
dd_w050,mcp4-n090-r14-06,126.62814681438745,3399.333466666664,3399.333466666664,0.0,3.560798811,123.06734800338745,110.46057474099995,109.60332214700001,207,202,12944,831,881,687,937,252.0,937,252
dd_w050,mcp4-n090-r14-07,102.47750237900671,2659.6668333333337,2659.6668333333337,0.0,3.294188294,99.18331408500671,97.94830423099997,97.11816388200002,210,200,822,847,897,703,951,250.0,951,250
dd_w050,mcp4-n090-r14-08,104.82381712761791,2623.5001333333284,2623.5001333333284,0.0,4.437873238,100.38594388961792,98.54161648200002,97.81063313999995,197,190,1041,842,892,698,940,250.0,940,250
dd_w050,mcp4-n090-r14-09,108.03319026108056,2984.000200000001,2984.0002000000004,0.0,4.050218116,103.98297214508057,100.16196279199997,99.23112218100005,232,229,2502,840,890,696,974,281.0,974,281
dd_w050,mcp4-n090-r14-10,136.29301042328478,2664.0001,2664.0001,0.0,3.706258247,132.5867521762848,130.458348191,129.46591657800002,266,258,1815,823,873,679,986,310.0,986,310
dd_w050,mcp4-n090-r16-01,120.59275889474084,2082.333466666667,2082.333466666667,0.0,3.281963826,117.31079506874084,105.49499317799999,103.65199235499998,337,327,8933,849,892,705,1085,388.0,1085,388
dd_w050,mcp4-n090-r16-02,99.87451555601722,2594.0001500000017,2594.0001500000017,0.0,2.977540754,96.89697480201721,94.61519330799997,93.26848547099998,299,289,1810,830,873,686,1024,341.0,1024,341
dd_w050,mcp4-n090-r16-03,54.47959811077136,2573.333466666667,2573.333466666667,0.0,2.875685042,51.60391306877136,51.22075168600001,50.73083672399996,127,123,149,841,885,697,870,179.0,870,179
dd_w050,mcp4-n090-r16-04,90.39765906398353,2174.000140000003,2174.000140000003,0.0,3.252974034,87.14468502998352,83.69354555000001,82.97451912499999,180,171,3401,836,878,692,913,225.0,913,225
dd_w050,mcp4-n090-r16-05,100.6588753139552,2710.0001499999994,2710.0001499999994,0.0,2.194047538,98.4648277759552,97.73847493200003,96.80328620700001,239,229,558,822,865,678,957,283.0,957,283
dd_w050,mcp4-n090-r16-06,18.505209613285523,2677.0001,2677.0001,0.0,3.15609448,15.349115133285522,15.031288083000003,14.868706215,42,40,65,831,873,687,775,90.0,775,90
dd_w050,mcp4-n090-r16-07,87.37522242293029,2343.0001500000008,2343.0001500000008,0.0,2.365891435,85.0093309879303,84.47864534799997,83.69785647200001,207,199,201,839,882,695,943,254.0,943,254
dd_w050,mcp4-n090-r16-08,37.46988419575647,2537.0001,2537.0001,0.0,2.009278336,35.46060585975647,35.06691231500001,34.56774408100001,131,129,82,851,893,707,884,179.0,884,179
dd_w050,mcp4-n090-r16-09,94.05597197701978,2431.0002000000004,2431.0002000000004,0.0,3.626469013,90.42950296401978,87.761318611,86.824502595,238,228,1828,841,884,697,974,281.0,974,281
dd_w050,mcp4-n090-r16-10,112.99610902105273,2754.0001000000057,2754.0001000000057,0.0,2.184101117,110.81200790405273,108.77249427800005,107.52097297299996,285,278,1416,842,887,698,1029,343.0,1029,343
dd_w050,mcp4-n100-r08-01,1146.0258267306422,6727.000200000002,6727.000200000002,0.0,12.095404663,1133.9304220676422,1126.8038403660003,1124.3953401259996,517,507,4255,977,1080,817,1373,559.0,1373,559
dd_w050,mcp4-n100-r08-02,909.2306070896366,7489.764852941175,7489.764852941175,0.0,10.354603109,898.8760039806366,891.6008226499996,889.6697505440001,393,383,4210,964,1068,804,1236,435.0,1236,435
dd_w050,mcp4-n100-r08-03,617.0823635205105,7652.50015,7652.500149999999,0.0,11.373585616,605.7087779045105,604.4417644350002,603.6036915019998,186,179,696,966,1069,806,1033,229.0,1033,229
dd_w050,mcp4-n100-r08-04,282.1451561501323,6973.666800000001,6973.666800000001,0.0,10.897259002,271.2478971481323,269.69833659400007,268.7441940999999,204,199,900,995,1098,835,1082,249.0,1082,249
dd_w050,mcp4-n100-r08-05,721.0546224161895,7837.000100000005,7837.000100000007,0.0,9.9148984,711.1397240161896,709.7007273660003,708.0932436210003,356,346,516,958,1061,798,1193,398.0,1193,398
dd_w050,mcp4-n100-r08-06,2217.9333275955455,6773.400139999998,6773.400139999998,0.0,13.662377755,2204.2709498405457,2181.4417958080003,2178.811120197001,455,446,20481,984,1087,824,1320,500.0,1320,500
dd_w050,mcp4-n100-r08-07,1810.7994136997256,7155.000150000002,7155.587359302327,8.206978197273566e-5,14.197677631,1796.6017360687256,1740.8460431700003,1737.980411568,611,604,41827,970,1073,810,1464,658.0,1464,658
dd_w050,mcp4-n100-r08-08,914.4464585218121,7455.000166666667,7455.000166666667,0.0,12.306033555,902.1404249668121,896.1333965270002,894.2545108360003,441,432,3315,938,1042,778,1261,489.0,1261,489
dd_w050,mcp4-n100-r08-09,161.4103721240542,8006.000100000001,8006.000100000001,0.0,11.118560181,150.2918119430542,149.714078111,149.489949679,49,47,155,963,1066,803,898,97.0,898,97
dd_w050,mcp4-n100-r08-10,1157.3630539083717,7545.000100000001,7545.000100000001,0.0,10.699422946,1146.6636309623718,1145.5463162819997,1143.9763668299995,342,331,470,963,1066,803,1182,381.0,1182,381
dd_w050,mcp4-n100-r10-01,893.604338600259,5748.000100000001,5748.549166751028,9.552309350632362e-5,9.272337391,884.332001209259,882.0748418570004,879.8768342210003,455,446,1125,934,1014,774,1272,506.0,1272,506
dd_w050,mcp4-n100-r10-02,456.68787603022935,5565.500150000001,5565.964001602506,8.3344100261178e-5,8.839973017,447.84790301322937,408.55943984299995,406.8045663879997,323,321,39835,958,1036,798,1168,373.0,1168,373
dd_w050,mcp4-n100-r10-03,1048.0207621008224,5742.000200000002,5742.30627550981,5.3304684630221645e-5,8.587896958,1039.4328651428223,992.5329337309992,990.0473029369999,491,482,44374,956,1034,796,1326,532.0,1326,532
dd_w050,mcp4-n100-r10-04,782.5118024575601,5337.0001,5337.0001,0.0,8.793938421,773.7178640365601,767.0315452209999,764.9770073310002,445,432,4108,966,1045,806,1287,485.0,1287,485
dd_w050,mcp4-n100-r10-05,596.0241904950833,5641.600120000003,5641.600120000003,0.0,8.462033341,587.5621571540833,582.643038591,580.471330503,455,450,2499,965,1044,805,1306,513.0,1306,513
dd_w050,mcp4-n100-r10-06,283.89377414791824,4740.285857142854,4740.285857142854,0.0,8.894096013,274.9996781349182,273.708342859,272.81089550400003,187,181,717,957,1035,797,1026,231.0,1026,231
dd_w050,mcp4-n100-r10-07,708.423060162046,4962.000099999999,4962.0001,0.0,9.118585093,699.304475069046,682.8930127040005,680.2035883820001,553,543,12145,959,1038,799,1394,605.0,1394,605
dd_w050,mcp4-n100-r10-08,232.68479239946143,5207.200239999998,5207.200239999998,0.0,10.349254489,222.33553791046143,221.5153690010001,220.92326095400006,128,126,352,965,1043,805,979,176.0,979,176
dd_w050,mcp4-n100-r10-09,764.7354304489199,5493.000199999997,5493.000199999997,0.0,9.627478331,755.1079521179199,741.2921457840001,739.1786420419998,438,432,12980,963,1041,803,1284,484.0,1284,484
dd_w050,mcp4-n100-r10-10,521.8120904443956,5179.000099999998,5179.0000999999975,0.0,8.034749317,513.7773411273956,512.4471373480001,510.9738707440004,350,339,709,961,1039,801,1189,391.0,1189,391
dd_w050,mcp4-n100-r12-01,114.2574737638418,4715.000099999998,4715.000099999998,0.0,6.199356851,108.0581169128418,107.588181847,106.95370901599998,133,130,103,937,1000,777,958,190.0,958,190
dd_w050,mcp4-n100-r12-02,304.6921995252024,4416.7501500000035,4416.7501500000035,0.0,8.169131574,296.5230679512024,285.80237254199994,284.17815561699985,310,308,9787,965,1028,805,1166,377.0,1166,377
dd_w050,mcp4-n100-r12-03,275.367235682552,4371.000099999999,4371.000099999999,0.0,6.449426673,268.917809009552,268.2166382679999,267.1719349869999,225,220,344,957,1019,797,1065,270.0,1065,270
dd_w050,mcp4-n100-r12-04,724.6424737586033,4026.0001000000007,4026.356032203385,8.840839407438843e-5,8.453007759,716.1894659996033,701.7115773290002,699.159459095,536,521,13137,957,1019,797,1367,574.0,1366,571
dd_w050,mcp4-n100-r12-05,208.42932606421044,4321.000099999999,4321.000099999999,0.0,7.076906211,201.35241985321045,198.77994450600005,197.6159527020001,290,285,1147,959,1023,799,1137,345.0,1137,345
dd_w050,mcp4-n100-r12-06,259.28596466310705,4808.000099999999,4808.000099999999,0.0,6.990956719,252.29500794410706,249.7821896960001,248.53445787299995,278,272,986,953,1017,793,1115,328.0,1115,328
dd_w050,mcp4-n100-r12-07,606.6142284511606,4274.000200000002,4274.000200000002,0.0,6.553443396,600.0607850551605,593.136581232,590.99144674,468,457,4508,955,1017,795,1300,507.0,1300,507
dd_w050,mcp4-n100-r12-08,397.8686616457588,4097.000133333342,4097.000133333342,0.0,6.535247568,391.3334140777588,389.507730358,388.0729863909998,301,290,820,938,1002,778,1119,346.0,1119,346
dd_w050,mcp4-n100-r12-09,498.9862933443505,4716.000100000001,4716.142957142857,3.0292014382267184e-5,8.530579357,490.45571398735046,478.262271799,476.6884445749999,373,367,11550,950,1013,790,1207,421.0,1207,421
dd_w050,mcp4-n100-r12-10,74.53302491944459,3990.000100000001,3990.000100000001,0.0,6.54042877,67.99259614944458,67.519810344,67.172430031,77,74,149,959,1021,799,921,124.0,921,124
dd_w050,mcp4-n100-r14-01,253.5181431436245,3127.0001000000057,3127.0001000000057,0.0,7.296323266,246.2218198776245,242.79613975199987,241.092442087,342,329,2937,946,996,786,1163,379.0,1163,379
dd_w050,mcp4-n100-r14-02,158.7348493015896,3279.0001,3279.0001,0.0,6.306106416,152.4287428855896,151.12292053499988,150.20214399799988,212,204,883,937,988,777,1030,257.0,1030,257
dd_w050,mcp4-n100-r14-03,123.19402767705834,3916.000100000001,3916.000100000001,0.0,5.548304811,117.64572286605835,117.04100934000002,116.11590475099999,188,182,338,940,990,780,1010,232.0,1010,232
dd_w050,mcp4-n100-r14-04,95.53523147895056,3715.0001,3715.0001,0.0,3.884379514,91.65085196495056,91.188053603,90.644257099,128,123,231,951,1001,791,962,173.0,962,173
dd_w050,mcp4-n100-r14-05,202.54354811718935,3551.0001,3551.0001,0.0,4.15924717,198.38430094718933,196.35834272999995,194.77728544900006,300,295,613,956,1006,796,1139,345.0,1139,345
dd_w050,mcp4-n100-r14-06,371.71780517348094,3210.00015,3210.1274078636484,3.964419243050121e-5,7.440609243,364.27719593048096,356.4060405359997,354.271535065,518,508,4948,930,980,770,1327,560.0,1327,560
dd_w050,mcp4-n100-r14-07,118.96938371700146,3198.0002,3198.0002,0.0,5.583329678,113.38605403900146,112.78975312,112.05799007,157,151,243,962,1013,802,1003,205.0,1003,205
dd_w050,mcp4-n100-r14-08,260.41978753032936,3560.0001000000016,3560.0001000000016,0.0,4.496645574,255.92314195632935,252.72989701700007,251.31522554800011,334,325,1814,957,1007,797,1171,377.0,1171,377
dd_w050,mcp4-n100-r14-09,129.8277922674613,3627.750162500001,3627.750162500001,0.0,4.697114329,125.1306779384613,124.21370246699998,123.392831778,207,199,532,931,981,771,1018,249.0,1018,249
dd_w050,mcp4-n100-r14-10,178.78607806725145,3540.600140000003,3540.600140000003,0.0,5.952270122,172.83380794525146,167.45029856099995,166.301915962,252,247,4938,942,994,782,1082,310.0,1082,310
dd_w050,mcp4-n100-r16-01,166.96901315853626,3241.000100000001,3241.000100000001,0.0,3.472281162,163.49673199653625,159.81169049100006,158.4924983380001,291,282,2567,960,1001,800,1131,334.0,1131,334
dd_w050,mcp4-n100-r16-02,117.59450265266565,2910.000150000004,2910.000150000004,0.0,4.075106586,113.51939606666565,112.85600981199998,111.93539357799999,204,195,347,924,967,764,1009,249.0,1009,249
dd_w050,mcp4-n100-r16-03,45.33200648532446,3159.0001,3159.0001,0.0,3.243888409,42.08811807632446,41.80099389299998,41.48923793,71,68,90,934,975,774,890,118.0,890,118
dd_w050,mcp4-n100-r16-04,134.64778872347082,3067.0000999999993,3067.0000999999993,0.0,4.784126719,129.86366200447083,129.24263028399997,128.40871944400007,168,163,332,919,960,759,970,213.0,970,213
dd_w050,mcp4-n100-r16-05,69.55913818270935,2811.0000999999997,2811.0000999999997,0.0,5.108075265,64.45106291770935,63.95223083000001,63.348802956999975,132,128,244,903,944,743,920,180.0,920,180
dd_w050,mcp4-n100-r16-06,142.81990030794873,2984.000100000001,2984.000100000001,0.0,4.310307298,138.50959300994873,137.422689576,136.1601428570001,261,253,654,918,960,758,1064,320.0,1064,320
dd_w050,mcp4-n100-r16-07,123.72920970085961,2678.0001000000057,2678.0001000000057,0.0,5.337708751,118.39150094985962,117.59949722800005,116.603463828,221,216,406,933,976,773,1041,281.0,1041,281
dd_w050,mcp4-n100-r16-08,215.40399449342516,3016.0001999999995,3016.0001999999995,0.0,4.460696392,210.94329810142517,202.6152514150001,201.15667707399993,358,350,8783,911,953,751,1153,412.0,1153,412
dd_w050,mcp4-n100-r16-09,139.43694214932435,2889.0001600000032,2889.0001600000032,0.0,4.916965295,134.51997685432434,133.73892850399997,132.67824103199993,247,240,407,927,968,767,1056,292.0,1056,292
dd_w050,mcp4-n100-r16-10,189.48212279950488,2992.000100000002,2992.000100000002,0.0,3.558231732,185.92389106750488,182.962098207,181.35353467099992,355,349,2082,943,984,783,1187,417.0,1186,412
dd_w050,mcp4-n110-r08-01,3927.664949752941,7035.579084210519,14756.957155214726,1.0974758408064493,21.305893757,3906.359055995941,3896.3747766919964,3893.3630836010007,663,658,5266,938,1046,764,1470,708.0,1470,708
dd_w050,mcp4-n110-r08-02,3614.1162410282113,6686.500150000002,14066.590923529402,1.1037299944619605,23.183535149,3590.9327058792114,3550.298276038,3547.4657559109996,558,552,28213,931,1039,757,1357,602.0,1357,602
dd_w050,mcp4-n110-r08-03,1923.660575297207,8261.000149999996,8261.000149999996,0.0,21.146015313,1902.5145599842072,1831.7422869739994,1829.2568295710007,545,542,55288,931,1039,757,1347,592.0,1347,592
dd_w050,mcp4-n110-r08-04,3384.1933941236066,8120.0001,8120.0001,0.0,20.789333283,3363.4040608406067,3351.3047726629998,3348.8159425530002,661,651,6241,922,1030,748,1447,701.0,1447,701
dd_w050,mcp4-n110-r08-05,3151.9652079174048,7733.333499999992,7733.884494978304,7.124934910833754e-5,23.24524389,3128.719964027405,3109.3884821500005,3107.313945144003,510,501,13285,920,1028,746,1296,553.0,1296,553
dd_w050,mcp4-n110-r08-06,3631.4874349101924,8346.666799999995,8847.1961127402,0.0599675684598077,24.605117844,3606.8823170661926,3603.0674970170007,3601.7157964879993,358,346,1883,930,1039,756,1151,398.0,1151,398
dd_w050,mcp4-n110-r08-07,2496.8300805316835,7014.900119999997,7015.261938880281,5.1578621804350474e-5,28.786330484,2468.0437500476837,2433.3992209719995,2432.3101706900015,286,283,18367,944,1052,770,1102,335.0,1102,335
dd_w050,mcp4-n110-r08-08,3443.129396402987,8720.3335,8720.3335,0.0,23.891210282,3419.238186120987,3416.2014437569987,3414.4295658099986,503,492,1362,910,1018,736,1277,544.0,1277,544
dd_w050,mcp4-n110-r08-09,3497.149246441407,8865.833466666661,8866.386513636357,6.237958019112135e-5,24.940585362,3472.2086610794067,3362.221736042999,3360.483421488998,434,425,103583,932,1041,758,1232,477.0,1232,477
dd_w050,mcp4-n110-r08-10,3672.6106434227877,7896.000200000003,11185.608375923473,0.4166170330040606,23.500806606,3649.1098368167877,3383.6238917899977,3381.592247375002,475,465,109301,920,1028,746,1259,515.0,1259,515
dd_w050,mcp4-n110-r10-01,1333.54875639552,5975.000100000006,5975.000100000006,0.0,15.214634453,1318.3341219425201,1315.3982937660005,1313.3766842729995,431,425,1210,929,1009,755,1229,477.0,1229,477
dd_w050,mcp4-n110-r10-02,1685.4167325778155,5588.000100000001,5588.000100000001,0.0,15.66718152,1669.7495510578156,1660.627783923,1658.102390705,546,534,5677,916,998,742,1326,588.0,1326,588
dd_w050,mcp4-n110-r10-03,1552.2452332807134,6293.20014,6293.20014,0.0,15.236698134,1537.0085351467133,1515.9829504980003,1513.5950727439986,552,542,16312,912,992,738,1328,592.0,1328,592
dd_w050,mcp4-n110-r10-04,2024.6074239848192,5736.000100000003,5736.361600811528,6.30231529327937e-5,14.682776892,2009.9246470928192,1916.858320201,1914.2513687800006,674,665,86292,931,1011,757,1470,715.0,1470,715
dd_w050,mcp4-n110-r10-05,1330.7258803824334,6081.6668,6081.6668,0.0,15.463214157,1315.2626662254333,1312.532984914999,1310.4719006579996,512,504,1000,923,1003,749,1303,558.0,1303,558
dd_w050,mcp4-n110-r10-06,579.7060959514389,6171.000100000002,6171.000100000003,0.0,12.023559111,567.6825368404388,565.520907688,564.4695622229999,254,248,736,915,995,741,1037,298.0,1037,298
dd_w050,mcp4-n110-r10-07,2207.72248312491,6631.000100000005,6631.000100000005,0.0,14.729891267,2192.99259185791,2183.0157689580005,2180.4351851250003,607,596,7319,901,981,727,1371,646.0,1371,646
dd_w050,mcp4-n110-r10-08,1357.9571204365436,6140.000150000002,6140.337996494163,5.502385763973759e-5,17.61019637,1340.3469240665436,1271.5106651979977,1268.994493437,592,588,73771,915,995,741,1379,642.0,1379,642
dd_w050,mcp4-n110-r10-09,1075.9299507212536,6376.000149999995,6376.000149999995,0.0,16.324678905,1059.6052718162537,1056.0618432600002,1054.8623083169998,287,279,1304,937,1017,763,1091,331.0,1091,331
dd_w050,mcp4-n110-r10-10,2380.671104784228,6065.000140000004,6065.381834222678,6.29339181967461e-5,17.030222769,2363.6408820152283,2191.518814288001,2189.014412668001,577,570,156403,923,1004,749,1368,622.0,1368,622
dd_w050,mcp4-n110-r12-01,568.4621772976352,5279.500149999998,5279.668805769286,3.1945404772515656e-5,8.361117384,560.1010599136353,504.3484947299999,503.1237448490004,345,340,61446,901,963,727,1117,394.0,1117,394
dd_w050,mcp4-n110-r12-02,717.3092615264247,4376.000100000001,4376.000100000001,0.0,12.140481438,705.1687800884247,703.6726459310003,701.840756419,423,414,633,918,981,744,1208,468.0,1208,468
dd_w050,mcp4-n110-r12-03,960.2334460557066,5184.000100000001,5184.429558606105,8.284309371524947e-5,11.750240022,948.4832060337067,943.930822659,942.1738920159994,433,425,2641,908,970,734,1207,475.0,1207,475
dd_w050,mcp4-n110-r12-04,400.8869002872068,4269.000099999999,4269.000099999999,0.0,11.377545219,389.5093550682068,388.5212450369999,387.4245392639998,265,255,461,893,956,719,1023,307.0,1023,307
dd_w050,mcp4-n110-r12-05,1103.2590539257499,4786.500150000003,4786.755094794206,5.326330015967215e-5,13.305980901,1089.9530730247498,1059.2110142160002,1057.1242893780004,524,510,28717,915,977,741,1302,568.0,1302,568
dd_w050,mcp4-n110-r12-06,997.0610188424606,4867.666800000001,4868.137054022945,9.660768542016331e-5,12.177078861,984.8839399814606,941.7780582390011,939.0711677280001,566,558,43274,914,976,740,1347,610.0,1347,610
dd_w050,mcp4-n110-r12-07,1016.7573538926488,5195.500149999999,5195.500149999999,0.0,11.475430837,1005.2819230556488,984.6234604550006,982.2702130940005,588,575,14999,913,975,739,1363,628.0,1363,628
dd_w050,mcp4-n110-r12-08,773.9054391750032,4649.555699999999,4649.555699999999,0.0,13.411111153,760.4943280220032,758.2337377990003,756.8675285429998,353,345,1333,905,967,731,1125,397.0,1125,397
dd_w050,mcp4-n110-r12-09,1079.019604594651,4766.000166666667,4766.000166666667,0.0,11.559967668,1067.459636926651,1063.4085668250004,1061.5929323350003,486,475,1876,918,980,744,1268,527.0,1268,527
dd_w050,mcp4-n110-r12-10,841.1547719642795,4922.000100000001,4922.172928140898,3.511339646190867e-5,12.400217931,828.7545540332794,816.1644488390001,814.3209162410006,482,475,11587,913,975,739,1263,527.0,1263,527
dd_w050,mcp4-n110-r14-01,480.66377098153123,4101.800179999998,4101.800179999998,0.0,6.570204087,474.09356689453125,466.7914627089998,465.26782473100013,346,339,6178,903,953,729,1117,391.0,1117,391
dd_w050,mcp4-n110-r14-02,439.8200693202864,4067.000133333334,4067.000640003839,1.2458089222112158e-7,9.267403133,430.5526661872864,392.365111818,391.1561175030002,294,290,35300,896,945,722,1060,340.0,1060,340
dd_w050,mcp4-n110-r14-03,448.9774278363496,4554.000100000001,4554.000100000001,0.0,7.770186778,441.2072410583496,437.8173430109999,436.13142816699974,441,434,1745,895,945,721,1206,491.0,1206,491
dd_w050,mcp4-n110-r14-04,181.3051848075537,4383.000100000001,4383.000100000001,0.0,6.85527369,174.4499111175537,173.36452529200002,172.58649508499994,206,202,535,884,934,710,963,260.0,963,260
dd_w050,mcp4-n110-r14-05,822.2066103995769,3578.0001000000007,3578.0001000000007,0.0,9.300101477,812.9065089225769,797.937480924999,794.5014682850008,800,788,8771,909,959,735,1574,848.0,1574,848
dd_w050,mcp4-n110-r14-06,606.3674966975601,3597.0002000000013,3597.0741910292213,2.057020436640413e-5,10.428929536,595.9385671615601,589.0220471,587.5352835829998,359,353,6755,916,965,742,1143,403.0,1143,403
dd_w050,mcp4-n110-r14-07,527.1949145779934,4315.166799999999,4315.166799999999,0.0,8.515165566,518.6797490119934,513.3545639800002,511.7757850490003,461,454,3815,911,961,737,1241,510.0,1241,510
dd_w050,mcp4-n110-r14-08,300.39395974258434,4166.6668,4166.6668,0.0,7.744898778,292.64906096458435,290.029760001,288.881017749,332,325,1612,901,950,727,1102,379.0,1102,379
dd_w050,mcp4-n110-r14-09,468.1240753187638,4067.0002,4067.0002,0.0,7.481246139,460.6428291797638,459.066115557,457.33264333700015,475,460,828,903,953,729,1238,513.0,1238,513
dd_w050,mcp4-n110-r14-10,552.9145237370138,3643.0001999999963,3643.2534382482254,6.951365202480132e-5,10.714565651,542.1999580860138,536.8488230460002,535.6115187419999,354,342,5412,915,965,741,1132,394.0,1132,394
dd_w050,mcp4-n110-r16-01,224.69500430416613,3365.000100000001,3365.000100000001,0.0,5.347379287,219.34762501716614,218.06535322800013,216.97771413299998,287,279,617,910,952,736,1069,342.0,1069,342
dd_w050,mcp4-n110-r16-02,307.42905955880093,3295.000100000001,3295.000100000001,0.0,6.020517641,301.4085419178009,299.4808764240001,298.2503495809999,342,335,1249,891,930,717,1100,385.0,1100,385
dd_w050,mcp4-n110-r16-03,317.54943833632666,3681.0001999999995,3681.0001999999995,0.0,6.391028264,311.15841007232666,309.2710231020001,308.0557151139999,329,321,1279,919,958,745,1115,373.0,1115,373
dd_w050,mcp4-n110-r16-04,269.9999934833328,3299.333499999999,3299.333499999999,0.0,7.358350436,262.64164304733276,261.7316117060001,260.849460038,215,210,493,918,957,744,1002,260.0,1002,260
dd_w050,mcp4-n110-r16-05,409.24764568095213,3513.0000999999984,3513.0000999999984,0.0,5.068379705,404.17926597595215,403.4629745019999,402.33893970699984,301,293,287,888,927,714,1055,343.0,1055,343
dd_w050,mcp4-n110-r16-06,568.8844658975224,3310.50015,3310.50015,0.0,5.667770112,563.2166957855225,515.2292355009998,513.1294250380005,619,609,39699,894,933,720,1379,663.0,1379,663
dd_w050,mcp4-n110-r16-07,606.7026040160548,3346.0001,3346.0001,0.0,5.708757838,600.9938461780548,596.7794809349995,594.9762812250001,467,454,3578,907,948,733,1237,512.0,1237,512
dd_w050,mcp4-n110-r16-08,201.13383248826648,3322.000150000002,3322.000150000002,0.0,5.438185487,195.69564700126648,189.656051689,188.6704934159999,255,250,5966,902,942,728,1027,302.0,1027,302
dd_w050,mcp4-n110-r16-09,261.74022977803236,3576.000100000002,3576.000100000002,0.0,6.522649698,255.21758008003235,252.51444121799994,251.27535555600016,322,315,1439,905,947,731,1097,372.0,1097,372
dd_w050,mcp4-n110-r16-10,244.0266874747228,3257.000100000001,3257.000100000001,0.0,7.552746387,236.47394108772278,235.75956144900002,234.74134980999995,239,232,353,887,926,713,993,282.0,993,282
dd_w050,mcp4-n120-r08-01,3607.2911481173264,7315.150190000006,17286.68092061068,1.3631341082021813,36.794629267,3570.4965188503265,3562.52572988,3559.112936288998,629,623,3104,1006,1119,816,1488,675.0,1488,675
dd_w050,mcp4-n120-r08-02,3628.0548682300564,8727.500150000009,17266.33477741936,0.9783826388612944,37.880482444,3590.1743857860565,3566.7240741309993,3563.3628517700013,618,615,14589,1018,1131,828,1492,667.0,1492,667
dd_w050,mcp4-n120-r08-03,3605.9439204646324,8080.000200000004,17696.08023937283,1.1901088863058222,35.048780532,3570.8951399326324,3554.8293065109992,3551.900758172001,579,576,7174,1023,1136,833,1457,626.0,1457,626
dd_w050,mcp4-n120-r08-04,3608.8176103323044,7153.000200000008,19719.05141292852,1.7567525320254427,39.150746414,3569.6668639183044,3564.7019286560026,3562.195695118,498,493,1808,1024,1138,834,1376,545.0,1376,545
dd_w050,mcp4-n120-r08-05,3602.194803372338,8831.000142857149,15663.581181077136,0.7737041023316528,35.474650279,3566.720153093338,3556.797260189998,3553.354867821994,684,679,4381,1012,1126,822,1551,735.0,1551,735
dd_w050,mcp4-n120-r08-06,3646.9855800335235,6232.600179999999,20939.33612761524,2.359646940743637,41.43686325,3605.5487167835236,3600.577357251997,3597.859178972001,552,547,1969,1003,1117,813,1409,599.0,1409,599
dd_w050,mcp4-n120-r08-07,3618.048473976703,7830.0001333333275,17789.64471538461,1.2719852378612078,47.037457131,3571.011016845703,3553.9608200340003,3550.558954211001,589,582,9310,1012,1126,822,1453,634.0,1453,634
dd_w050,mcp4-n120-r08-08,3775.6888467286713,7115.000149999989,18421.76076503417,1.589144114780405,45.243938825,3730.4449079036713,3722.9643098160027,3719.820362107,606,600,3064,1007,1121,817,1467,655.0,1467,655
dd_w050,mcp4-n120-r08-09,3624.409808997749,4009.0001000000157,16751.2076004377,3.1784003947611863,53.342363958,3571.067445039749,3560.172917566,3556.6923867119976,651,646,4910,1043,1156,853,1547,696.0,1547,696
dd_w050,mcp4-n120-r08-10,3923.1179930753547,9149.000100000001,16938.65550427814,0.851421501709038,29.849601943,3893.2683911323547,3886.5343228500024,3883.5684184209995,532,525,2543,1023,1136,833,1406,575.0,1406,575
dd_w050,mcp4-n120-r10-01,3637.2868116510854,5959.333466666663,11163.784261724148,0.8733276672917214,22.599238695,3614.687572956085,3508.385907758003,3503.3127275650036,913,905,62857,1009,1092,819,1772,955.0,1772,955
dd_w050,mcp4-n120-r10-02,2818.293694670257,7276.000100000002,7276.000100000002,0.0,24.075608666,2794.218086004257,2792.629729750003,2790.363219045,464,458,578,1000,1084,810,1317,511.0,1317,511
dd_w050,mcp4-n120-r10-03,3600.0002264664226,6721.142985714288,9931.299083746719,0.47762056317736135,25.292363374,3574.7078630924225,3416.1157610799983,3412.3546065089995,721,710,108976,1020,1104,830,1590,764.0,1590,764
dd_w050,mcp4-n120-r10-04,1959.003049823716,7145.333466666667,7145.333466666667,0.0,21.901875946,1937.101173877716,1934.855330760002,1932.8510109619995,416,409,867,997,1081,807,1265,462.0,1265,462
dd_w050,mcp4-n120-r10-05,3641.267187155122,6952.000100000001,13051.234457398868,0.877335194140585,24.09276203,3617.174425125122,3609.7335100799987,3605.9684384080024,771,760,3092,1020,1104,830,1640,814.0,1640,814
dd_w050,mcp4-n120-r10-06,2366.835761285959,7058.000100000001,7058.074393649522,1.0526161585173207e-5,24.500743128,2342.335018157959,2335.844528982,2333.185254324,552,544,3099,992,1075,802,1395,596.0,1395,596
dd_w050,mcp4-n120-r10-07,3159.5912785775477,7019.000099999999,7019.000099999999,0.0,26.447302366,3133.143976211548,3129.2900898459984,3126.519427522997,575,569,1197,989,1072,799,1416,619.0,1416,619
dd_w050,mcp4-n120-r10-08,331.7241439672423,7300.0001,7300.0001,0.0,22.676708922,309.0474350452423,308.351883352,308.11833712299995,48,46,358,1011,1094,821,915,96.0,915,96
dd_w050,mcp4-n120-r10-09,2871.6958040097416,6495.000100000001,6495.000100000001,0.0,24.440569053,2847.2552349567413,2843.619897659999,2840.984780494999,492,484,1848,1015,1098,825,1358,536.0,1358,536
dd_w050,mcp4-n120-r10-10,4003.2937245349685,5730.60014,11403.79617843137,0.9899828813446703,24.210315464,3979.0834090709686,3952.4793269659963,3947.8710655779983,898,886,15182,1016,1099,826,1760,936.0,1760,936
dd_w050,mcp4-n120-r12-01,1775.06813964709,5697.000100000002,5697.000100000002,0.0,16.295324658,1758.77281498909,1753.8960792310002,1750.4371878579977,595,585,2215,1016,1080,826,1460,637.0,1460,637
dd_w050,mcp4-n120-r12-02,2514.6715799622866,5520.000200000004,5520.524753770995,9.502785362049047e-5,18.082458859,2496.5891211032867,2425.4745330449987,2421.8959160640015,654,643,64896,1015,1079,825,1518,697.0,1518,697
dd_w050,mcp4-n120-r12-03,1122.7857302904358,5226.000149999996,5226.000149999996,0.0,18.228817153,1104.556913137436,1070.6086848690002,1067.9783288650005,469,463,31080,985,1050,795,1308,518.0,1308,518
dd_w050,mcp4-n120-r12-04,2873.740615246981,5197.000149999996,5197.000149999996,0.0,18.355457185,2855.385158061981,2838.863093115002,2835.0704264919996,667,658,11234,999,1062,809,1516,711.0,1516,711
dd_w050,mcp4-n120-r12-05,1660.6132319027352,5477.000100000004,5477.000100000005,0.0,18.778729921,1641.8345019817352,1638.1174286870014,1635.939973657,456,450,2455,987,1050,797,1295,500.0,1295,500
dd_w050,mcp4-n120-r12-06,1114.2796911716227,5150.300150000002,5150.300150000002,0.0,18.275520277,1096.0041708946228,1090.6237900600004,1088.2934997999996,475,465,2174,1007,1070,817,1331,517.0,1331,517
dd_w050,mcp4-n120-r12-07,2044.408915749536,5552.000099999998,5552.416100000002,7.492795254160847e-5,19.073638669,2025.335277080536,2008.8592589889995,2005.0261140809994,738,730,10514,987,1050,797,1575,780.0,1575,780
dd_w050,mcp4-n120-r12-08,2700.051864370819,5772.666799999999,5773.235430450894,9.850394464036772e-5,18.719232306,2681.3326320648193,2389.2387033859986,2385.140973504998,819,810,204280,1017,1080,827,1687,865.0,1687,865
dd_w050,mcp4-n120-r12-09,384.09376428171424,5736.000099999999,5736.000099999999,0.0,18.788146234,365.30561804771423,364.515906835,363.99768024200006,112,108,416,998,1063,808,966,162.0,966,162
dd_w050,mcp4-n120-r12-10,2444.5910046251706,5593.000100000001,5593.437124887177,7.813782931552947e-5,18.398153797,2426.192850828171,2403.7297796450002,2400.4767049229995,631,620,16434,1000,1063,810,1479,672.0,1479,672
dd_w050,mcp4-n120-r14-01,127.29247458282067,4963.000100000006,4963.000100000006,0.0,14.811851576,112.48062300682068,111.99977563499999,111.695274738,61,59,80,974,1023,784,891,109.0,891,109
dd_w050,mcp4-n120-r14-02,1312.3973797320145,4841.00015,4841.00015,0.0,12.026855564,1300.3705241680145,1280.9474992289997,1277.818607912999,751,742,13640,984,1034,794,1588,801.0,1588,801
dd_w050,mcp4-n120-r14-03,1357.9562202992452,4269.33346666667,4269.725666025486,9.18643066601878e-5,15.341755301,1342.6144649982452,1309.9708089200003,1306.568228588,689,676,26500,992,1041,802,1527,729.0,1527,729
dd_w050,mcp4-n120-r14-04,877.7662309095082,4003.0001500000008,4003.0001500000008,0.0,18.406823723,859.3594071865082,853.8324111309994,852.2606026700008,326,322,4795,989,1039,799,1171,376.0,1171,376
dd_w050,mcp4-n120-r14-05,836.6739764836542,4559.0001,4559.0001,0.0,13.329386535,823.3445899486542,819.5739825800005,817.4530410550007,481,475,2067,967,1019,777,1304,534.0,1304,534
dd_w050,mcp4-n120-r14-06,1578.130319553301,4695.000120000008,4695.425084226381,9.051420990656942e-5,14.256175476,1563.874144077301,1527.8610121989998,1524.6375030229997,662,652,27529,1012,1061,822,1523,704.0,1523,704
dd_w050,mcp4-n120-r14-07,1417.967478596109,4324.333466666665,4324.50015,3.8545439342173615e-5,14.2775236,1403.689954996109,1376.1175664090006,1372.641416861999,728,710,20388,987,1036,797,1556,762.0,1556,762
dd_w050,mcp4-n120-r14-08,739.4778994777191,4333.000200000002,4333.000200000002,0.0,12.585304425,726.8925950527191,724.203994639,722.72806086,282,277,1110,985,1036,795,1122,331.0,1122,331
dd_w050,mcp4-n120-r14-09,1188.2755593064503,4077.000100000001,4077.000100000001,0.0,14.011966348,1174.2635929584503,1161.5430046250003,1158.4699745379999,636,628,11225,1009,1058,819,1496,680.0,1496,680
dd_w050,mcp4-n120-r14-10,742.8392768765582,4344.000100000001,4344.000100000001,0.0,12.34274992,730.4965269565582,729.0236376710004,726.9576577779998,444,435,671,988,1037,798,1283,489.0,1283,489
dd_w050,mcp4-n120-r16-01,451.3145206394579,3533.0001000000098,3533.0001000000098,0.0,9.666015667,441.6485049724579,440.484354917,438.82799194300014,328,319,572,987,1026,797,1167,376.0,1167,376
dd_w050,mcp4-n120-r16-02,777.8911117843738,4065.0001500000008,4065.0001500000008,0.0,9.412611895,768.4784998893738,729.858111106,726.859674532,620,615,34135,999,1037,809,1472,665.0,1472,665
dd_w050,mcp4-n120-r16-03,469.6646356094669,4025.400139999994,4025.400139999994,0.0,7.307664584,462.3569710254669,444.04152823399994,442.00315581000024,467,462,15344,966,1005,776,1288,516.0,1288,516
dd_w050,mcp4-n120-r16-04,379.97757582626673,3979.000100000003,3979.000100000003,0.0,12.180802631,367.7967731952667,366.73214807200003,365.412275118,279,273,560,986,1025,796,1119,328.0,1119,328
dd_w050,mcp4-n120-r16-05,176.65123153033642,3748.0001,3748.0001,0.0,9.336445573,167.31478595733643,166.84545425700003,166.29143402800005,110,107,129,992,1030,802,957,157.0,957,157
dd_w050,mcp4-n120-r16-06,701.0925957098339,3716.000150000001,3716.000150000001,0.0,12.674595727,688.4179999828339,681.1717445390001,678.9778009010007,465,457,5510,994,1033,804,1310,509.0,1310,509
dd_w050,mcp4-n120-r16-07,622.269036480655,3743.500199999998,3743.6798385620914,4.7986791103486455e-5,10.828317353,611.440719127655,608.7997970390002,606.79373614,397,391,1507,1005,1044,815,1255,443.0,1255,443
dd_w050,mcp4-n120-r16-08,1011.3563656440713,3480.3334666666665,3480.333466666666,0.0,13.651735746,997.7046298980713,992.8245135970005,989.9350540200011,653,642,2522,983,1023,793,1489,713.0,1489,711
dd_w050,mcp4-n120-r16-09,234.85559499927257,3623.000099999999,3623.0000999999993,0.0,9.582965023,225.27262997627258,224.47924387499998,223.57569342799988,181,175,276,962,1001,772,996,227.0,996,227
dd_w050,mcp4-n120-r16-10,562.7577798660298,3788.00013333333,3788.00013333333,0.0,12.695774823,550.0620050430298,540.059234188,537.5059575360006,528,520,7697,959,997,769,1338,572.0,1338,572
dd_w070,mcp4-n070-r08-01,47.27392735316882,4283.000133333335,4283.000133333335,0.0,3.364695452,43.90923190116882,42.522786739000004,41.77777826999999,107,100,572,1077,1186,965,1135,176.0,1135,176
dd_w070,mcp4-n070-r08-02,97.77948141834436,4517.500149999997,4517.612221212124,2.480823650364816e-5,3.291375406,94.48810601234436,92.28926533499997,91.27939919699996,165,159,1430,1049,1160,937,1168,244.0,1168,244
dd_w070,mcp4-n070-r08-03,94.29826324029382,3691.0002000000004,3691.298507127232,8.082013304456338e-5,3.319451261,90.97881197929382,71.29132925699999,69.90349638999996,245,239,17502,1060,1167,948,1255,309.0,1255,309
dd_w070,mcp4-n070-r08-04,61.9150509270116,4690.000100000001,4690.000100000001,0.0,2.474837962,59.4402129650116,58.96363794399999,58.250548171999995,119,116,173,1040,1147,928,1112,186.0,1112,186
dd_w070,mcp4-n070-r08-05,108.4033688785459,3845.0001000000007,3845.0001000000007,0.0,3.640667844,104.7627010345459,102.15221999600004,100.65133082599998,229,219,1626,1094,1202,982,1270,291.0,1270,291
dd_w070,mcp4-n070-r08-06,85.28885030915039,4825.000150000002,4825.000150000002,0.0,3.252927305,82.03592300415039,80.372305079,79.38131212999998,165,156,807,1071,1178,959,1184,228.0,1184,228
dd_w070,mcp4-n070-r08-07,99.53153703954919,3732.000100000002,3732.000100000002,0.0,3.790351136,95.7411859035492,93.58526505000002,92.33063371499998,202,190,1148,1088,1195,976,1235,262.0,1235,262
dd_w070,mcp4-n070-r08-08,67.1566616380824,4167.000099999999,4167.000099999999,0.0,3.659383663,63.4972779750824,62.66684744099999,61.774790379000024,145,137,353,1066,1174,954,1160,210.0,1160,210
dd_w070,mcp4-n070-r08-09,137.3840056970984,4190.000099999999,4190.000099999999,0.0,3.243430765,134.1405749320984,132.031477905,130.51585608999994,231,222,936,1097,1205,985,1277,296.0,1277,296
dd_w070,mcp4-n070-r08-10,28.041954556462525,4291.000099999999,4291.000099999999,0.0,2.968145648,25.073808908462524,24.624677112,24.155974936999996,78,75,109,1061,1168,949,1092,145.0,1092,145
dd_w070,mcp4-n070-r10-01,40.02945734703369,3716.000200000005,3716.000200000005,0.0,1.898261325,38.13119602203369,34.90505881400001,33.66582977,143,140,2086,1035,1128,923,1135,225.0,1135,225
dd_w070,mcp4-n070-r10-02,64.64738705966833,3023.0001500000017,3023.0001500000017,0.0,2.675759109,61.971627950668335,53.899294545,52.802860056000014,128,122,6988,1047,1137,935,1126,194.0,1126,194
dd_w070,mcp4-n070-r10-03,55.337986342571774,3403.0001000000075,3403.0001000000075,0.0,2.850049369,52.48793697357178,51.780398791,50.46532198199998,167,153,258,1062,1152,950,1172,225.0,1172,225
dd_w070,mcp4-n070-r10-04,50.432777825589234,3412.2501500000008,3412.2501500000008,0.0,1.774864856,48.65791296958923,43.972226727999995,42.68533918300001,164,158,3345,1016,1107,904,1132,232.0,1132,232
dd_w070,mcp4-n070-r10-05,21.94377845923743,3104.0001,3104.0001000000007,0.0,1.889570419,20.054208040237427,19.563649644999998,18.953996681,79,75,170,1035,1126,923,1070,153.0,1070,153
dd_w070,mcp4-n070-r10-06,41.21554257274304,3933.000199999999,3933.000199999999,0.0,0.508283633,40.70725893974304,38.416126508999994,37.266555485,134,126,1556,1040,1131,928,1124,200.0,1124,200
dd_w070,mcp4-n070-r10-07,53.52298289217859,3412.000100000002,3412.000100000002,0.0,1.424171981,52.09881091117859,51.214824045,49.759641338999984,174,163,484,1035,1127,923,1158,243.0,1158,243
dd_w070,mcp4-n070-r10-08,44.079669144734744,3314.00015,3314.00015,0.0,1.609528926,42.47014021873474,41.655074895999995,40.44235362400001,152,145,375,1050,1140,938,1152,217.0,1152,217
dd_w070,mcp4-n070-r10-09,62.9893043564137,3319.666799999999,3319.666799999999,0.0,3.066515498,59.922788858413696,56.44401606900001,55.341357204999994,140,133,2035,1041,1133,929,1137,219.0,1137,219
dd_w070,mcp4-n070-r10-10,28.543287646520263,4003.500149999997,4003.500149999997,0.0,1.238680732,27.304606914520264,24.494072193,23.547425837999995,96,92,1342,1068,1158,956,1118,167.0,1118,167
dd_w070,mcp4-n070-r12-01,44.976472413966555,2717.0001800000014,2717.0001800000014,0.0,1.479198492,43.49727392196655,41.539080258999995,40.412435599000005,190,179,1049,1021,1100,909,1161,259.0,1161,259
dd_w070,mcp4-n070-r12-02,36.15638917482483,2701.3334666666665,2701.3334666666665,0.0,1.39802712,34.75836205482483,32.84434868300001,31.79007002000002,166,160,1154,1080,1159,968,1198,236.0,1198,236
dd_w070,mcp4-n070-r12-03,43.47147148895447,2729.000100000003,2729.000100000003,0.0,1.110803545,42.36066794395447,41.623019407000015,40.68465939899999,165,152,395,1026,1107,914,1137,228.0,1137,228
dd_w070,mcp4-n070-r12-04,40.46121001039722,2555.000100000001,2555.000100000001,0.0,1.936704872,38.52450513839722,37.694171805999964,36.680675289,154,146,663,1045,1126,933,1152,227.0,1152,227
dd_w070,mcp4-n070-r12-05,51.0477248433418,2196.0001399999965,2196.0001399999965,0.0,2.543318868,48.5044059753418,47.68736684800002,46.702919200000004,172,164,726,1031,1113,919,1155,243.0,1155,243
dd_w070,mcp4-n070-r12-06,21.296425876940674,2249.0001,2249.0001,0.0,1.475559769,19.820866107940674,19.411332579000003,18.823092915000007,85,80,135,1037,1117,925,1077,163.0,1077,163
dd_w070,mcp4-n070-r12-07,20.955309985720948,2338.5002000000004,2338.5002000000004,0.0,2.032784103,18.922525882720947,18.128464576,17.626330654999997,79,74,728,1045,1124,933,1077,153.0,1077,153
dd_w070,mcp4-n070-r12-08,28.69549826294336,2860.3334666666656,2860.5456545454517,7.418291652316672e-5,1.469275271,27.22622299194336,24.041713469999998,23.438298941,106,102,3792,1009,1089,897,1069,176.0,1069,176
dd_w070,mcp4-n070-r12-09,32.054712769579346,2674.000100000001,2674.047719047626,1.780816972472107e-5,1.289285657,30.765427112579346,28.62235934400001,27.937439793000003,113,110,1514,1046,1124,934,1112,180.0,1112,180
dd_w070,mcp4-n070-r12-10,30.456184066672975,2880.0001999999995,2880.0001999999995,0.0,1.21550218,29.240681886672974,28.453378851,27.81173130699999,114,107,578,1009,1090,897,1078,191.0,1078,191
dd_w070,mcp4-n070-r14-01,17.579831455418702,2391.666800000001,2391.666800000001,0.0,1.45895562,16.1208758354187,12.618841224000006,12.146222251,88,86,3110,1040,1110,928,1083,158.0,1083,158
dd_w070,mcp4-n070-r14-02,23.35099338186865,1915.50015,1915.50015,0.0,1.299854504,22.051138877868652,21.430798583000005,20.657971108000005,128,123,329,1018,1090,906,1101,205.0,1101,205
dd_w070,mcp4-n070-r14-03,21.124043138256837,2035.571571428572,2035.571571428572,0.0,0.87991205,20.244131088256836,19.789992688000005,19.340486082999984,98,91,247,946,1019,834,999,182.0,999,182
dd_w070,mcp4-n070-r14-04,20.293135883183595,2220.00015,2220.00015,0.0,0.480612995,19.812522888183594,19.050385919999997,18.412831984000007,107,101,538,1043,1113,931,1103,177.0,1103,177
dd_w070,mcp4-n070-r14-05,25.53310442531592,1797.500150000001,1797.500150000001,0.0,1.675809389,23.857295036315918,22.032162051000007,21.415688379000002,119,113,1296,1011,1082,899,1082,192.0,1082,192
dd_w070,mcp4-n070-r14-06,20.15599461145593,2060.0001999999995,2060.0001999999995,0.0,1.869233566,18.286761045455933,17.65292503099999,17.166320025000008,93,89,501,998,1068,886,1047,168.0,1047,168
dd_w070,mcp4-n070-r14-07,23.992475441735596,2126.0001,2126.0001,0.0,0.996518544,22.995956897735596,22.426698088000002,21.614870482000004,137,129,239,1030,1100,918,1116,201.0,1116,201
dd_w070,mcp4-n070-r14-08,40.99234027874695,1959.0001000000018,1959.0001000000018,0.0,1.26276536,39.72957491874695,38.66323495500002,37.595730016999994,173,161,669,1021,1092,909,1141,241.0,1141,241
dd_w070,mcp4-n070-r14-09,25.976965059913574,1995.0001,1995.0001,0.0,1.060793986,24.916171073913574,24.194065037000005,23.540149047999996,125,117,420,1006,1079,894,1083,201.0,1083,201
dd_w070,mcp4-n070-r14-10,23.129906788097045,2080.0001,2080.0001,0.0,1.590447798,21.539458990097046,21.107972625,20.528383807999994,106,99,221,1026,1095,914,1081,169.0,1081,169
dd_w070,mcp4-n070-r16-01,15.696286177809936,2000.0001000000002,2000.0001000000002,0.0,0.563653207,15.132632970809937,14.529900868999993,13.918690993999999,98,92,410,1017,1081,905,1067,166.0,1067,166
dd_w070,mcp4-n070-r16-02,12.926343613144166,1713.0001000000002,1713.0001000000002,0.0,0.482810431,12.443533182144165,11.812583146,11.352681718999998,87,83,469,1007,1072,895,1048,159.0,1048,159
dd_w070,mcp4-n070-r16-03,30.04206339800696,1780.0001333333348,1780.0001333333348,0.0,0.980279369,29.061784029006958,26.782559686,26.039449727999997,151,143,2267,1013,1079,901,1115,219.0,1115,219
dd_w070,mcp4-n070-r16-04,20.540705660936034,2174.0001500000017,2174.0001500000017,0.0,0.787721614,19.752984046936035,17.916639822999997,17.31571822700001,128,121,1028,972,1041,860,1056,206.0,1056,206
dd_w070,mcp4-n070-r16-05,16.455720284974486,1872.0001000000038,1872.0001000000038,0.0,0.830048183,15.625672101974487,15.196693073000002,14.686549474000005,102,97,228,1015,1079,903,1071,176.0,1071,176
dd_w070,mcp4-n070-r16-06,26.962344412242064,1821.2501250000012,1821.2501250000012,0.0,0.891035561,26.071308851242065,24.59331453799999,23.832258360999994,143,137,689,1024,1093,912,1125,259.0,1124,245
dd_w070,mcp4-n070-r16-07,22.778863003785766,1802.5001499999996,1802.5385615384675,2.13101443946766e-5,1.530770114,21.248092889785767,18.78880403800001,18.205186614000002,118,111,2906,994,1058,882,1064,188.0,1064,188
dd_w070,mcp4-n070-r16-08,14.962893782735474,1836.0001,1836.0001,0.0,0.953046857,14.009846925735474,13.504386074000003,12.984937386000007,92,88,339,989,1053,877,1034,160.0,1034,160
dd_w070,mcp4-n070-r16-09,15.776645426723633,1988.0001000000013,1988.0001000000013,0.0,1.036653285,14.739992141723633,14.395153187,13.889042023000002,97,91,109,1006,1073,894,1061,183.0,1061,180
dd_w070,mcp4-n070-r16-10,18.186887556034545,1810.0001666666662,1810.0001666666662,0.0,0.650968605,17.535918951034546,16.780540865000003,16.174215704,113,108,767,1000,1065,888,1066,185.0,1066,185
dd_w070,mcp4-n080-r08-01,331.34648703036464,4810.83348333333,4810.91676666668,1.7311622536569137e-5,5.248110041,326.0983769893646,305.6643632720001,302.2598992719999,430,415,13334,1246,1360,1118,1605,497.0,1604,493
dd_w070,mcp4-n080-r08-02,273.2726401456145,5122.0003,5122.0003,0.0,4.775119222,268.4975209236145,266.12934793500006,263.4676259800001,314,304,697,1251,1364,1123,1496,376.0,1496,376
dd_w070,mcp4-n080-r08-03,254.42369913746398,6000.0001,6000.000100000001,0.0,4.883758065,249.539941072464,242.733930017,240.571996122,276,267,4322,1224,1338,1096,1433,341.0,1433,341
dd_w070,mcp4-n080-r08-04,156.69483937978126,5927.111266666669,5927.111266666669,0.0,4.257034204,152.43780517578125,151.56619396000005,150.47259460700005,150,141,383,1239,1352,1111,1321,213.0,1321,213
dd_w070,mcp4-n080-r08-05,237.5604818826709,5400.000100000001,5400.000100000001,0.0,5.589528895,231.9709529876709,226.1827465529999,223.73952022599997,317,309,3115,1238,1350,1110,1487,379.0,1487,379
dd_w070,mcp4-n080-r08-06,142.82702789202733,4848.000200000003,4848.000200000003,0.0,5.186441039,137.64058685302734,134.29847657,132.68404617099992,228,223,1653,1216,1330,1088,1381,298.0,1381,298
dd_w070,mcp4-n080-r08-07,96.489467013349,4926.000149999999,4926.000149999999,0.0,4.841682065,91.647784948349,88.12998842700001,86.98012284599996,133,130,2560,1245,1358,1117,1316,202.0,1316,202
dd_w070,mcp4-n080-r08-08,202.59464582406324,5168.000100000003,5168.000100000003,0.0,5.346320953,197.24832487106323,195.27392945100001,193.60565897299995,228,220,697,1227,1340,1099,1388,292.0,1388,292
dd_w070,mcp4-n080-r08-09,266.16725578847706,5038.500149999998,5039.000100000003,9.922595715411486e-5,5.961203962,260.20605182647705,227.90925053400005,225.88876468499993,274,266,28153,1216,1331,1088,1427,351.0,1427,351
dd_w070,mcp4-n080-r08-10,221.61618067117297,4610.0001,4610.0001,0.0,6.226084722,215.39009594917297,212.86075527200012,210.89052927099996,272,263,1142,1240,1352,1112,1444,335.0,1444,335
dd_w070,mcp4-n080-r10-01,93.99105933357251,3691.0001499999985,3691.0001499999985,0.0,3.912634403,90.07842493057251,89.15399366100002,87.62387436099998,153,142,279,1224,1316,1096,1307,214.0,1307,214
dd_w070,mcp4-n080-r10-02,140.91505083244104,3995.2501500000026,3995.2501500000026,0.0,3.908315746,137.00673508644104,135.76552257599994,133.3629712940001,238,230,540,1220,1314,1092,1392,304.0,1392,304
dd_w070,mcp4-n080-r10-03,111.48502123392383,4124.0001,4124.0001,0.0,3.749284387,107.73573684692383,99.98567248100002,97.48186145400007,240,234,5698,1229,1321,1101,1405,308.0,1404,306
dd_w070,mcp4-n080-r10-04,110.53141727468005,4292.000200000002,4292.000200000002,0.0,2.647138262,107.88427901268005,96.31906710400006,94.42759667199999,194,190,9515,1199,1294,1071,1334,276.0,1334,276
dd_w070,mcp4-n080-r10-05,123.44359676982593,3823.000199999995,3823.000199999995,0.0,3.902041842,119.54155492782593,112.56345679199991,110.339205406,222,218,3781,1234,1328,1106,1395,296.0,1395,296
dd_w070,mcp4-n080-r10-06,23.232844975466918,4038.0001,4038.0001,0.0,3.68837395,19.54447102546692,19.171788167000003,18.809186307999997,36,33,82,1185,1278,1057,1159,106.0,1159,106
dd_w070,mcp4-n080-r10-07,90.9645414946809,3943.000100000001,3943.0001000000007,0.0,3.032961428,87.93158006668091,84.525555053,82.67514693700001,187,180,1683,1210,1306,1082,1334,258.0,1334,258
dd_w070,mcp4-n080-r10-08,162.77516691509584,4339.000100000002,4339.000100000002,0.0,3.33704202,159.43812489509583,156.75337491000005,154.273891172,262,249,1356,1182,1275,1054,1374,327.0,1374,327
dd_w070,mcp4-n080-r10-09,126.82045088169946,3860.0001,3860.0001,0.0,4.279451946,122.54099893569946,121.16860196100002,119.10429056,205,197,650,1211,1306,1083,1351,274.0,1351,274
dd_w070,mcp4-n080-r10-10,158.5130796586748,4385.500150000001,4385.500150000001,0.0,3.410435692,155.1026439666748,153.087233781,150.45706810100006,264,257,934,1230,1322,1102,1427,327.0,1427,327
dd_w070,mcp4-n080-r12-01,82.12319544703944,3733.0001,3733.0001,0.0,1.420221366,80.70297408103943,79.83506676999997,78.03051871999998,196,190,423,1220,1299,1092,1351,262.0,1351,262
dd_w070,mcp4-n080-r12-02,101.6148295498496,3525.500149999998,3525.500149999998,0.0,2.371455679,99.24337387084961,91.148327337,89.55419276600001,201,195,7187,1192,1275,1064,1332,276.0,1332,276
dd_w070,mcp4-n080-r12-03,52.05443633559412,3056.0001000000016,3056.0001000000016,0.0,2.998999486,49.055436849594116,48.357792920000016,47.14869275600001,146,141,324,1221,1304,1093,1307,225.0,1306,223
dd_w070,mcp4-n080-r12-04,56.23426835215222,3247.0001999999995,3247.0001999999995,0.0,2.182086393,54.05218195915222,51.00894479099999,49.93420811599998,130,126,1731,1214,1294,1086,1281,198.0,1281,198
dd_w070,mcp4-n080-r12-05,58.563557276326904,3280.000100000001,3280.000100000001,0.0,2.91730226,55.646255016326904,55.05944032800002,53.777316243999984,158,154,159,1185,1267,1057,1282,230.0,1282,230
dd_w070,mcp4-n080-r12-06,63.27516036735108,3081.3334666666633,3081.3334666666633,0.0,2.402568395,60.872591972351074,54.268924963000025,52.88646619500001,181,178,7601,1228,1310,1100,1350,262.0,1350,262
dd_w070,mcp4-n080-r12-07,94.25974831786743,2996.000199999999,2996.000199999999,0.0,2.96033416,91.29941415786743,89.74375898899997,87.98264468799997,209,203,813,1226,1307,1098,1371,278.0,1371,278
dd_w070,mcp4-n080-r12-08,94.41059186759705,2750.0001,2750.0001,0.0,3.95804694,90.45254492759705,88.44920401500002,86.67330930400003,235,226,719,1223,1304,1095,1394,308.0,1393,306
dd_w070,mcp4-n080-r12-09,45.90600240183191,3034.0000999999966,3034.0000999999966,0.0,2.144668221,43.76133418083191,43.27732931,42.275936408,134,129,70,1183,1265,1055,1255,205.0,1255,205
dd_w070,mcp4-n080-r12-10,93.1979622114442,3249.0000999999997,3249.0000999999997,0.0,2.857055353,90.34090685844421,80.74575965199998,78.91815882900005,234,228,7258,1219,1300,1091,1390,304.0,1390,304
dd_w070,mcp4-n080-r14-01,65.2669195410199,2692.000100000002,2692.000100000002,0.0,1.945056605,63.3218629360199,61.67935801299999,60.391549866999995,169,163,701,1189,1260,1061,1293,235.0,1293,235
dd_w070,mcp4-n080-r14-02,50.41150213697327,2471.0002,2471.0002,0.0,2.02778913,48.38371300697327,47.62430434600001,46.311262161999956,170,163,317,1171,1243,1043,1276,237.0,1276,237
dd_w070,mcp4-n080-r14-03,71.38807784820959,2417.50015,2417.50015,0.0,1.735302799,69.6527750492096,68.48417247199998,67.02995815700002,217,206,723,1180,1252,1052,1331,287.0,1331,287
dd_w070,mcp4-n080-r14-04,72.10143619250525,2289.0001,2289.0001,0.0,1.873512084,70.22792410850525,67.37519231699999,65.87145912400003,211,199,1621,1150,1222,1022,1291,273.0,1291,273
dd_w070,mcp4-n080-r14-05,12.268993078236573,2817.0001000000057,2817.0001000000057,0.0,1.465211092,10.803781986236572,10.459748885,10.224264752000003,35,33,33,1168,1240,1040,1143,108.0,1143,108
dd_w070,mcp4-n080-r14-06,58.615775845364745,2750.500150000001,2750.500150000001,0.0,1.562538884,57.053236961364746,55.378907455000004,53.74823038999999,202,192,560,1201,1273,1073,1335,266.0,1335,266
dd_w070,mcp4-n080-r14-07,26.332671481114136,2926.000100000005,2926.000100000005,0.0,1.409691411,24.922980070114136,24.396367157999997,23.606093213,99,95,236,1177,1251,1049,1216,177.0,1216,177
dd_w070,mcp4-n080-r14-08,66.601877568979,2455.50015,2455.50015,0.0,1.663964628,64.937912940979,63.02176128999998,61.58396077699997,200,190,937,1170,1240,1042,1302,264.0,1302,264
dd_w070,mcp4-n080-r14-09,55.90819709370764,2462.5001500000035,2462.5001500000035,0.0,1.999001909,53.90919518470764,52.877189319,51.39260413300003,209,201,585,1172,1245,1044,1318,282.0,1317,280
dd_w070,mcp4-n080-r14-10,27.081358174544068,2858.0001333333284,2858.0001333333284,0.0,0.975541095,26.105817079544067,23.458746888999993,22.908955523999996,83,78,1931,1157,1230,1029,1178,155.0,1178,155
dd_w070,mcp4-n080-r16-01,20.732020939950196,2328.0001,2328.0001,0.0,1.115670766,19.616350173950195,19.327667312000006,18.594239744000006,79,76,63,1149,1214,1021,1168,153.0,1168,153
dd_w070,mcp4-n080-r16-02,32.20985343786682,2142.500149999998,2142.500149999998,0.0,1.37614539,30.83370804786682,26.603493907000008,25.580536391999996,111,106,3840,1171,1234,1043,1218,178.0,1218,178
dd_w070,mcp4-n080-r16-03,40.30085603337329,1936.5001499999996,1936.5001499999994,0.0,1.112499157,39.18835687637329,38.57144478100001,37.05847729900002,165,155,327,1173,1238,1045,1271,233.0,1271,233
dd_w070,mcp4-n080-r16-04,49.64702161241687,2156.7501499999994,2156.7501499999994,0.0,0.729904732,48.91711688041687,45.89460155599998,44.22971357000001,198,187,1626,1144,1207,1016,1272,259.0,1272,259
dd_w070,mcp4-n080-r16-05,37.10163435381116,2229.000100000004,2229.000100000004,0.0,1.727042288,35.37459206581116,34.543933857,33.235955941,148,142,493,1173,1244,1045,1265,245.0,1265,245
dd_w070,mcp4-n080-r16-06,8.501591930175659,2299.0001,2299.0001,0.0,1.280357847,7.221234083175659,6.909975641999998,6.560744059,35,33,63,1182,1246,1054,1157,108.0,1157,108
dd_w070,mcp4-n080-r16-07,65.2526224710089,2319.6668333333323,2319.6668333333323,0.0,1.516594515,63.73602795600891,57.782683451000004,55.817317446,215,208,5217,1147,1210,1019,1298,286.0,1298,286
dd_w070,mcp4-n080-r16-08,19.13933822720947,1812.000100000001,1812.000100000001,0.0,1.459001275,17.680336952209473,17.28312582099999,16.517517968,85,82,50,1154,1219,1026,1180,163.0,1180,163
dd_w070,mcp4-n080-r16-09,25.615428125052002,1992.0000999999997,1992.0000999999997,0.0,1.688830053,23.926598072052002,23.532866079999998,22.599385236000003,107,102,96,1187,1252,1059,1233,183.0,1233,183
dd_w070,mcp4-n080-r16-10,34.07599664093152,1627.0001000000002,1627.0001000000002,0.0,1.514159683,32.56183695793152,31.872345146,30.53661521200001,156,148,327,1192,1256,1064,1285,234.0,1284,226
dd_w070,mcp4-n090-r08-01,158.27319537697375,6051.333466666667,6051.333466666667,0.0,8.193089357,150.08010601997375,149.40561504699988,148.58121374499999,113,109,232,1129,1248,985,1163,181.0,1163,181
dd_w070,mcp4-n090-r08-02,273.51398296922923,6350.000100000003,6350.000100000003,0.0,6.822111803,266.69187116622925,265.6516404859999,264.33799469599995,179,174,357,1135,1254,991,1234,246.0,1234,246
dd_w070,mcp4-n090-r08-03,595.214257772903,6544.400120000011,6544.9620558985525,8.586515008825245e-5,7.646294888,587.567962884903,559.0685669769994,556.750652499,327,321,25632,1130,1248,986,1375,391.0,1375,391
dd_w070,mcp4-n090-r08-04,963.4674834852093,5604.000200000004,5604.000200000004,0.0,8.601381505,954.8661019802094,944.4307147279999,940.9317159869997,475,463,4255,1128,1246,984,1517,537.0,1517,537
dd_w070,mcp4-n090-r08-05,722.3819065585352,5733.500150000007,5733.500150000007,0.0,9.000398685,713.3815078735352,706.945046544,704.0591033910005,425,417,3561,1095,1214,951,1439,493.0,1439,493
dd_w070,mcp4-n090-r08-06,773.3071525068913,6854.833483333336,6854.833483333336,0.0,8.788559434,764.5185930728912,761.0558913729996,758.4129930880003,426,416,1439,1136,1254,992,1476,486.0,1476,486
dd_w070,mcp4-n090-r08-07,500.72510903233996,6628.500150000002,6628.500150000002,0.0,7.502587012,493.22252202033997,476.66398860299967,474.64886609699994,334,329,12779,1092,1210,948,1345,399.0,1345,399
dd_w070,mcp4-n090-r08-08,789.8468414582483,5870.000149999998,5870.4001,6.813458088272945e-5,8.94290841,780.9039330482483,749.2339574350002,746.0419566829997,476,468,25694,1119,1237,975,1511,538.0,1511,538
dd_w070,mcp4-n090-r08-09,635.9204899946309,5690.500149999997,5691.000100000009,8.785695225966689e-5,7.815482823,628.1050071716309,504.07614749199973,501.28744004699985,425,418,94480,1149,1267,1005,1491,488.0,1491,488
dd_w070,mcp4-n090-r08-10,461.0355800939695,6615.000099999999,6615.42867142857,6.478781891033517e-5,8.732994969,452.3025851249695,451.47049349200023,450.25810789400015,185,181,243,1133,1251,989,1238,251.0,1238,251
dd_w070,mcp4-n090-r10-01,475.12151695467185,5127.50015,5127.50015,0.0,6.898402941,468.2231140136719,449.6418135100003,446.57336326099977,391,382,11531,1119,1214,975,1426,454.0,1426,454
dd_w070,mcp4-n090-r10-02,299.8180778052439,4945.000199999998,4945.000199999998,0.0,6.025431874,293.7926459312439,291.2829666069998,288.8724706690001,330,320,1062,1109,1206,965,1356,396.0,1356,396
dd_w070,mcp4-n090-r10-03,261.84181379587073,4279.000099999999,4279.000099999999,0.0,7.345164769,254.49664902687073,253.46388158800002,252.3629584720001,168,163,356,1106,1205,962,1198,250.0,1198,250
dd_w070,mcp4-n090-r10-04,367.43665888992103,4416.000099999999,4416.000099999999,0.0,6.547467024,360.889191865921,357.7579571280001,355.2522217800003,346,335,1084,1109,1204,965,1370,409.0,1370,409
dd_w070,mcp4-n090-r10-05,378.2494048172462,4297.000099999999,4297.000099999999,0.0,7.490200668,370.7592041492462,368.46523027399996,366.49547534100014,274,267,1110,1102,1198,958,1295,341.0,1295,341
dd_w070,mcp4-n090-r10-06,450.80251570019203,4412.000199999983,4412.000199999983,0.0,6.928873494,443.873642206192,432.4466275729999,429.91269766500017,391,383,8560,1110,1205,966,1418,455.0,1418,455
dd_w070,mcp4-n090-r10-07,351.51342390520995,4309.0000999999975,4309.0000999999975,0.0,6.197240815,345.31618309020996,338.5861055739998,336.64453427000024,307,293,4058,1096,1196,952,1318,375.0,1318,375
dd_w070,mcp4-n090-r10-08,264.2964535319388,4828.000133333332,4828.000133333332,0.0,4.837549504,259.45890402793884,246.56073511999995,244.23377013099997,327,318,10981,1118,1214,974,1361,391.0,1361,391
dd_w070,mcp4-n090-r10-09,267.3070474716659,5061.0001,5061.0001,0.0,5.907228336,261.3998191356659,260.1171852500001,258.19875051200006,260,252,389,1114,1210,970,1291,324.0,1291,324
dd_w070,mcp4-n090-r10-10,368.6234493799897,4562.400140000002,4562.400140000002,0.0,6.429343278,362.19410610198975,357.9416118410001,355.3937740900002,355,344,1777,1139,1234,995,1408,416.0,1408,416
dd_w070,mcp4-n090-r12-01,256.6857081963682,3706.400139999999,3706.400139999999,0.0,4.601470144,252.08423805236816,244.60217648600005,242.42355094899995,353,345,5266,1092,1172,948,1363,419.0,1363,419
dd_w070,mcp4-n090-r12-02,213.6458172627948,3871.000149999999,3871.000149999999,0.0,4.37675832,209.2690589427948,206.41443217699998,204.16167288600005,345,335,1556,1080,1162,936,1341,409.0,1341,409
dd_w070,mcp4-n090-r12-03,182.5887503610896,3755.0000999999997,3755.3001000000004,7.989347323869224e-5,5.055515288,177.5332350730896,176.51708175200005,174.9418369030001,271,263,460,1085,1167,941,1276,341.0,1276,341
dd_w070,mcp4-n090-r12-04,186.63061693981214,3608.0001500000008,3608.0001500000008,0.0,5.208941973,181.42167496681213,178.68160584299986,176.96435320799998,290,282,1458,1110,1190,966,1319,359.0,1319,359
dd_w070,mcp4-n090-r12-05,187.10464638028344,3550.000100000001,3550.000100000001,0.0,4.839713271,182.26493310928345,180.80019660599993,179.12831036300005,282,275,754,1109,1191,965,1311,351.0,1311,351
dd_w070,mcp4-n090-r12-06,186.24442334240894,3339.000200000002,3339.000200000002,0.0,4.795548392,181.44887495040894,180.24422748000006,178.25924810399997,316,305,490,1108,1189,964,1340,382.0,1340,382
dd_w070,mcp4-n090-r12-07,145.15027813092345,3782.50015,3782.50015,0.0,3.933418075,141.21686005592346,134.47638805400004,133.208315546,205,201,5658,1116,1197,972,1246,283.0,1246,283
dd_w070,mcp4-n090-r12-08,78.16427184452014,3672.000100000001,3672.000100000001,0.0,5.925853027,72.23841881752014,71.52586151900002,70.77022953300003,136,133,258,1097,1177,953,1154,203.0,1154,203
dd_w070,mcp4-n090-r12-09,105.72360247536585,4184.0001,4184.0001,0.0,3.168422641,102.55517983436584,100.746375489,99.54172752899996,215,211,676,1102,1184,958,1241,293.0,1241,293
dd_w070,mcp4-n090-r12-10,218.53453125551013,3350.3334666666688,3350.650736581369,9.469801076726206e-5,5.112208267,213.42232298851013,210.89496792499983,209.10772999699998,318,305,1488,1063,1143,919,1294,379.0,1294,379
dd_w070,mcp4-n090-r14-01,91.97488110124854,3413.0001,3413.0001,0.0,2.846774984,89.12810611724854,87.86988242700004,86.561140574,181,176,599,1094,1165,950,1197,253.0,1197,253
dd_w070,mcp4-n090-r14-02,97.21939814920287,3182.00015,3182.1542385816633,4.8425070521594015e-5,3.35735906,93.86203908920288,90.56898014,89.32330716699994,195,192,2624,1076,1147,932,1196,275.0,1196,275
dd_w070,mcp4-n090-r14-03,117.6317529883147,3149.0002,3149.0002,0.0,3.783995172,113.8477578163147,113.02523963500003,111.759327067,198,192,463,1086,1156,942,1204,266.0,1204,266
dd_w070,mcp4-n090-r14-04,102.71379643026928,3646.000100000002,3646.000100000002,0.0,3.124729448,99.58906698226929,97.39253803499997,95.91913537500004,220,216,860,1059,1130,915,1202,297.0,1202,297
dd_w070,mcp4-n090-r14-05,124.58583937353589,3044.0001000000007,3044.093123255816,3.055954427048033e-5,3.889234168,120.69660520553589,118.79112004800001,117.25225298399997,238,234,865,1096,1166,952,1254,304.0,1254,304
dd_w070,mcp4-n090-r14-06,166.7216925035658,3399.333466666667,3399.333466666667,0.0,3.603925408,163.1177670955658,160.69174768400003,158.93149112700007,268,257,1073,1073,1143,929,1254,327.0,1254,327
dd_w070,mcp4-n090-r14-07,124.84347735368836,2659.6668333333346,2659.6668333333346,0.0,3.48379837,121.35967898368835,115.22286084399997,113.52142252899999,247,243,6000,1090,1161,946,1258,315.0,1258,315
dd_w070,mcp4-n090-r14-08,160.35564277555602,2623.500133333331,2623.500133333331,0.0,4.398157815,155.95748496055603,152.91478171499992,151.229654137,285,274,1438,1088,1159,944,1291,358.0,1291,358
dd_w070,mcp4-n090-r14-09,182.24656692129577,2984.0001999999995,2984.0001999999995,0.0,4.01343289,178.23313403129578,174.19400532199998,171.79290647999997,332,322,1540,1099,1169,955,1346,394.0,1345,392
dd_w070,mcp4-n090-r14-10,129.99391326223974,2664.0001000000007,2664.0001000000007,0.0,3.760256379,126.23365688323975,123.89704532,122.13334190000005,288,278,1157,1066,1137,922,1269,350.0,1269,350
dd_w070,mcp4-n090-r16-01,98.93745324052735,2082.3334666666674,2082.3334666666674,0.0,3.319327325,95.61812591552734,94.19212847700003,92.33027195599999,245,237,852,1091,1154,947,1256,317.0,1255,314
dd_w070,mcp4-n090-r16-02,78.21839311831079,2594.0001500000017,2594.0001500000017,0.0,3.000373156,75.21801996231079,74.19227967199998,72.67763176700001,234,227,576,1071,1136,927,1225,303.0,1225,303
dd_w070,mcp4-n090-r16-03,68.8970110942821,2573.333466666667,2573.333466666667,0.0,2.893350177,66.0036609172821,63.74569955900002,62.649945461999984,174,170,1276,1088,1153,944,1186,256.0,1186,256
dd_w070,mcp4-n090-r16-04,115.50443188705066,2174.0001400000037,2174.0001400000037,0.0,3.229731007,112.27470088005066,103.56659829300007,102.28230633500006,224,212,8312,1069,1132,925,1208,288.0,1208,288
dd_w070,mcp4-n090-r16-05,55.84239230462732,2710.0001499999994,2710.0001499999994,0.0,2.193949321,53.64844298362732,51.46140493700001,50.46201957900003,157,154,1541,1059,1123,915,1139,229.0,1139,229
dd_w070,mcp4-n090-r16-06,15.926729755208619,2677.0001,2677.0001,0.0,3.199943857,12.726785898208618,12.318895858000001,12.089988974,35,32,67,1070,1132,926,1026,102.0,1026,102
dd_w070,mcp4-n090-r16-07,72.8732877305597,2343.0001500000008,2343.0001500000008,0.0,2.334456735,70.53883099555969,69.93446669299998,68.70665102400001,210,201,198,1075,1138,931,1202,277.0,1202,277
dd_w070,mcp4-n090-r16-08,79.0677837591062,2537.0001,2537.0001,0.0,1.974373744,77.0934100151062,76.45281550499998,75.09869322899995,223,216,166,1100,1163,956,1242,290.0,1241,288
dd_w070,mcp4-n090-r16-09,63.3188138421001,2431.0001999999977,2431.0001999999977,0.0,3.646136802,59.6726770401001,57.44924199000001,56.483937306,162,154,968,1088,1154,944,1170,232.0,1170,232
dd_w070,mcp4-n090-r16-10,125.76765985696069,2754.000100000004,2754.062600000001,2.2694262065303276e-5,2.277492716,123.4901671409607,122.11436167899993,119.91190439200003,292,281,825,1089,1155,945,1299,364.0,1299,364
dd_w070,mcp4-n100-r08-01,987.5921979010565,6727.000200000008,6727.000200000008,0.0,12.49007774,975.1021201610565,964.3367573970003,960.9360856890004,423,418,5058,1290,1415,1130,1618,492.0,1618,492
dd_w070,mcp4-n100-r08-02,1417.3201628118409,7489.764852941185,7489.764852941185,0.0,10.592331925,1406.7278308868408,1400.8846109330007,1396.452892213,498,490,2353,1282,1407,1122,1684,570.0,1683,567
dd_w070,mcp4-n100-r08-03,2323.6943112431186,7652.500150000007,7652.6262538461415,1.647877734891072e-5,11.757482153,2311.9368290901184,2303.105055878999,2298.231521266,564,553,2222,1279,1403,1119,1742,627.0,1742,627
dd_w070,mcp4-n100-r08-04,854.4836146096457,6973.6668,6973.6668,0.0,11.088597701,843.3950169086456,825.0241929010002,820.834942582,531,520,15272,1317,1440,1157,1746,592.0,1746,592
dd_w070,mcp4-n100-r08-05,574.8720267945362,7837.0001000000075,7837.000100000007,0.0,10.12702977,564.7449970245361,563.1779577679999,560.958564247,286,280,523,1278,1401,1118,1466,350.0,1466,350
dd_w070,mcp4-n100-r08-06,2019.0484695871896,6773.400140000007,6774.068099044513,9.861502800653237e-5,13.735135599,2005.3133339881897,1983.569332013001,1979.1077601960003,531,521,16164,1302,1427,1142,1736,602.0,1736,602
dd_w070,mcp4-n100-r08-07,1679.9589937618778,7155.000149999998,7155.000149999998,0.0,14.664232581,1665.2947611808777,1656.8051065990007,1652.3483164790005,578,571,3566,1271,1396,1111,1754,656.0,1754,656
dd_w070,mcp4-n100-r08-08,1430.9967634900506,7455.000166666672,7455.600300000015,8.050078067413256e-5,12.846844457,1418.1499190330505,1323.1432962879992,1318.3441342269994,588,577,64390,1261,1385,1101,1747,649.0,1747,649
dd_w070,mcp4-n100-r08-09,1102.506974776683,8006.000100000004,8006.000100000004,0.0,11.637478908,1090.8694958686829,1089.3960510280003,1087.0073957950003,291,281,513,1286,1409,1126,1475,351.0,1475,351
dd_w070,mcp4-n100-r08-10,513.9593680132157,7545.000100000012,7545.000100000012,0.0,11.260859989,502.6985080242157,501.66736407899987,500.044065911,194,188,363,1269,1392,1109,1365,258.0,1365,258
dd_w070,mcp4-n100-r10-01,639.629914256602,5748.000100000001,5748.000100000001,0.0,9.195861074,630.4340531826019,626.4449510230002,623.8258377719998,332,326,1692,1239,1340,1079,1476,402.0,1476,402
dd_w070,mcp4-n100-r10-02,884.7580900088867,5565.50015,5565.50015,0.0,8.946269025,875.8118209838867,861.1934180339993,856.9502987359997,518,509,7941,1271,1370,1111,1689,581.0,1689,581
dd_w070,mcp4-n100-r10-03,849.8445031137658,5742.000200000008,5742.000200000008,0.0,8.670008132,841.1744949817657,823.0262154359993,818.6822159470001,494,482,12588,1262,1360,1102,1652,552.0,1652,552
dd_w070,mcp4-n100-r10-04,410.0839259129822,5337.000100000005,5337.000100000005,0.0,8.962231825,401.1216940879822,393.906753426,391.9993893130001,236,231,4926,1279,1380,1119,1421,309.0,1421,309
dd_w070,mcp4-n100-r10-05,842.069615972036,5641.600120000003,5642.126485036652,9.330066389916731e-5,8.960142982,833.109472990036,763.3880584789993,758.2065517360007,602,586,47950,1284,1383,1124,1779,658.0,1779,658
dd_w070,mcp4-n100-r10-06,407.9645126779017,4740.285857142859,4740.285857142859,0.0,9.013508888,398.95100378990173,395.2544385510001,392.75091750799976,280,274,1220,1274,1372,1114,1456,344.0,1456,344
dd_w070,mcp4-n100-r10-07,700.0969424767624,4962.0001,4962.4001400000025,8.062071582833375e-5,9.621417336,690.4755251407623,671.8595036430003,667.7153757760001,471,462,12091,1272,1371,1112,1643,534.0,1643,534
dd_w070,mcp4-n100-r10-08,423.4664475458441,5207.200240000003,5207.200240000003,0.0,10.555053665,412.9113938808441,411.85240837599997,410.35751527300005,173,167,454,1282,1380,1122,1357,237.0,1357,237
dd_w070,mcp4-n100-r10-09,1166.7426252479406,5493.0001999999995,5493.0001999999995,0.0,9.87488414,1156.8677411079407,1152.1363267730003,1147.4063625930007,518,506,1629,1276,1374,1116,1690,576.0,1690,576
dd_w070,mcp4-n100-r10-10,446.848118168979,5179.0001,5179.0001,0.0,8.265673978,438.582444190979,436.9700437089999,434.5773172920003,320,310,716,1275,1373,1115,1493,380.0,1493,380
dd_w070,mcp4-n100-r12-01,109.88672884028882,4715.0001,4715.0001,0.0,6.090378838,103.79635000228882,103.212106026,102.165590653,125,121,103,1247,1330,1087,1277,193.0,1277,193
dd_w070,mcp4-n100-r12-02,228.94506341478186,4416.750150000002,4416.782177393081,7.2513481613310036e-6,8.234911504,220.71015191078186,219.43701740499986,217.67168039900002,228,220,562,1272,1355,1112,1402,294.0,1402,294
dd_w070,mcp4-n100-r12-03,599.7020608818091,4371.000099999999,4371.000099999999,0.0,6.41165084,593.2904100418091,581.886363724,577.733212355,560,552,6570,1254,1336,1094,1715,625.0,1715,625
dd_w070,mcp4-n100-r12-04,736.513276312805,4026.0001,4026.0001,0.0,8.465667222,728.047609090805,706.2840812230004,701.9497901500004,573,561,12092,1258,1341,1098,1731,644.0,1730,640
dd_w070,mcp4-n100-r12-05,330.5482035524847,4321.0001,4321.0001,0.0,7.141051615,323.40715193748474,317.316291935,314.7205426609998,392,384,3573,1265,1349,1105,1559,459.0,1559,459
dd_w070,mcp4-n100-r12-06,280.9374020763096,4808.000099999996,4808.000099999996,0.0,7.004309959,273.93309211730957,272.5110948889998,270.120747103,323,317,498,1256,1340,1096,1483,393.0,1483,393
dd_w070,mcp4-n100-r12-07,389.35286389562367,4274.000200000004,4274.000200000004,0.0,6.535766947,382.81709694862366,380.5180079049999,377.96544372999995,349,342,903,1268,1350,1108,1518,412.0,1518,412
dd_w070,mcp4-n100-r12-08,372.5546101160638,4097.000133333342,4097.000133333342,0.0,6.637454135,365.91715598106384,364.44751734199974,361.9178735519997,334,322,707,1250,1334,1090,1482,396.0,1482,396
dd_w070,mcp4-n100-r12-09,90.50147958619543,4716.0001,4716.0001,0.0,8.618320664,81.88315892219543,81.37391921500003,80.937113041,68,63,172,1249,1332,1089,1221,135.0,1221,135
dd_w070,mcp4-n100-r12-10,274.09383126864304,3990.0000999999993,3990.0000999999993,0.0,6.432514397,267.66131687164307,266.736388067,264.60917441699996,272,263,270,1265,1347,1105,1436,333.0,1436,333
dd_w070,mcp4-n100-r14-01,136.71294195622826,3127.0001,3127.0001,0.0,7.339638066,129.37330389022827,128.30410541299995,126.78419992499998,198,190,666,1244,1314,1084,1343,262.0,1343,262
dd_w070,mcp4-n100-r14-02,149.5640123319956,3279.0001,3279.0001,0.0,6.298346324,143.2656660079956,140.22699222599996,138.594232843,224,220,1307,1239,1310,1079,1368,293.0,1368,293
dd_w070,mcp4-n100-r14-03,272.23102226286403,3916.000100000001,3916.000100000001,0.0,5.511437321,266.719584941864,263.417503218,260.91288839900005,327,315,1750,1246,1316,1086,1469,385.0,1469,385
dd_w070,mcp4-n100-r14-04,255.26209430129603,3715.0001000000007,3715.0001000000007,0.0,3.839943451,251.42215085029602,247.94638846399994,245.9333930109997,287,278,1866,1252,1322,1092,1439,350.0,1439,350
dd_w070,mcp4-n100-r14-05,231.4358700000493,3551.0001000000047,3551.0001000000047,0.0,4.119706937,227.31616306304932,224.6095560939998,221.72579313799997,378,370,877,1247,1318,1087,1526,443.0,1526,443
dd_w070,mcp4-n100-r14-06,292.7010387010264,3210.00015,3210.00015,0.0,7.384878499,285.31616020202637,280.4462205849998,278.1707603630001,346,337,2344,1230,1301,1070,1477,411.0,1477,411
dd_w070,mcp4-n100-r14-07,244.07107014308656,3198.0002000000004,3198.0002000000004,0.0,5.57730312,238.49376702308655,236.89178856100006,234.067768151,376,363,694,1270,1341,1110,1545,442.0,1545,442
dd_w070,mcp4-n100-r14-08,146.28116974113158,3560.0001,3560.0001,0.0,4.485088675,141.7960810661316,140.75532442299996,139.51849442299996,185,175,569,1260,1331,1100,1344,247.0,1344,247
dd_w070,mcp4-n100-r14-09,210.25374246587475,3627.7501624999977,3627.832918391515,2.2811904847397614e-5,4.652964363,205.60077810287476,174.91216182699995,172.69833718800007,336,332,21495,1240,1311,1080,1482,406.0,1482,406
dd_w070,mcp4-n100-r14-10,135.0078626764458,3540.6001399999996,3540.6001399999996,0.0,5.966666807,129.0411958694458,127.27157282599998,126.01879026500004,183,179,740,1240,1313,1080,1330,256.0,1330,256
dd_w070,mcp4-n100-r16-01,68.82203844933032,3241.000100000002,3241.000100000002,0.0,3.429938592,65.39209985733032,64.40751259800001,63.359071375,150,147,620,1251,1313,1091,1308,221.0,1308,221
dd_w070,mcp4-n100-r16-02,171.17261053076587,2910.0001500000008,2910.0001500000008,0.0,4.090130577,167.08247995376587,165.72313108899996,163.60538842800008,291,284,721,1221,1284,1061,1417,362.0,1417,362
dd_w070,mcp4-n100-r16-03,96.12143654186853,3159.0001000000007,3159.0001000000007,0.0,3.288829511,92.83260703086853,92.153154838,90.79221817499997,193,189,217,1238,1299,1078,1336,261.0,1336,261
dd_w070,mcp4-n100-r16-04,170.3685571496626,3067.0001,3067.0001,0.0,4.828082258,165.5404748916626,164.5790758499999,162.940108332,229,220,357,1212,1274,1052,1343,297.0,1343,297
dd_w070,mcp4-n100-r16-05,98.00879465739136,2811.0000999999997,2811.0000999999997,0.0,5.184755675,92.82403898239136,91.89048479600002,90.66629358599997,180,173,438,1199,1261,1039,1281,245.0,1281,245
dd_w070,mcp4-n100-r16-06,40.92965420083972,2984.000099999999,2984.000099999999,0.0,4.326813062,36.60284113883972,36.11971326299999,35.550110167,70,67,104,1207,1270,1047,1185,146.0,1185,146
dd_w070,mcp4-n100-r16-07,61.61152175397717,2678.0001000000057,2678.0001000000057,0.0,5.437914643,56.17360711097717,55.52711248,54.78907164499998,107,104,218,1232,1296,1072,1249,192.0,1249,192
dd_w070,mcp4-n100-r16-08,214.02137383067162,3016.0002000000004,3016.012004761906,3.914045465166294e-6,4.334932886,209.68644094467163,190.892745897,188.50791167700004,337,330,13585,1210,1272,1050,1452,410.0,1452,410
dd_w070,mcp4-n100-r16-09,197.49581902223474,2889.0001600000032,2889.0001600000032,0.0,4.913374116,192.58244490623474,191.23699318099995,189.2807647490001,276,267,658,1226,1287,1066,1401,337.0,1401,337
dd_w070,mcp4-n100-r16-10,139.69722000188025,2992.000099999999,2992.000099999999,0.0,3.533993159,136.16322684288025,135.326042126,133.56213962299998,261,252,232,1244,1307,1084,1410,335.0,1409,333
dd_w070,mcp4-n110-r08-01,3746.817384080194,7186.000100000005,14849.240628738351,1.0664125274279277,21.2072161,3725.610167980194,3711.330371167999,3706.8235190309983,633,623,8163,1224,1352,1050,1742,695.0,1742,695
dd_w070,mcp4-n110-r08-02,2729.5239776216686,7522.000099999999,7522.000099999999,0.0,23.105738505,2706.4182391166687,2697.417538621,2693.7320835839982,433,425,3887,1213,1341,1039,1532,495.0,1532,495
dd_w070,mcp4-n110-r08-03,2385.6461430367435,8261.00015,8261.734126745912,8.884841212749695e-5,21.334069806,2364.3120732307434,2232.3086982920013,2228.248937166998,521,517,103612,1221,1349,1047,1634,591.0,1634,591
dd_w070,mcp4-n110-r08-04,2178.258060104103,8120.000099999994,8120.000099999994,0.0,20.766618139,2157.491441965103,2155.532465401,2153.817184479,261,252,998,1207,1337,1033,1355,326.0,1355,326
dd_w070,mcp4-n110-r08-05,3495.8233757873986,7733.333500000004,7733.333500000004,0.0,23.013942804,3472.8094329833984,3436.286469355003,3432.557817197,525,516,23781,1207,1335,1033,1618,588.0,1618,588
dd_w070,mcp4-n110-r08-06,4235.69971151813,8346.66680000001,9098.345786267606,0.09005738509504119,24.797060685,4210.90265083313,4205.480335238,4202.524653903998,485,475,2584,1208,1337,1034,1578,547.0,1578,547
dd_w070,mcp4-n110-r08-07,4252.621231349683,6076.000100000007,13478.135144076949,1.2182578871381082,28.859157356,4223.762073993683,4154.460839265996,4151.040476830998,527,519,24726,1224,1352,1050,1637,589.0,1637,589
dd_w070,mcp4-n110-r08-08,953.4051420293722,8720.333499999999,8720.333499999999,0.0,23.892556151,929.5125858783722,928.1222553150002,927.0335817480003,168,164,541,1203,1331,1029,1261,234.0,1261,234
dd_w070,mcp4-n110-r08-09,3677.8674191777345,8343.0002,11003.189141531948,0.3188527960879046,24.981263334,3652.8861558437347,3460.917545093,3457.437262576001,541,536,156848,1205,1334,1031,1636,608.0,1636,608
dd_w070,mcp4-n110-r08-10,2880.955927204606,7896.000200000002,7896.000200000001,0.0,23.725684237,2857.2302429676056,2830.4117899199987,2826.235216714001,601,588,15071,1198,1326,1024,1680,658.0,1680,658
dd_w070,mcp4-n110-r10-01,1712.3556218585534,5975.0000999999975,5975.0000999999975,0.0,14.752930685,1697.6026911735535,1695.2338515620008,1691.9767239249998,439,431,1033,1211,1311,1037,1537,503.0,1537,503
dd_w070,mcp4-n110-r10-02,1165.460293195569,5588.000099999999,5588.000099999999,0.0,15.475151203,1149.985141992569,1143.5449594220006,1140.8647983660003,376,369,3934,1181,1283,1007,1447,445.0,1447,445
dd_w070,mcp4-n110-r10-03,1629.9999197223372,6293.20014,6293.262986597944,9.98642924843826e-6,14.938395808,1615.0615239143372,1490.8481405819994,1485.207189887,775,768,80377,1186,1287,1012,1853,851.0,1853,851
dd_w070,mcp4-n110-r10-04,1534.081879231996,5736.000100000011,5736.487279487183,8.493366085741304e-5,14.686008308,1519.395870923996,1464.4012329279994,1460.0750920309988,635,627,41484,1218,1318,1044,1739,697.0,1739,697
dd_w070,mcp4-n110-r10-05,1820.572901389678,6081.666800000001,6082.000099999999,5.4804054703953314e-5,15.413429401,1805.159471988678,1799.055758692001,1795.7582094809993,535,522,3267,1199,1301,1025,1619,600.0,1619,600
dd_w070,mcp4-n110-r10-06,1125.0585699478609,6171.000100000003,6171.000100000003,0.0,11.938999931,1113.119570016861,1099.2084559319999,1096.614853957,397,393,10260,1200,1302,1026,1489,467.0,1489,467
dd_w070,mcp4-n110-r10-07,1755.3159739120858,6631.000100000001,6631.000100000001,0.0,14.772287999,1740.543685913086,1723.4220888849968,1719.791426578999,595,583,11652,1187,1287,1013,1665,655.0,1665,655
dd_w070,mcp4-n110-r10-08,1083.1713674836526,6140.00015,6140.00015,0.0,17.386441546,1065.7849259376526,1060.7517509530005,1057.359879983,517,512,2363,1210,1310,1036,1617,584.0,1617,584
dd_w070,mcp4-n110-r10-09,1464.5054643931787,6376.000149999996,6376.000149999996,0.0,16.21351226,1448.2919521331787,1420.2986316220004,1417.932657951001,390,384,21190,1228,1328,1054,1506,454.0,1506,454
dd_w070,mcp4-n110-r10-10,2407.0786109529195,6065.000139999998,6065.48536642868,8.000435572651553e-5,16.889489945,2390.1891210079193,2214.655903899001,2208.8732402869996,835,824,142659,1224,1325,1050,1943,896.0,1943,896
dd_w070,mcp4-n110-r12-01,801.7994025605763,5279.500149999998,5279.663519752826,3.0944170505942326e-5,8.323443498,793.4759590625763,773.1608646279998,770.5249775850004,382,373,17335,1183,1265,1009,1452,447.0,1452,447
dd_w070,mcp4-n110-r12-02,1080.2951407480641,4376.000099999998,4376.000099999998,0.0,12.105201726,1068.1899390220642,1065.2391141719995,1061.2422352499998,566,557,896,1196,1280,1022,1650,633.0,1650,633
dd_w070,mcp4-n110-r12-03,159.52941565728088,5184.0001000000075,5184.000100000008,0.0,11.763807585,147.76560807228088,147.119464732,146.615883072,64,62,205,1183,1267,1009,1141,137.0,1141,137
dd_w070,mcp4-n110-r12-04,384.8776630112042,4269.000099999999,4269.000099999999,0.0,11.521929855,373.3557331562042,371.91580756500014,369.78318254799996,298,288,600,1176,1259,1002,1360,362.0,1360,362
dd_w070,mcp4-n110-r12-05,461.29883042682997,4786.500149999998,4786.830614375209,6.904092026630254e-5,13.356271423,447.94255900382996,365.2472940160001,363.416490294,289,284,75615,1175,1258,1001,1356,360.0,1356,360
dd_w070,mcp4-n110-r12-06,717.9835778094209,4867.666800000004,4867.935842647573,5.52713771553184e-5,12.118581853,705.8649959564209,694.0388028189998,691.0177405019998,411,404,8842,1207,1289,1033,1506,477.0,1506,477
dd_w070,mcp4-n110-r12-07,773.5855055997691,5195.500150000009,5195.559522750422,1.1427725666195271e-5,11.426884527,762.1586210727692,751.43066338,748.6401204650007,392,384,6947,1199,1281,1025,1477,454.0,1477,454
dd_w070,mcp4-n110-r12-08,720.356433278193,4649.555699999999,4649.555699999999,0.0,13.312661296,707.043771982193,703.729424896,701.4378360089997,327,320,1640,1179,1261,1005,1393,390.0,1393,390
dd_w070,mcp4-n110-r12-09,575.2315907676813,4766.000166666664,4766.000166666664,0.0,11.560430785,563.6711599826813,562.1262284689999,559.9039174759998,323,313,687,1199,1281,1025,1408,388.0,1408,388
dd_w070,mcp4-n110-r12-10,479.10656157130273,4922.0001,4922.0001,0.0,12.407346636,466.69921493530273,465.4960795079999,463.7273972109998,265,258,499,1198,1281,1024,1351,330.0,1351,330
dd_w070,mcp4-n110-r14-01,351.0942841403811,4101.8001799999965,4101.8001799999965,0.0,6.482389056,344.6118950843811,331.7448633179998,329.5379595390002,298,294,11737,1181,1251,1007,1370,366.0,1370,366
dd_w070,mcp4-n110-r14-02,498.32979545408216,4067.0001333333266,4067.0001333333266,0.0,9.275440548,489.05435490608215,486.32721764299987,483.66766901100016,421,409,1129,1160,1229,986,1466,485.0,1465,483
dd_w070,mcp4-n110-r14-03,348.15309738314147,4554.000099999999,4554.000099999999,0.0,7.83562421,340.3174731731415,336.40503089300023,334.0371361779998,373,363,1634,1174,1245,1000,1434,439.0,1434,439
dd_w070,mcp4-n110-r14-04,480.9285873535483,4383.0001,4383.0001,0.0,6.873374379,474.05521297454834,472.887066182,470.35357797200027,389,371,386,1156,1226,982,1424,448.0,1424,448
dd_w070,mcp4-n110-r14-05,770.1369482516302,3578.0001000000016,3578.0001000000016,0.0,9.40780344,760.7291448116302,748.307304119,743.1288076259998,728,721,6632,1194,1264,1020,1811,797.0,1811,797
dd_w070,mcp4-n110-r14-06,482.52878296700686,3597.000200000002,3597.000200000002,0.0,10.642562035,471.88622093200684,468.8527686789999,467.2453029830002,231,222,1211,1200,1269,1026,1317,295.0,1317,295
dd_w070,mcp4-n110-r14-07,509.5216515249387,4315.166800000001,4315.271164350952,2.4185473189836594e-5,8.689482469,500.8321690559387,492.1754906550001,489.39268142299983,404,396,5413,1192,1263,1018,1485,473.0,1485,473
dd_w070,mcp4-n110-r14-08,590.1603715267747,4166.6668,4167.0331274354385,8.791858169184699e-5,7.888738617,582.2716329097748,543.6447241009996,539.939248282,594,586,32361,1156,1225,982,1637,658.0,1637,658
dd_w070,mcp4-n110-r14-09,363.8829368953042,4067.0001999999977,4067.3878665106304,9.532001267978753e-5,7.655089796,356.2278470993042,330.4124647979998,327.13227140599963,504,500,16205,1181,1252,1007,1577,577.0,1577,577
dd_w070,mcp4-n110-r14-10,464.62232497040793,3643.000199999996,3643.000199999996,0.0,10.999829796,453.62249517440796,446.064204653,443.62424555700017,367,361,6883,1201,1271,1027,1459,438.0,1459,438
dd_w070,mcp4-n110-r16-01,231.54439199748646,3365.0001,3365.0001,0.0,5.261387952,226.28300404548645,218.1388042780001,216.10095469600003,332,329,5811,1169,1232,995,1398,418.0,1398,418
dd_w070,mcp4-n110-r16-02,420.03486053274366,3295.0001,3295.0001,0.0,6.098223608,413.93663692474365,412.6582281559996,410.22384991400014,388,378,534,1164,1224,990,1438,453.0,1438,453
dd_w070,mcp4-n110-r16-03,235.14296416392713,3681.0002,3681.0002,0.0,6.221711198,228.92125296592712,215.59658141600005,213.8986550960001,264,259,12506,1189,1249,1015,1343,331.0,1343,331
dd_w070,mcp4-n110-r16-04,202.8946796390425,3299.3335000000006,3299.3335000000006,0.0,7.341690633,195.55298900604248,194.69227276200002,193.65049250499996,178,173,305,1198,1258,1024,1267,247.0,1267,247
dd_w070,mcp4-n110-r16-05,63.557833377504885,3513.0000999999984,3513.0000999999984,0.0,5.042145435,58.51568794250488,58.10192537199998,57.675104600999994,75,71,175,1155,1218,981,1124,149.0,1124,149
dd_w070,mcp4-n110-r16-06,485.2783012886459,3310.5001500000008,3310.571528571429,2.156126512434695e-5,5.659111311,479.6191899776459,419.01234008800003,415.3790933870001,644,632,34298,1177,1237,1003,1710,719.0,1710,719
dd_w070,mcp4-n110-r16-07,494.3876771192882,3346.0001000000007,3346.0098034125017,2.900003649443873e-6,5.666408227,488.7212688922882,480.0126085899997,477.606519763,398,389,6180,1198,1259,1024,1485,471.0,1484,467
dd_w070,mcp4-n110-r16-08,289.55213662249486,3322.00015,3322.00015,0.0,5.338872634,284.2132639884949,277.65302897300006,275.8587688320001,291,286,5040,1163,1224,989,1346,363.0,1346,363
dd_w070,mcp4-n110-r16-09,277.7213905296232,3576.0000999999993,3576.0000999999993,0.0,6.460061594,271.26132893562317,267.80218407,265.714440632,335,328,1584,1191,1254,1017,1418,411.0,1418,411
dd_w070,mcp4-n110-r16-10,42.31287613144666,3257.0001,3257.0001,0.0,7.613051083,34.699825048446655,34.134340804,33.862185106999995,50,47,128,1184,1243,1010,1125,117.0,1125,117
dd_w070,mcp4-n120-r08-01,3796.6273064964985,7644.000100000001,28267.624381295343,2.6980146535182987,36.78560332,3759.8417031764984,3757.936030901997,3753.779871324001,507,501,477,1309,1442,1119,1689,573.0,1689,573
dd_w070,mcp4-n120-r08-02,3603.9629840528632,8817.66683333333,16394.003331926648,0.8592223591338898,37.832152096,3566.1308319568634,3530.2973829219986,3524.2860274309996,660,655,17768,1326,1461,1136,1862,731.0,1862,731
dd_w070,mcp4-n120-r08-03,3794.6483907842926,6760.285900000002,18270.27528522561,1.7025891442291816,35.097302928,3759.5510878562927,3746.211529319,3741.196951131999,584,577,5511,1333,1466,1143,1788,647.0,1788,647
dd_w070,mcp4-n120-r08-04,3634.6546748489895,7537.800180000001,18131.797023262014,1.4054494136593059,39.214474997,3595.4401998519897,3590.6549150819988,3586.857008665997,479,470,2029,1339,1473,1149,1688,542.0,1688,542
dd_w070,mcp4-n120-r08-05,3658.9080632005393,8514.909236363625,15706.72716422018,0.8446147490502073,35.252504376,3623.655558824539,3613.3267325520033,3606.8422159990014,848,843,4165,1320,1454,1130,2046,924.0,2046,924
dd_w070,mcp4-n120-r08-06,3637.200624164621,5202.000200000002,18768.976286728783,2.608030673802891,41.183197197,3596.017426967621,3589.3047490140025,3584.8095168200034,586,581,2386,1307,1441,1117,1767,653.0,1767,653
dd_w070,mcp4-n120-r08-07,3603.574941177516,7603.562643749998,17125.36006319814,1.2522810510774052,46.110355158,3557.464586019516,3541.149589294003,3536.8729874579985,559,554,7835,1321,1455,1131,1755,628.0,1755,628
dd_w070,mcp4-n120-r08-08,3606.577192260329,7633.500149999993,16667.61374850907,1.183482468197644,45.032520248,3561.544672012329,3548.027686383997,3544.685392872002,448,441,6404,1323,1458,1133,1644,515.0,1644,515
dd_w070,mcp4-n120-r08-09,3997.235741836439,5490.000216666673,16986.773936835387,2.094129921027423,52.635890705,3944.599851131439,3934.5068260219996,3930.196210602999,550,544,3345,1353,1486,1163,1776,616.0,1776,616
dd_w070,mcp4-n120-r08-10,3633.575700845675,6125.000166666667,16708.543884340663,1.7279254579079868,29.771666851,3603.8040339946747,3594.767297902999,3589.7156489379977,665,658,3580,1329,1463,1139,1866,730.0,1866,730
dd_w070,mcp4-n120-r10-01,3058.727998555196,6709.500149999997,6710.104411481176,9.006058091802602e-5,23.380868495,3035.347130060196,2504.2290945610025,2497.8730229609996,748,744,342993,1299,1402,1109,1921,814.0,1921,814
dd_w070,mcp4-n120-r10-02,3969.3639542921933,7276.000100000001,11527.809653504613,0.5843608431924859,25.128994213,3944.234960079193,3899.8053645750015,3893.433786846002,759,747,22928,1305,1409,1115,1931,820.0,1931,820
dd_w070,mcp4-n120-r10-03,3430.3286549459035,7147.000149999995,7147.401097700935,5.6100138872876464e-5,26.888735951,3403.4399189949036,3350.662009794003,3345.796593062,576,570,32655,1326,1430,1136,1776,646.0,1776,646
dd_w070,mcp4-n120-r10-04,2977.440734880253,7145.333466666669,7145.857242857171,7.330325350738219e-5,23.22434284,2954.2163920402527,2937.525272770002,2932.249655597002,648,635,10504,1305,1409,1115,1820,710.0,1820,710
dd_w070,mcp4-n120-r10-05,1223.908876975582,6967.000099999998,6967.000099999998,0.0,25.784967979,1198.123908996582,1195.9106196070009,1193.8073085790008,260,251,1337,1321,1425,1131,1451,323.0,1451,323
dd_w070,mcp4-n120-r10-06,1570.0716007308615,7058.000100000002,7058.000100000002,0.0,25.943137701,1544.1284630298615,1540.1011146229998,1537.5759591970004,355,351,1070,1286,1390,1096,1516,423.0,1516,423
dd_w070,mcp4-n120-r10-07,1048.9487616713338,7019.000099999989,7019.000099999989,0.0,28.056910723,1020.8918509483337,1018.014472417,1015.7771476560006,295,289,993,1298,1401,1108,1466,361.0,1466,361
dd_w070,mcp4-n120-r10-08,2562.6706670745507,7300.000100000002,7300.000100000002,0.0,23.989175938,2538.681491136551,2536.224063751999,2533.355658932,371,363,745,1304,1407,1114,1545,433.0,1545,433
dd_w070,mcp4-n120-r10-09,3600.4691154270554,5596.2001400000045,11385.302506696928,1.034470215837727,25.810126236,3574.6589891910553,3522.5949148709988,3515.5946098209984,867,858,26267,1316,1420,1126,2054,932.0,2054,932
dd_w070,mcp4-n120-r10-10,3602.666385937576,5748.200159999997,11476.12086351823,0.9964720336944977,25.558913041,3577.107472896576,3556.3619292540047,3551.0071770970003,695,691,11107,1315,1418,1125,1884,761.0,1884,761
dd_w070,mcp4-n120-r12-01,446.3453746971178,5697.000100000006,5697.000100000006,0.0,15.624251717,430.7211229801178,429.852082831,428.51621110899976,143,139,307,1315,1400,1125,1334,213.0,1334,213
dd_w070,mcp4-n120-r12-02,1386.9038352826758,5520.000200000001,5520.293159125972,5.307230350658508e-5,18.113483415,1368.7903518676758,1364.0085680100008,1360.416506092999,411,403,1971,1324,1408,1134,1608,480.0,1608,480
dd_w070,mcp4-n120-r12-03,506.2927693417151,5226.000149999997,5226.000149999997,0.0,18.03360024,488.2591691017151,487.299724123,485.91922172700004,176,169,335,1289,1375,1099,1339,245.0,1339,245
dd_w070,mcp4-n120-r12-04,1892.6010140600263,5197.000149999999,5197.000149999999,0.0,18.618838233,1873.9821758270264,1804.8399828949994,1799.4988687100004,627,620,54873,1288,1371,1098,1787,692.0,1787,692
dd_w070,mcp4-n120-r12-05,2746.2173887616846,5477.000099999997,5477.000099999997,0.0,19.17711891,2727.0402698516846,2687.277001335999,2680.200635801,875,866,26595,1289,1373,1099,2040,955.0,2040,955
dd_w070,mcp4-n120-r12-06,2242.408296139491,5150.300150000003,5150.333433333339,6.462406532933881e-6,18.869910033,2223.538386106491,2203.780905602,2197.9750911880005,725,712,10976,1304,1387,1114,1897,790.0,1897,790
dd_w070,mcp4-n120-r12-07,2069.482942588896,5552.000100000006,5552.000100000006,0.0,19.195513733,2050.287428855896,2046.7356332539994,2042.2045565969995,521,511,1117,1282,1366,1092,1673,585.0,1673,585
dd_w070,mcp4-n120-r12-08,2425.962856721819,5772.666799999983,5772.80436444293,2.3830310619560367e-5,19.065771532,2406.8970851898193,2328.627688202001,2322.501752485001,818,808,43391,1307,1390,1117,1994,880.0,1994,880
dd_w070,mcp4-n120-r12-09,1590.8018741850733,5736.000100000005,5736.000100000005,0.0,19.075562263,1571.7263119220734,1551.1557459139995,1546.0031149130004,675,669,13598,1298,1383,1108,1848,745.0,1848,745
dd_w070,mcp4-n120-r12-10,2367.918837184027,5593.000100000001,5593.44937000845,8.032719478214836e-5,18.851378316,2349.0674588680267,2259.850257557,2254.637507698997,617,607,59798,1293,1376,1103,1779,679.0,1779,679
dd_w070,mcp4-n120-r14-01,103.93416018052686,4963.0001000000075,4963.000100000008,0.0,14.901099153,89.03306102752686,88.52753200900001,88.13425322699999,51,48,100,1254,1323,1064,1180,118.0,1180,118
dd_w070,mcp4-n120-r14-02,1441.771894747114,4841.000150000002,4841.460099999999,9.501135834454816e-5,11.879946524,1429.891948223114,1376.0291038529997,1368.3971566860002,1016,1010,29150,1287,1359,1097,2180,1090.0,2180,1090
dd_w070,mcp4-n120-r14-03,627.9262037103208,4269.333466666671,4269.626965671651,6.874586098093755e-5,15.372556669,612.5536470413208,609.6948358910003,606.7302836259997,352,345,1317,1289,1358,1099,1514,419.0,1514,419
dd_w070,mcp4-n120-r14-04,1094.4909079653385,4003.00015,4003.00015,0.0,18.732346831,1075.7585611343384,1072.1277040140005,1069.1802748279993,370,359,1570,1279,1349,1089,1518,433.0,1518,433
dd_w070,mcp4-n120-r14-05,120.32036497196778,4559.000100000007,4559.000100000007,0.0,13.706131955,106.61423301696777,106.12688796500001,105.76794441499999,60,57,118,1251,1324,1061,1190,135.0,1190,135
dd_w070,mcp4-n120-r14-06,1535.5981738031223,4695.000120000008,4695.029132714918,6.179491835688246e-6,14.480825609,1521.1173481941223,1456.9168989009988,1451.276604721,680,670,47435,1314,1383,1124,1863,742.0,1863,742
dd_w070,mcp4-n120-r14-07,1488.7630206799402,4324.333466666666,4324.7001214387,8.478873677535381e-5,14.486203835,1474.2768168449402,1384.2861727020006,1379.061058257003,713,704,50563,1273,1342,1083,1857,778.0,1857,778
dd_w070,mcp4-n120-r14-08,608.3150728575837,4333.000200000001,4333.000200000001,0.0,12.739139878,595.5759329795837,594.4138933679999,592.8296866319998,193,185,434,1262,1334,1072,1328,261.0,1328,261
dd_w070,mcp4-n120-r14-09,958.2028601507008,4077.0001,4077.0001,0.0,14.215042148,943.9878180027008,941.5326802789994,938.3233548739994,429,420,915,1304,1373,1114,1603,493.0,1603,493
dd_w070,mcp4-n120-r14-10,719.8882233977495,4344.000099999999,4344.000099999999,0.0,12.409323442,707.4788999557495,705.2126927350007,701.8898883530001,416,408,677,1280,1350,1090,1567,480.0,1567,480
dd_w070,mcp4-n120-r16-01,214.27313324422718,3533.0001000000075,3533.0001000000075,0.0,10.102944102,204.17018914222717,203.288134298,201.96128493200004,177,171,323,1271,1330,1081,1323,249.0,1323,249
dd_w070,mcp4-n120-r16-02,826.6657111597152,4065.0001500000017,4065.0001500000017,0.0,9.875510211,816.7902009487152,813.7048286260003,809.6587986720001,535,522,1215,1268,1327,1078,1669,594.0,1669,594
dd_w070,mcp4-n120-r16-03,751.1132362032606,4025.40014,4025.40014,0.0,7.522352233,743.5908839702606,737.1210687559998,732.9210212259999,581,567,2656,1261,1322,1071,1710,646.0,1710,646
dd_w070,mcp4-n120-r16-04,781.3397419371629,3979.0001,3979.222355555557,5.585713746445623e-5,12.146383039,769.1933588981628,751.5813928320003,747.4617001009999,524,518,11620,1265,1325,1075,1663,593.0,1663,593
dd_w070,mcp4-n120-r16-05,832.0244967867623,3748.0001,3748.0001,0.0,9.679612868,822.3448839187622,818.4456597880006,814.0372277819997,535,524,1420,1287,1345,1097,1695,607.0,1695,607
dd_w070,mcp4-n120-r16-06,470.9350073753346,3716.0001500000008,3716.0001500000008,0.0,12.931402248,458.0036051273346,455.2604989739999,452.970304836,300,295,1313,1287,1346,1097,1461,367.0,1461,367
dd_w070,mcp4-n120-r16-07,525.5036752528924,3743.5002,3743.5002000000004,0.0,10.55757621,514.9460990428925,513.1918950309997,510.5356495739998,338,331,639,1300,1359,1110,1512,412.0,1511,408
dd_w070,mcp4-n120-r16-08,685.7111306921754,3480.333466666667,3480.333466666667,0.0,13.555866553,672.1552641391754,669.7916654500001,666.8234026960008,421,414,1099,1279,1340,1089,1576,498.0,1576,498
dd_w070,mcp4-n120-r16-09,748.1700054907118,3623.000100000007,3623.000100000007,0.0,9.660805633,738.5091998577118,733.3291476090004,729.6639877849994,478,469,2896,1248,1309,1058,1598,545.0,1598,545
dd_w070,mcp4-n120-r16-10,1052.2258510531979,3788.00013333333,3788.00013333333,0.0,12.831212038,1039.3946390151978,1002.2496378810006,997.3202743329996,684,673,24414,1246,1305,1056,1800,749.0,1800,749
dd_w100,mcp4-n070-r08-01,65.02207092673108,4283.000133333333,4283.000133333333,0.0,3.355932993,61.66613793373108,60.44192203699999,58.76466500899999,160,153,560,1454,1594,1342,1596,261.0,1596,261
dd_w100,mcp4-n070-r08-02,57.798326551355835,4517.500149999997,4517.500149999997,0.0,3.262367546,54.535959005355835,48.076118828000006,46.95342480100001,105,102,4632,1413,1555,1301,1506,220.0,1506,220
dd_w100,mcp4-n070-r08-03,107.75865344974792,3691.0002000000004,3691.0002000000004,0.0,3.33746438,104.42118906974792,74.58074339799997,72.53801789600003,224,218,18104,1435,1573,1323,1640,320.0,1640,320
dd_w100,mcp4-n070-r08-04,56.197052365569334,4690.000100000007,4690.020200502514,4.285821338761905e-6,2.441080457,53.755971908569336,53.08286299700001,52.151380631999984,106,99,192,1400,1541,1288,1490,209.0,1490,209
dd_w100,mcp4-n070-r08-05,82.29552107417456,3845.000100000004,3845.000100000004,0.0,3.625057989,78.67046308517456,73.67904085299999,71.87331591599997,169,163,2594,1495,1634,1383,1646,268.0,1646,268
dd_w100,mcp4-n070-r08-06,117.39110861435583,4825.000150000002,4825.000150000002,0.0,3.245774609,114.14533400535583,109.32162218199997,106.81512916400004,248,236,2509,1449,1586,1337,1671,336.0,1671,336
dd_w100,mcp4-n070-r08-07,62.592237825124634,3732.0001000000007,3732.0001000000007,0.0,3.873565788,58.718672037124634,57.81395403900001,56.26245576399999,139,132,258,1484,1621,1372,1602,232.0,1602,232
dd_w100,mcp4-n070-r08-08,64.52929427881202,4167.000099999999,4167.000099999999,0.0,3.671854284,60.85743999481201,58.173914493,56.657532311,151,145,741,1456,1596,1344,1592,257.0,1592,257
dd_w100,mcp4-n070-r08-09,101.09287570960181,4190.000099999998,4190.0001999999995,2.3866348144422805e-8,3.240635624,97.8522400856018,87.91160879999997,85.49743182700003,223,219,5795,1501,1639,1389,1709,325.0,1709,325
dd_w100,mcp4-n070-r08-10,56.85083599779895,4291.0001,4291.0001,0.0,3.005209882,53.84562611579895,52.56633047599999,51.020392355000006,150,142,648,1453,1590,1341,1582,244.0,1582,244
dd_w100,mcp4-n070-r10-01,32.375356357922364,3716.0002,3716.0002,0.0,1.8030173,30.572339057922363,29.589056069000005,28.264800291999993,126,121,482,1385,1511,1273,1499,245.0,1499,245
dd_w100,mcp4-n070-r10-02,44.90375336850562,3023.000149999999,3023.000149999999,0.0,2.516327469,42.387425899505615,41.33589231799999,40.18650039500001,117,107,568,1408,1530,1296,1505,218.0,1505,218
dd_w100,mcp4-n070-r10-03,42.01128808927624,3403.0000999999997,3403.0000999999997,0.0,2.657312078,39.353976011276245,36.48093414100001,35.11549241199999,143,137,620,1444,1565,1332,1570,243.0,1570,243
dd_w100,mcp4-n070-r10-04,62.856460707714966,3412.250149999996,3412.250149999996,0.0,1.663479703,61.192981004714966,55.56553220300003,53.71776615599995,200,189,3494,1368,1489,1256,1545,293.0,1545,293
dd_w100,mcp4-n070-r10-05,59.5382818533938,3104.0001,3104.0001,0.0,1.810402806,57.7278790473938,54.44648091099999,52.61917502399998,192,181,1624,1404,1525,1292,1574,287.0,1574,287
dd_w100,mcp4-n070-r10-06,6.79247936072522,3933.0002000000027,3933.0002000000027,0.0,0.512354458,6.28012490272522,6.084736459999999,5.890134562999999,21,19,1,1428,1551,1316,1437,128.0,1437,128
dd_w100,mcp4-n070-r10-07,37.39789827654077,3412.000100000001,3412.000100000001,0.0,1.292050441,36.10584783554077,35.20063462099998,34.07996643400001,122,114,459,1421,1543,1309,1525,224.0,1525,224
dd_w100,mcp4-n070-r10-08,31.065525753824218,3314.0001500000017,3314.0002000000027,1.508750716581304e-8,1.522869809,29.54265594482422,28.785266514999993,27.76124354499999,119,111,292,1417,1541,1305,1519,223.0,1519,223
dd_w100,mcp4-n070-r10-09,29.583779057572023,3319.6668,3319.6668,0.0,2.81112214,26.77265691757202,25.495449921000002,24.657183022,88,84,774,1410,1532,1298,1485,195.0,1485,195
dd_w100,mcp4-n070-r10-10,36.203374880182736,4003.5001499999994,4003.5001499999994,0.0,1.137371796,35.06600308418274,33.96195680200001,32.74632116299999,122,117,594,1448,1568,1336,1552,219.0,1552,219
dd_w100,mcp4-n070-r12-01,47.20858829380933,2717.000179999999,2717.000179999999,0.0,1.479161433,45.729426860809326,43.323027591999995,41.47831966099999,193,182,804,1398,1509,1286,1576,306.0,1576,306
dd_w100,mcp4-n070-r12-02,39.72723605126087,2701.3334666666665,2701.3334666666665,0.0,1.347725887,38.379510164260864,35.819466731000006,34.113315755999984,171,163,1157,1451,1561,1339,1602,268.0,1602,268
dd_w100,mcp4-n070-r12-03,13.687833229407959,2729.0000999999984,2729.0000999999984,0.0,1.14541618,12.542417049407959,12.007949257000003,11.459960256,58,53,193,1418,1530,1306,1462,167.0,1462,167
dd_w100,mcp4-n070-r12-04,33.326678721209106,2555.0001,2555.0001,0.0,1.98162481,31.345053911209106,30.562005073,29.212608387999996,135,128,309,1402,1517,1290,1523,246.0,1523,246
dd_w100,mcp4-n070-r12-05,42.0028133240708,2196.000139999993,2196.000139999993,0.0,2.510201439,39.4926118850708,38.453941538999985,37.15598543200001,143,135,497,1391,1506,1279,1520,255.0,1520,255
dd_w100,mcp4-n070-r12-06,19.031918212947875,2249.000100000001,2249.000100000001,0.0,1.473923132,17.557995080947876,17.033162569000005,16.164650671,76,73,132,1387,1501,1275,1454,197.0,1454,197
dd_w100,mcp4-n070-r12-07,25.01399251554089,2338.5002000000004,2338.5002000000004,0.0,2.027503458,22.986489057540894,21.915047672000004,20.955783807000003,91,86,498,1429,1539,1317,1504,192.0,1503,190
dd_w100,mcp4-n070-r12-08,48.15374645918701,2860.333466666666,2860.333466666666,0.0,1.499675605,46.65407085418701,43.91484964399998,42.392776950000005,169,159,925,1370,1483,1258,1520,269.0,1520,269
dd_w100,mcp4-n070-r12-09,58.32269261917493,2674.0000999999997,2674.0000999999997,0.0,1.336477743,56.98621487617493,54.235768281999995,52.196367567999985,207,195,1003,1425,1534,1313,1607,297.0,1607,297
dd_w100,mcp4-n070-r12-10,20.666996271989866,2880.000200000001,2880.000200000001,0.0,1.223108323,19.443887948989868,18.891317836,18.111173557,85,82,145,1372,1483,1260,1443,189.0,1443,189
dd_w100,mcp4-n070-r14-01,27.660600875098023,2391.6667999999977,2391.6667999999977,0.0,1.445152734,26.215448141098022,20.889705057000004,19.736221912,131,124,3011,1415,1517,1303,1530,240.0,1530,240
dd_w100,mcp4-n070-r14-02,34.09943988671692,1915.5001500000008,1915.5001500000008,0.0,1.27713683,32.82230305671692,31.942221647000014,30.246921349999997,164,151,330,1369,1471,1257,1512,270.0,1511,267
dd_w100,mcp4-n070-r14-03,22.127109310885498,2035.5715714285714,2035.5715714285714,0.0,0.883419297,21.243690013885498,20.631961957999998,19.81795684199999,100,92,272,1279,1386,1167,1365,215.0,1365,215
dd_w100,mcp4-n070-r14-04,15.216181023517823,2220.00015,2220.00015,0.0,0.471664174,14.744516849517822,14.168681690000003,13.267102083999996,81,76,204,1395,1496,1283,1459,180.0,1459,180
dd_w100,mcp4-n070-r14-05,19.990593880002564,1797.5001500000012,1797.5001500000012,0.0,1.663143843,18.327450037002563,17.619430883,16.754108116999994,94,86,333,1341,1443,1229,1416,200.0,1416,200
dd_w100,mcp4-n070-r14-06,26.54001599378821,2060.0002000000004,2060.0002000000004,0.0,1.809958039,24.730057954788208,22.828432066999998,21.61328845399999,125,118,1082,1349,1449,1237,1457,229.0,1457,229
dd_w100,mcp4-n070-r14-07,17.105432039484985,2126.0001,2126.0001,0.0,1.020982033,16.084450006484985,15.591389351999998,14.745965308000004,90,85,113,1366,1465,1254,1437,186.0,1437,186
dd_w100,mcp4-n070-r14-08,24.173516697917847,1959.0001000000016,1959.0001000000016,0.0,1.290371604,22.883145093917847,22.116742242999994,21.057112176000008,104,98,372,1373,1474,1261,1462,211.0,1462,211
dd_w100,mcp4-n070-r14-09,23.301450342507447,1995.0001000000047,1995.0001000000047,0.0,1.067687363,22.233762979507446,21.542001902000003,20.476500124,113,109,340,1365,1472,1253,1468,237.0,1468,237
dd_w100,mcp4-n070-r14-10,29.445638481694335,2080.0000999999997,2080.0000999999997,0.0,1.604461495,27.841176986694336,25.565367892999994,24.280686969,132,126,1314,1365,1465,1253,1478,229.0,1478,229
dd_w100,mcp4-n070-r16-01,18.73776296672864,2000.0001000000002,2000.0001000000002,0.0,0.565308848,18.172454118728638,17.74415572899999,16.629873208,110,104,133,1378,1474,1266,1471,210.0,1471,210
dd_w100,mcp4-n070-r16-02,19.088652275079223,1713.0001,1713.0001,0.0,0.445077322,18.643574953079224,16.946806065000008,15.875766451000006,120,112,1217,1344,1441,1232,1448,230.0,1448,230
dd_w100,mcp4-n070-r16-03,34.30442543799536,1780.0001333333348,1780.0001333333348,0.0,0.932854374,33.37157106399536,30.127210878999986,28.798052314999993,161,149,2754,1343,1439,1231,1485,264.0,1484,262
dd_w100,mcp4-n070-r16-04,15.71044279610376,2174.000149999999,2174.000149999999,0.0,0.757200971,14.95324182510376,12.725528348000005,11.967286835999998,94,89,1690,1327,1428,1215,1410,205.0,1410,205
dd_w100,mcp4-n070-r16-05,24.126196122050903,1872.0001000000002,1872.0001000000002,0.0,0.828494048,23.297702074050903,19.661296841,18.549271299,127,121,2398,1379,1473,1267,1488,225.0,1488,225
dd_w100,mcp4-n070-r16-06,25.25184844291028,1821.2501250000005,1821.2501250000005,0.0,0.896193488,24.35565495491028,22.618209230000005,21.433797602,129,122,720,1390,1489,1278,1509,285.0,1506,262
dd_w100,mcp4-n070-r16-07,15.799726467656983,1802.5001499999994,1802.5001499999994,0.0,1.528513413,14.271213054656982,12.156571157000002,11.478609129999997,81,78,2186,1351,1449,1239,1421,190.0,1421,190
dd_w100,mcp4-n070-r16-08,8.497573883881225,1836.0001000000007,1836.0001000000007,0.0,0.953279765,7.544294118881226,7.201832697000001,6.695900043999998,49,47,73,1344,1439,1232,1379,151.0,1379,151
dd_w100,mcp4-n070-r16-09,11.978530323650146,1988.0000999999997,1988.0000999999997,0.0,1.034944451,10.943585872650146,10.591755620999999,10.034319136999997,67,63,53,1361,1459,1249,1419,185.0,1419,183
dd_w100,mcp4-n070-r16-10,24.286521309947265,1810.0001666666667,1810.0001666666667,0.0,0.631732339,23.654788970947266,21.394578041999992,19.959051992999996,149,142,1443,1352,1449,1240,1485,259.0,1485,259
dd_w100,mcp4-n080-r08-01,331.1208821154242,4810.83348333333,4811.00015,3.464403148583275e-5,5.291073165,325.8298089504242,274.870767747,269.0443557580001,425,417,28102,1707,1851,1579,2098,526.0,2098,526
dd_w100,mcp4-n080-r08-02,337.3822653282729,5122.000299999999,5122.000299999999,0.0,4.791930436,332.59033489227295,327.39791255800026,322.76342726999997,332,317,1384,1692,1837,1564,1982,423.0,1982,423
dd_w100,mcp4-n080-r08-03,208.65010859599892,6000.000100000001,6000.000100000001,0.0,4.841504594,203.8086040019989,196.80949767799999,194.03202673500004,211,206,3380,1682,1826,1554,1860,310.0,1860,310
dd_w100,mcp4-n080-r08-04,131.26142792442042,5927.111266666663,5927.111266666663,0.0,4.264699981,126.99672794342041,116.609178016,114.46126686999997,161,158,7191,1698,1842,1570,1830,266.0,1830,266
dd_w100,mcp4-n080-r08-05,206.29529143393458,5400.000100000001,5400.000100000001,0.0,5.742814551,200.55247688293457,195.41870057899996,191.32000169299997,304,291,1444,1689,1831,1561,1952,395.0,1952,395
dd_w100,mcp4-n080-r08-06,229.18553000364588,4848.0002,4848.19046721604,3.9246536342861816e-5,5.300715026,223.88481497764587,210.1209965600001,205.8229559950001,345,339,8012,1661,1805,1533,1973,447.0,1973,447
dd_w100,mcp4-n080-r08-07,80.24785431192517,4926.000149999996,4926.000149999996,0.0,5.014517148,75.23333716392517,74.25636707400002,73.02402691399998,89,83,286,1695,1841,1567,1752,191.0,1752,191
dd_w100,mcp4-n080-r08-08,236.42774881543164,5168.000100000001,5168.000100000001,0.0,5.496012823,230.93173599243164,225.987629861,222.69535707800014,264,253,2419,1671,1816,1543,1897,360.0,1897,360
dd_w100,mcp4-n080-r08-09,298.5891401658253,5038.500149999999,5038.500149999999,0.0,6.025010098,292.5641300678253,273.4729142270001,269.892651916,281,274,11664,1669,1816,1541,1920,389.0,1920,389
dd_w100,mcp4-n080-r08-10,205.39827713008668,4610.000099999999,4610.000099999999,0.0,6.340275135,199.05800199508667,194.25237830500006,191.83836999299996,179,173,1847,1717,1859,1589,1860,273.0,1860,273
dd_w100,mcp4-n080-r10-01,149.4090131503026,3691.0001500000003,3691.0001500000003,0.0,3.852158187,145.5568549633026,143.843494725,140.93763141600007,240,230,731,1666,1788,1538,1866,330.0,1866,330
dd_w100,mcp4-n080-r10-02,117.96285397944042,3995.2501500000026,3995.2501500000026,0.0,3.906200003,114.05665397644043,111.72437705499996,108.90231669700002,221,214,775,1665,1790,1537,1853,322.0,1853,322
dd_w100,mcp4-n080-r10-03,154.9833226867019,4124.000100000002,4124.000100000002,0.0,3.710358686,151.2729640007019,145.79433543899995,142.51933942000002,270,259,1116,1664,1788,1536,1895,363.0,1895,363
dd_w100,mcp4-n080-r10-04,109.37375008704163,4292.000199999998,4292.000199999997,0.0,2.64735901,106.72639107704163,97.1361363360001,94.535472305,189,183,4530,1655,1781,1527,1813,301.0,1813,301
dd_w100,mcp4-n080-r10-05,171.46619227420533,3823.0002000000013,3823.0002000000013,0.0,3.87609437,167.59009790420532,157.28577725500008,153.8843429740001,263,254,4855,1684,1809,1556,1912,364.0,1912,364
dd_w100,mcp4-n080-r10-06,22.11566339878064,4038.000100000002,4038.000100000002,0.0,3.672861208,18.44280219078064,17.950805737,17.580068787000002,32,30,82,1623,1748,1495,1626,137.0,1626,137
dd_w100,mcp4-n080-r10-07,84.33376158736084,3943.0001,3943.0001,0.0,3.05088748,81.28287410736084,78.59217319899999,76.336565777,189,182,637,1650,1779,1522,1811,304.0,1811,304
dd_w100,mcp4-n080-r10-08,21.870858099714354,4339.000100000001,4339.000100000001,0.0,3.311551955,18.559306144714355,18.086715117,17.637914825,41,38,69,1630,1754,1502,1640,142.0,1640,142
dd_w100,mcp4-n080-r10-09,144.29474395218895,3860.000100000003,3860.000100000003,0.0,4.275022921,140.01972103118896,132.33631244799994,128.28511251899994,307,297,3407,1655,1780,1527,1928,410.0,1928,410
dd_w100,mcp4-n080-r10-10,28.25134111052466,4385.500150000003,4385.500150000003,0.0,3.382322079,24.869019031524658,24.278161130999994,23.745921393,48,46,128,1675,1800,1547,1694,152.0,1694,152
dd_w100,mcp4-n080-r12-01,21.94141648108887,3733.0001,3733.0001000000007,0.0,1.451794365,20.489622116088867,20.000989227,19.230904411999997,54,51,36,1642,1752,1514,1665,155.0,1665,155
dd_w100,mcp4-n080-r12-02,85.26002644048963,3525.500149999997,3525.500149999997,0.0,2.310819373,82.94920706748962,78.76259216699998,76.41314627500005,193,180,2003,1608,1724,1480,1766,298.0,1766,298
dd_w100,mcp4-n080-r12-03,79.03441973954504,3056.0001,3056.0001,0.0,2.988941634,76.04547810554504,74.69662453700002,71.76738860800002,227,219,407,1657,1773,1529,1854,338.0,1854,338
dd_w100,mcp4-n080-r12-04,40.79981261008289,3247.0002000000013,3247.0002000000013,0.0,2.074891622,38.724920988082886,38.02103891299999,36.75334387800001,96,91,158,1657,1769,1529,1721,197.0,1721,197
dd_w100,mcp4-n080-r12-05,86.91233638723364,3280.000100000006,3280.000100000006,0.0,2.861131229,84.05120515823364,82.66252709100002,80.21507941399993,194,189,533,1605,1719,1477,1770,302.0,1770,302
dd_w100,mcp4-n080-r12-06,108.03707764152307,3081.333466666667,3081.333466666667,0.0,2.337097621,105.69998002052307,98.96643227199999,95.57886575499997,279,266,3469,1666,1778,1538,1909,386.0,1909,386
dd_w100,mcp4-n080-r12-07,99.25643673303466,2996.000200000002,2996.000200000002,0.0,2.87503281,96.38140392303467,90.37849773400002,87.434725414,216,204,2213,1665,1778,1537,1844,315.0,1844,315
dd_w100,mcp4-n080-r12-08,89.8838021849264,2750.0001,2750.0001,0.0,3.816709051,86.06709313392639,81.84105611099999,79.16634228100003,210,203,1958,1662,1774,1534,1842,320.0,1840,316
dd_w100,mcp4-n080-r12-09,44.15820794903564,3034.0001,3034.0001,0.0,2.053939875,42.104268074035645,41.544149659,40.171389524000006,116,110,70,1638,1751,1510,1723,220.0,1722,218
dd_w100,mcp4-n080-r12-10,68.44957620159522,3249.0001000000066,3249.0001000000066,0.0,2.794540229,65.65503597259521,63.47481890000002,61.303377189,179,174,654,1666,1780,1538,1816,287.0,1816,287
dd_w100,mcp4-n080-r14-01,46.540664648062986,2692.0001000000066,2692.0001000000066,0.0,2.010653471,44.53001117706299,43.79120918999998,42.33289427099998,132,126,213,1616,1719,1488,1715,232.0,1715,232
dd_w100,mcp4-n080-r14-02,40.68038902136658,2471.0001999999986,2471.0001999999986,0.0,2.044486855,38.63590216636658,37.63897714900002,35.955526781,134,128,406,1617,1720,1489,1718,235.0,1718,235
dd_w100,mcp4-n080-r14-03,57.01168235609033,2417.5001500000017,2417.5001500000017,0.0,1.764912451,55.24676990509033,53.788363888999996,51.84950980499999,172,165,814,1606,1709,1478,1747,279.0,1747,279
dd_w100,mcp4-n080-r14-04,73.64265400812866,2289.0001,2289.0001,0.0,1.89993102,71.74272298812866,67.639010394,65.33010086399999,205,199,2110,1578,1682,1450,1752,313.0,1752,313
dd_w100,mcp4-n080-r14-05,37.887395042181275,2817.0001000000107,2817.0001000000107,0.0,1.506274122,36.381120920181274,35.425739830000005,33.978901749,132,127,384,1589,1695,1461,1693,241.0,1693,241
dd_w100,mcp4-n080-r14-06,77.73106464834278,2750.500149999999,2750.6719995290423,6.247937453970205e-5,1.552622647,76.17844200134277,67.84212445900003,64.946162465,237,228,4797,1640,1742,1512,1844,346.0,1844,346
dd_w100,mcp4-n080-r14-07,71.33895570137867,2926.0001,2926.0001,0.0,1.443400682,69.89555501937866,66.02651457200001,62.959550210999964,260,248,1235,1602,1711,1474,1832,392.0,1831,390
dd_w100,mcp4-n080-r14-08,83.40216430088647,2455.5001500000003,2455.5001500000003,0.0,1.718813261,81.68335103988647,76.90627978600006,73.91928508299998,261,251,2046,1603,1704,1475,1829,362.0,1829,362
dd_w100,mcp4-n080-r14-09,44.826639790383304,2462.5001500000017,2462.5001500000017,0.0,2.06632771,42.7603120803833,41.714757803000005,39.541074844000015,192,183,387,1601,1705,1473,1758,296.0,1758,296
dd_w100,mcp4-n080-r14-10,36.045746169754636,2858.0001333333294,2858.0001333333294,0.0,1.003743015,35.04200315475464,27.653147946999997,26.488831026999993,104,100,4390,1561,1667,1433,1639,222.0,1638,219
dd_w100,mcp4-n080-r16-01,30.019734519384645,2328.0001,2328.0001,0.0,1.203228372,28.816506147384644,28.329600070000005,26.894378037000006,112,107,71,1550,1647,1422,1637,233.0,1637,233
dd_w100,mcp4-n080-r16-02,41.85207149399915,2142.5001500000017,2142.5001500000017,0.0,1.448200673,40.403870820999146,35.07022152600001,33.48457661800001,136,130,2664,1573,1667,1445,1676,239.0,1676,239
dd_w100,mcp4-n080-r16-03,35.84220228117187,1936.500149999999,1936.500149999999,0.0,1.23725233,34.604949951171875,33.577395558000006,32.01343770899999,143,136,475,1584,1680,1456,1695,249.0,1695,249
dd_w100,mcp4-n080-r16-04,44.7292359036886,2156.75015,2156.75015,0.0,0.787961976,43.9412739276886,39.395060830000006,37.129468626,174,172,2619,1547,1640,1419,1691,276.0,1691,276
dd_w100,mcp4-n080-r16-05,31.399041719543458,2229.0000999999997,2229.0000999999997,0.0,1.792133875,29.606907844543457,28.951317972,27.648690882000004,122,116,115,1596,1698,1468,1694,253.0,1694,253
dd_w100,mcp4-n080-r16-06,28.509342732540773,2299.000100000002,2299.000100000002,0.0,1.339041772,27.17030096054077,26.568983069000005,25.360877331999998,108,103,222,1573,1670,1445,1652,216.0,1652,216
dd_w100,mcp4-n080-r16-07,61.807342451327756,2319.6668333333337,2319.6668333333337,0.0,1.584489506,60.22285294532776,56.114290215999986,53.47053348599998,216,207,1883,1574,1669,1446,1757,325.0,1757,325
dd_w100,mcp4-n080-r16-08,13.482305786957031,1812.0001000000002,1812.0001000000002,0.0,1.528562806,11.953742980957031,11.530419078000001,10.967529835999999,55,49,60,1562,1658,1434,1585,159.0,1585,159
dd_w100,mcp4-n080-r16-09,25.233179062770752,1992.0001000000084,1992.0001000000084,0.0,1.764893979,23.468285083770752,22.898743159999995,21.615190377000005,103,97,111,1605,1701,1477,1676,208.0,1676,208
dd_w100,mcp4-n080-r16-10,34.05616978282397,1627.000099999999,1627.000099999999,0.0,1.628311907,32.427857875823975,31.323432964000006,29.456530025999996,166,157,370,1603,1699,1475,1737,280.0,1736,271
dd_w100,mcp4-n090-r08-01,784.9690372358076,6051.333466666666,6051.368521052632,5.7928365969161415e-6,8.363509358,776.6055278778076,705.0442061669996,699.4420786799997,453,444,42258,1527,1676,1383,1927,548.0,1927,548
dd_w100,mcp4-n090-r08-02,197.09370074440528,6350.0001,6350.0001,0.0,6.987890579,190.10581016540527,189.03417256600002,187.43756792299996,154,148,335,1503,1653,1359,1607,252.0,1607,252
dd_w100,mcp4-n090-r08-03,796.2357801057296,6544.400120000002,6544.400120000002,0.0,7.906868086,788.3289120197296,738.1172977169999,732.3187652729999,478,468,34370,1526,1675,1382,1949,570.0,1949,570
dd_w100,mcp4-n090-r08-04,744.519497714912,5604.000200000003,5604.143834748881,2.5630753703034734e-5,8.854396902,735.665100812912,726.8814308379995,722.2745913430007,385,374,3757,1514,1663,1370,1845,480.0,1845,480
dd_w100,mcp4-n090-r08-05,606.7338378138337,5733.500149999993,5734.033883783783,9.30903932722515e-5,9.255072803,597.4787650108337,590.3121904179998,586.6300316459999,334,324,2978,1488,1637,1344,1769,434.0,1768,431
dd_w100,mcp4-n090-r08-06,457.1948551104485,6854.833483333328,6854.833483333328,0.0,8.853771107,448.3410840034485,444.164757327,441.205480619,278,271,1379,1520,1669,1376,1746,373.0,1746,373
dd_w100,mcp4-n090-r08-07,714.7800818554699,6628.5001499999935,6628.5001499999935,0.0,7.60239278,707.17768907547,702.0040086200003,698.1116997090006,392,379,2091,1471,1619,1327,1804,479.0,1804,479
dd_w100,mcp4-n090-r08-08,614.4586431734311,5870.000150000002,5870.000150000002,0.0,9.006503319,605.4521398544312,579.989387083,575.9052681320001,382,377,19919,1504,1652,1360,1838,483.0,1837,481
dd_w100,mcp4-n090-r08-09,698.5043639532759,5690.500150000001,5690.984727209839,8.515546912653717e-5,7.905592858,690.5987710952759,577.660544389,572.0793821389994,515,512,75524,1552,1701,1408,2020,616.0,2020,616
dd_w100,mcp4-n090-r08-10,516.9653232247139,6615.000100000005,6615.000100000005,0.0,8.821160093,508.14416313171387,496.11212462300006,493.45570112400014,237,232,8307,1522,1670,1378,1709,334.0,1709,334
dd_w100,mcp4-n090-r10-01,420.8968097454791,5127.500150000002,5127.892309182761,7.648155461474039e-5,6.74524777,414.1515619754791,389.6537106300001,385.30822716799986,394,388,17977,1504,1630,1360,1847,490.0,1847,490
dd_w100,mcp4-n090-r10-02,367.0449672061045,4945.000199999997,4945.000199999997,0.0,5.903581174,361.1413860321045,303.15290349,298.41473844500024,419,413,42326,1508,1636,1364,1879,521.0,1879,521
dd_w100,mcp4-n090-r10-03,273.7992832453794,4279.0001,4279.0001,0.0,7.190193394,266.6090898513794,263.540550007,261.15132127899994,231,224,922,1501,1630,1357,1683,342.0,1683,342
dd_w100,mcp4-n090-r10-04,102.68826051274219,4416.00010000001,4416.00010000001,0.0,6.383771377,96.30448913574219,95.21194273399999,93.69683306299996,138,134,392,1475,1601,1331,1566,240.0,1566,240
dd_w100,mcp4-n090-r10-05,418.88600084927185,4297.000100000001,4297.000100000001,0.0,7.42260883,411.46339201927185,407.25143936999984,404.1904121010003,277,271,2157,1491,1617,1347,1717,373.0,1717,373
dd_w100,mcp4-n090-r10-06,508.0921302956969,4412.000199999996,4412.000199999996,0.0,6.845378272,501.2467520236969,426.12110836200026,421.70071185899997,431,422,49731,1494,1620,1350,1873,530.0,1873,530
dd_w100,mcp4-n090-r10-07,288.79411892933973,4309.000099999999,4309.000099999999,0.0,6.155144978,282.6389739513397,277.166048103,273.8898020349999,332,323,2126,1476,1606,1332,1761,448.0,1761,444
dd_w100,mcp4-n090-r10-08,204.9277663629603,4828.000133333335,4828.000133333335,0.0,4.770929138,200.15683722496033,182.77060803400002,179.52293825400005,287,283,11236,1510,1637,1366,1749,389.0,1749,389
dd_w100,mcp4-n090-r10-09,281.4389786301166,5061.0001,5061.0001,0.0,5.77036162,275.6686170101166,273.96195302700005,270.71233626899993,293,284,565,1508,1636,1364,1749,390.0,1749,390
dd_w100,mcp4-n090-r10-10,458.8635750728806,4562.400140000007,4562.400140000007,0.0,6.173658939,452.6899161338806,416.15465352900003,411.6725474949998,410,401,25775,1538,1665,1394,1896,508.0,1896,508
dd_w100,mcp4-n090-r12-01,163.56524838670128,3706.40014,3706.40014,0.0,4.584162371,158.9810860157013,157.16240462799985,154.88542106399996,218,215,924,1469,1579,1325,1641,321.0,1641,321
dd_w100,mcp4-n090-r12-02,117.92972264015808,3871.0001500000017,3871.0001500000017,0.0,4.42902765,113.50069499015808,112.68272137799998,111.330256321,125,119,224,1458,1570,1314,1533,223.0,1533,223
dd_w100,mcp4-n090-r12-03,223.76561332012378,3755.0000999999993,3755.0000999999993,0.0,5.047367337,218.71824598312378,217.60297534199992,214.59411725200005,299,288,463,1468,1581,1324,1713,394.0,1713,394
dd_w100,mcp4-n090-r12-04,294.67454785419204,3608.00015,3608.00015,0.0,5.179811898,289.494735956192,277.66644335,273.47427512699977,411,398,6927,1497,1607,1353,1849,498.0,1849,498
dd_w100,mcp4-n090-r12-05,57.956224002686525,3550.0000999999997,3550.0000999999997,0.0,4.845225849,53.11099815368652,52.26801953700001,51.253127784,103,100,318,1479,1593,1335,1537,210.0,1537,210
dd_w100,mcp4-n090-r12-06,185.78888335371192,3339.000200000003,3339.000200000003,0.0,4.852167274,180.9367160797119,179.4748457659999,176.69337458800004,279,270,467,1485,1599,1341,1714,382.0,1714,382
dd_w100,mcp4-n090-r12-07,209.39571600533117,3782.5001500000017,3782.5001500000017,0.0,3.987565094,205.40815091133118,202.4753744479999,199.5768431069998,293,284,658,1506,1619,1362,1748,392.0,1748,392
dd_w100,mcp4-n090-r12-08,61.33838287732593,3672.0001,3672.0001,0.0,5.975538887,55.36284399032593,54.54332525499999,53.547342757999985,111,107,299,1478,1588,1334,1539,207.0,1539,207
dd_w100,mcp4-n090-r12-09,134.66762934537243,4184.0001,4184.0001,0.0,3.161339148,131.50629019737244,128.581468691,126.13597579600004,262,256,858,1481,1593,1337,1695,366.0,1695,366
dd_w100,mcp4-n090-r12-10,126.08796550150318,3350.3334666666633,3350.3334666666633,0.0,5.069223417,121.01874208450317,119.10387844800007,117.36058940800008,179,171,809,1453,1565,1309,1581,277.0,1581,277
dd_w100,mcp4-n090-r14-01,178.76110262860047,3413.0001000000047,3413.0001000000047,0.0,2.80880661,175.95229601860046,169.75804229000016,166.94024192499995,289,278,3866,1459,1565,1315,1699,403.0,1698,399
dd_w100,mcp4-n090-r14-02,123.36480037054224,3182.0001499999985,3182.1537585365872,4.827420784023628e-5,3.294773496,120.07002687454224,110.237640953,107.86446853200002,234,232,7819,1444,1546,1300,1635,342.0,1635,342
dd_w100,mcp4-n090-r14-03,95.6166071452976,3149.0002000000013,3149.0002000000013,0.0,3.914089159,91.70251798629761,91.04330386999997,89.51897174599999,160,154,125,1460,1561,1316,1569,256.0,1569,256
dd_w100,mcp4-n090-r14-04,73.96403626651977,3646.0001,3646.0001,0.0,3.01011924,70.95391702651978,69.98122212200002,68.15966279499996,177,170,283,1413,1516,1269,1541,279.0,1541,279
dd_w100,mcp4-n090-r14-05,118.02240237071325,3044.0001,3044.0001,0.0,3.826367224,114.19603514671326,112.16142277500005,109.48444418100009,271,263,729,1460,1561,1316,1680,369.0,1680,369
dd_w100,mcp4-n090-r14-06,115.90335194233117,3399.333466666665,3399.333466666665,0.0,3.493247906,112.41010403633118,110.99248539800006,108.58803445999995,236,228,789,1453,1554,1309,1636,330.0,1636,330
dd_w100,mcp4-n090-r14-07,133.33891091713173,2659.6668333333364,2659.6668333333364,0.0,3.293048004,130.0458629131317,126.12699219600002,123.62687256399992,240,232,1727,1472,1573,1328,1661,342.0,1661,342
dd_w100,mcp4-n090-r14-08,113.71858339746069,2623.500133333334,2623.500133333334,0.0,4.287986569,109.4305968284607,108.29080188100008,106.33483797999995,197,190,396,1487,1589,1343,1635,303.0,1635,303
dd_w100,mcp4-n090-r14-09,99.19901670808838,2984.000200000002,2984.000200000002,0.0,4.04836573,95.15065097808838,92.25304695500002,90.10293993700003,197,191,871,1492,1594,1348,1640,297.0,1640,297
dd_w100,mcp4-n090-r14-10,121.50860823783337,2664.0001000000057,2664.0001000000057,0.0,3.570204393,117.93840384483337,113.21820956000002,110.161877277,301,293,3178,1441,1543,1297,1692,403.0,1692,403
dd_w100,mcp4-n090-r16-01,95.21407475190198,2082.333466666667,2082.333466666667,0.0,3.380694768,91.83337998390198,81.76661416100002,78.82234539899996,237,232,7163,1480,1573,1336,1669,338.0,1669,338
dd_w100,mcp4-n090-r16-02,57.47179518458228,2594.0001500000017,2594.0001500000017,0.0,3.012384994,54.459410190582275,53.145246662,51.61273224899997,156,151,623,1413,1510,1269,1523,261.0,1523,261
dd_w100,mcp4-n090-r16-03,72.51904463196546,2573.333466666667,2573.333466666667,0.0,2.902619833,69.61642479896545,68.63338402800002,67.10083017,169,163,444,1435,1534,1291,1559,289.0,1559,289
dd_w100,mcp4-n090-r16-04,79.1508045633153,2174.0001400000046,2174.0001400000046,0.0,3.226012512,75.92479205131531,70.90992714899998,69.327200814,170,164,1467,1432,1528,1288,1554,276.0,1554,276
dd_w100,mcp4-n090-r16-05,58.66446236768445,2710.0001500000003,2710.0001500000003,0.0,2.247021238,56.41744112968445,54.211790317999956,52.636292323000035,155,152,870,1441,1536,1297,1551,262.0,1550,259
dd_w100,mcp4-n090-r16-06,17.345906939232666,2677.0001000000034,2677.0001000000034,0.0,3.158190932,14.187716007232666,13.709644389000001,13.410838447,39,37,65,1444,1537,1300,1436,139.0,1436,139
dd_w100,mcp4-n090-r16-07,57.85716022538977,2343.000149999998,2343.000149999998,0.0,2.358410254,55.49874997138977,53.89842454000003,52.30056900600002,165,163,688,1438,1532,1294,1557,267.0,1557,267
dd_w100,mcp4-n090-r16-08,69.72445318568433,2537.0001000000075,2537.0001000000075,0.0,1.968903278,67.75554990768433,67.07066676999999,65.45134994900002,185,178,166,1451,1546,1307,1586,284.0,1586,284
dd_w100,mcp4-n090-r16-09,89.43470823681103,2431.0001999999995,2431.0001999999995,0.0,3.626304268,85.80840396881104,80.48119224200002,78.62675107300004,200,194,2848,1440,1538,1296,1597,318.0,1597,318
dd_w100,mcp4-n090-r16-10,93.24061378244286,2754.0001000000047,2754.0001000000047,0.0,2.203947866,91.03666591644287,88.96757870399998,86.362630788,220,213,744,1448,1545,1304,1621,327.0,1621,327
dd_w100,mcp4-n100-r08-01,1947.4290765601088,6727.000200000004,6727.483197527361,7.17998384119163e-5,12.398841508,1935.0302350521088,1849.3790169949998,1836.931214078,895,884,36846,1741,1896,1581,2565,988.0,2565,988
dd_w100,mcp4-n100-r08-02,1377.2784862315127,7489.764852941171,7489.764852941171,0.0,10.556275109,1366.7222111225128,1357.203436474,1348.485301656,615,607,2682,1739,1895,1579,2290,733.0,2288,724
dd_w100,mcp4-n100-r08-03,1314.1954279788022,7652.500150000009,7652.500150000009,0.0,11.480691994,1302.7147359848022,1239.319881371002,1231.101547931,590,582,33466,1719,1873,1559,2243,692.0,2243,692
dd_w100,mcp4-n100-r08-04,707.2090050962944,6973.666800000001,6973.666800000001,0.0,10.875815132,696.3331899642944,670.3058007490004,664.270107259,454,445,17606,1765,1919,1605,2149,547.0,2149,547
dd_w100,mcp4-n100-r08-05,1056.009287270103,7837.0000999999975,7837.5001,6.379992262635401e-5,9.925830277,1046.083456993103,1043.6861829729996,1038.85080546,392,382,649,1732,1887,1572,2054,487.0,2054,487
dd_w100,mcp4-n100-r08-06,2226.673189605678,6773.400140000006,6773.400140000006,0.0,13.824264492,2212.848925113678,2160.7445606009983,2153.7789254609984,489,483,34323,1754,1909,1594,2179,593.0,2179,593
dd_w100,mcp4-n100-r08-07,2451.0063977484583,7155.000149999997,7155.093589832948,1.305937540070282e-5,14.135672832,2436.870724916458,2420.0344915189985,2412.3464371959985,620,609,6172,1719,1875,1559,2270,724.0,2270,724
dd_w100,mcp4-n100-r08-08,1457.3141802517805,7455.000166666673,7455.739065169478,9.911448508190176e-5,12.861394283,1444.4527859687805,1423.8517346520002,1416.6431330640005,490,480,9150,1716,1871,1556,2136,584.0,2136,584
dd_w100,mcp4-n100-r08-09,104.52694201399952,8006.000099999999,8006.000099999999,0.0,11.283881902,93.24306011199951,92.468004012,91.87557147399998,47,44,166,1733,1886,1573,1715,144.0,1715,144
dd_w100,mcp4-n100-r08-10,1101.2620344191894,7545.000100000001,7545.0001,0.0,11.051561597,1090.2104728221893,1085.5572243550002,1078.93713763,500,493,1018,1698,1856,1538,2135,609.0,2135,609
dd_w100,mcp4-n100-r10-01,1248.0069943399167,5748.000100000001,5748.385503260398,6.70499745462326e-5,9.022058341,1238.9849359989166,1225.7036032479996,1218.7917344079988,543,526,7072,1687,1818,1527,2155,635.0,2155,635
dd_w100,mcp4-n100-r10-02,424.5986364017447,5565.500150000002,5565.500150000002,0.0,8.704978479,415.89365792274475,379.475799608,375.540838288,293,291,26129,1699,1830,1539,1931,398.0,1931,398
dd_w100,mcp4-n100-r10-03,575.8803936130191,5742.0002,5742.0002,0.0,8.461518634,567.4188749790192,504.5992095490003,499.694128775,350,346,43342,1709,1839,1549,1995,450.0,1995,450
dd_w100,mcp4-n100-r10-04,659.1577463994901,5337.0001,5337.203723588809,3.8153191866911e-5,8.764099444,650.3936469554901,627.3591615269996,621.3849563900001,451,442,14250,1742,1873,1582,2125,550.0,2125,550
dd_w100,mcp4-n100-r10-05,766.9198021019939,5641.600120000002,5641.928653247793,5.823405431131501e-5,8.576863202,758.3429388999939,634.1389587839998,627.9454113299997,456,446,64167,1723,1853,1563,2113,561.0,2112,558
dd_w100,mcp4-n100-r10-06,634.2346924280743,4740.285857142859,4740.285857142859,0.0,9.023579452,625.2111129760742,619.1116060069998,612.8488939489998,446,437,1938,1725,1854,1565,2101,542.0,2101,542
dd_w100,mcp4-n100-r10-07,921.34570695582,4962.000099999999,4962.000199999996,2.015316294820164e-8,9.158696906,912.18701004982,868.4152905349998,860.3599896370007,600,586,24470,1717,1846,1557,2243,692.0,2243,692
dd_w100,mcp4-n100-r10-08,405.29283550290074,5207.200239999998,5207.200239999998,0.0,10.232664614,395.06017088890076,393.13632268700024,390.2560674299999,245,237,634,1736,1864,1576,1912,339.0,1912,339
dd_w100,mcp4-n100-r10-09,816.9204949600122,5493.0002,5493.0002,0.0,9.580982135,807.3395128250122,768.0948231010003,761.7129557120002,476,468,25218,1713,1843,1553,2121,574.0,2121,574
dd_w100,mcp4-n100-r10-10,466.0970322702146,5179.000099999999,5179.000099999999,0.0,8.011795244,458.0852370262146,456.53486730400056,452.53802722,311,300,452,1723,1851,1563,1965,410.0,1965,410
dd_w100,mcp4-n100-r12-01,384.12785250488844,4715.000100000004,4715.000100000005,0.0,6.176507538,377.9513449668884,374.5733584809997,369.3429831790004,380,373,926,1693,1807,1533,2008,481.0,2008,481
dd_w100,mcp4-n100-r12-02,177.38072480837062,4416.750150000002,4416.750150000002,0.0,8.240302941,169.1404218673706,167.87568427600007,165.593582345,179,173,367,1707,1821,1547,1824,290.0,1824,290
dd_w100,mcp4-n100-r12-03,536.8959363711332,4371.000099999999,4371.000099999999,0.0,6.495269419,530.4006669521332,522.7574203390003,516.8058863989999,460,451,3820,1685,1799,1525,2076,555.0,2076,555
dd_w100,mcp4-n100-r12-04,581.7642868621417,4026.0001000000016,4026.000100000002,0.0,8.52342187,573.2408649921417,556.3669543920003,550.8410251949997,433,425,10059,1712,1826,1552,2080,536.0,2079,533
dd_w100,mcp4-n100-r12-05,250.03361847965675,4321.000100000007,4321.000100000007,0.0,7.033453494,243.00016498565674,238.43859036200013,234.28922846599997,321,315,1281,1709,1823,1549,1965,423.0,1965,423
dd_w100,mcp4-n100-r12-06,291.53135043653737,4808.0001,4808.0001,0.0,7.030722442,284.50062799453735,277.94079557,273.76587499,329,323,3427,1692,1806,1532,1955,429.0,1955,429
dd_w100,mcp4-n100-r12-07,272.48888686373766,4274.000200000001,4274.000200000001,0.0,6.564997942,265.92388892173767,260.884692126,256.83833712800003,319,313,1656,1727,1840,1567,1979,415.0,1979,415
dd_w100,mcp4-n100-r12-08,282.1789721627904,4097.000133333331,4097.000133333331,0.0,6.595419087,275.5835530757904,273.1320954079999,269.3614272659999,290,283,702,1685,1800,1525,1910,392.0,1910,392
dd_w100,mcp4-n100-r12-09,464.9041586252296,4716.000100000001,4716.000199999964,2.120440220367867e-8,8.552785668,456.3513729572296,444.57055858399985,440.3057713590002,373,364,7037,1662,1776,1502,1967,470.0,1967,470
dd_w100,mcp4-n100-r12-10,201.43698323295192,3990.0001,3990.0001,0.0,6.497515326,194.9394679069519,193.8867026409999,190.756728482,248,243,219,1692,1804,1532,1874,345.0,1874,345
dd_w100,mcp4-n100-r14-01,238.6066140816206,3127.000100000003,3127.000100000003,0.0,7.295782058,231.3108320236206,224.38679676299998,219.12497256700004,283,272,3599,1675,1778,1515,1889,384.0,1889,384
dd_w100,mcp4-n100-r14-02,140.5801828598357,3279.0000999999993,3279.0000999999993,0.0,6.282642672,134.2975401878357,132.84779464200005,129.89824872400004,168,161,630,1683,1784,1523,1784,266.0,1784,266
dd_w100,mcp4-n100-r14-03,255.657659974032,3916.0001,3916.0001,0.0,5.650362935,250.00729703903198,242.14310968199993,235.97044232900004,336,328,4537,1679,1783,1519,1949,436.0,1949,436
dd_w100,mcp4-n100-r14-04,268.1818598002794,3715.000100000002,3715.000100000002,0.0,3.896055767,264.2858040332794,256.66728224199994,250.75833111799994,322,313,3814,1685,1786,1525,1938,417.0,1938,417
dd_w100,mcp4-n100-r14-05,106.77980191634387,3551.0001,3551.0001,0.0,4.208792042,102.57100987434387,101.84633349900007,99.06335089600002,150,143,145,1674,1775,1514,1757,248.0,1757,248
dd_w100,mcp4-n100-r14-06,212.27193894168434,3210.00015,3210.0001499999994,0.0,7.451935909,204.82000303268433,191.84327794699996,186.8088139700001,276,274,6024,1673,1775,1513,1892,390.0,1892,390
dd_w100,mcp4-n100-r14-07,59.187459526238406,3198.0002000000004,3198.0002000000004,0.0,5.58421546,53.6032440662384,52.94612626299999,51.501143896999984,75,72,188,1706,1808,1546,1720,182.0,1719,180
dd_w100,mcp4-n100-r14-08,115.81103568400391,3560.000100000004,3560.000100000004,0.0,4.49379783,111.3172378540039,110.21959206899999,107.45241303900002,157,151,453,1687,1790,1527,1779,257.0,1779,257
dd_w100,mcp4-n100-r14-09,203.21102648765026,3627.7501624999986,3627.7501624999986,0.0,4.746174393,198.46485209465027,186.99698780000003,181.4451023990001,318,314,6044,1669,1773,1509,1927,427.0,1927,427
dd_w100,mcp4-n100-r14-10,192.6725945519203,3540.600139999999,3540.600139999999,0.0,6.012562518,186.6600320339203,185.493371903,181.752756827,209,201,294,1681,1786,1521,1826,317.0,1826,317
dd_w100,mcp4-n100-r16-01,111.17477580890674,3241.000100000003,3241.000100000003,0.0,3.443653792,107.73112201690674,106.61237172499996,104.26319483699999,191,186,481,1690,1783,1530,1819,299.0,1819,299
dd_w100,mcp4-n100-r16-02,136.6221246902761,2910.0001500000017,2910.0001500000017,0.0,3.988633651,132.63349103927612,131.728528609,128.56217816399996,265,260,219,1656,1750,1496,1857,367.0,1857,367
dd_w100,mcp4-n100-r16-03,88.58985028288647,3159.0000999999997,3159.0000999999997,0.0,3.281499243,85.30835103988647,84.71741986300002,83.11486008099999,149,143,89,1652,1744,1492,1734,246.0,1734,246
dd_w100,mcp4-n100-r16-04,155.48661917754774,3067.0001,3067.0001,0.0,4.690081063,150.79653811454773,149.67662809100003,146.921791081,209,203,252,1650,1742,1490,1792,305.0,1792,305
dd_w100,mcp4-n100-r16-05,109.69777656194434,2811.000100000001,2811.000100000001,0.0,5.065095669,104.63268089294434,103.52101002200001,100.96527194099994,194,183,375,1610,1704,1450,1734,290.0,1734,290
dd_w100,mcp4-n100-r16-06,87.49200542291199,2984.0001,2984.0001,0.0,4.27612336,83.21588206291199,82.25089541799996,80.41045257399996,146,141,231,1619,1713,1459,1704,257.0,1704,257
dd_w100,mcp4-n100-r16-07,68.26356466931848,2678.0001000000047,2678.0001000000047,0.0,5.346397721,62.91716694831848,62.16346869799999,60.677499045,118,114,199,1682,1776,1522,1737,227.0,1737,227
dd_w100,mcp4-n100-r16-08,146.15335360803124,3016.000199999996,3016.0001999999963,0.0,4.283419526,141.86993408203125,130.994393943,127.8181727280001,259,255,6818,1613,1708,1453,1811,375.0,1811,375
dd_w100,mcp4-n100-r16-09,226.0335473829463,2889.00016,2889.0001599999996,0.0,4.800841313,221.2327060699463,215.10938386800007,210.5196433680001,406,395,2462,1632,1726,1472,1969,503.0,1969,503
dd_w100,mcp4-n100-r16-10,27.586470344822875,2992.000100000003,2992.000100000003,0.0,3.769930342,23.816540002822876,23.308583067999997,22.777367022999996,50,47,47,1667,1763,1507,1657,160.0,1657,160
dd_w100,mcp4-n110-r08-01,2889.755733549046,7634.000200000008,7634.2653323269,3.473045846814935e-5,21.271134674,2868.484598875046,2856.3486890469985,2850.5944189330025,480,468,6737,1646,1804,1472,2038,568.0,2038,568
dd_w100,mcp4-n110-r08-02,2901.1612798803912,7522.000099999997,7522.000099999997,0.0,23.200085842,2877.961194038391,2867.4763074530024,2857.7692518909985,773,762,3316,1637,1796,1463,2324,864.0,2324,864
dd_w100,mcp4-n110-r08-03,3695.833033202002,8261.000149999993,11912.350337717908,0.44199856208910954,20.974759219,3674.8582739830017,3412.4659794790005,3403.058278880002,753,746,133248,1648,1808,1474,2321,852.0,2321,852
dd_w100,mcp4-n110-r08-04,3631.96432703097,8120.000099999999,8120.000099999999,0.0,20.799115115,3611.16521191597,3581.241567746,3574.836182757001,568,559,16100,1633,1793,1459,2118,663.0,2118,663
dd_w100,mcp4-n110-r08-05,1772.497858877813,7733.3335,7733.333500000001,0.0,22.964647885,1749.533210992813,1734.228891723,1729.8160529560002,367,359,7658,1647,1805,1473,1931,461.0,1931,461
dd_w100,mcp4-n110-r08-06,2657.7409961461267,8346.666800000014,8347.404933206479,8.843448817977673e-5,24.252377057,2633.4886190891266,2590.6108643830007,2585.9119442960005,429,423,28825,1637,1796,1463,1985,525.0,1985,525
dd_w100,mcp4-n110-r08-07,3740.161743535958,6723.000166666668,7450.382994736842,0.10819318905815503,28.344511404,3711.817232131958,3697.4730163330023,3692.6511972929993,411,402,6023,1663,1823,1489,1994,513.0,1994,513
dd_w100,mcp4-n110-r08-08,3600.000209028824,7800.091063636367,13881.40519314455,0.7796465553920215,23.648741181,3576.351467847824,3513.330817101995,3502.2338893799943,973,967,29054,1647,1807,1473,2542,1075.0,2542,1075
dd_w100,mcp4-n110-r08-09,2559.1402694858402,8865.833466666661,8865.833466666661,0.0,24.512910334,2534.62735915184,2524.241874314003,2519.3662521570004,439,433,5631,1640,1799,1466,1999,537.0,1999,537
dd_w100,mcp4-n110-r08-10,3634.1715615924363,6581.000200000005,14448.342543846858,1.195463015461821,23.329928511,3610.841633081436,3570.039404920004,3562.5749199340007,655,649,20745,1628,1787,1454,2202,751.0,2202,751
dd_w100,mcp4-n110-r10-01,1122.8017269264858,5975.0000999999975,5975.0000999999975,0.0,14.824272741,1107.9774541854858,1105.5573571770005,1101.7378143559997,343,335,993,1635,1767,1461,1896,439.0,1896,439
dd_w100,mcp4-n110-r10-02,937.1147590839519,5588.0000999999975,5588.0000999999975,0.0,15.487791177,921.6269679069519,911.067113966,906.1379699059999,405,395,4929,1607,1740,1433,1930,504.0,1930,504
dd_w100,mcp4-n110-r10-03,2636.69836695142,6293.20014,6293.636334961077,6.9312106936661e-5,14.906280827,2621.79208612442,2363.8078799079985,2350.7171756990037,1141,1128,131643,1607,1738,1433,2662,1234.0,2662,1234
dd_w100,mcp4-n110-r10-04,1824.9680896123773,5736.0001,5736.485583033816,8.463790539602654e-5,14.581635507,1810.3864541053772,1758.8870327869993,1750.533408881999,716,707,32720,1648,1778,1474,2279,807.0,2279,807
dd_w100,mcp4-n110-r10-05,1366.4182823750648,6081.666799999994,6081.666799999993,0.0,15.436465368,1350.9818170070648,1344.1753999049995,1339.4757894609997,431,421,2607,1628,1761,1454,1980,537.0,1980,537
dd_w100,mcp4-n110-r10-06,1094.794726832165,6171.000100000002,6171.000100000001,0.0,11.97031091,1082.824415922165,1074.232367734999,1068.7759391999998,494,487,3609,1619,1751,1445,2034,599.0,2034,599
dd_w100,mcp4-n110-r10-07,1832.869860208038,6631.000100000003,6631.000100000003,0.0,14.736752069,1818.133108139038,1800.434899383999,1794.660447778001,542,535,9812,1611,1741,1437,2070,635.0,2070,635
dd_w100,mcp4-n110-r10-08,1554.7003886581865,6140.000149999994,6140.3844154610415,6.258394978167999e-5,17.539367664,1537.1610209941864,1472.0910162570003,1464.4742373070017,686,678,41868,1629,1760,1455,2233,782.0,2233,782
dd_w100,mcp4-n110-r10-09,1595.1852367825277,6376.0001500000035,6376.0001500000035,0.0,16.276749701,1578.9084870815277,1561.585940961,1556.5357022139985,463,454,8471,1665,1795,1491,2043,554.0,2043,554
dd_w100,mcp4-n110-r10-10,1709.1558298991872,6065.000140000002,6065.000140000002,0.0,16.888914101,1692.2669157981873,1638.7830578639991,1631.3991713089997,598,589,37039,1647,1780,1473,2165,699.0,2165,699
dd_w100,mcp4-n110-r12-01,471.67389807171935,5279.5001500000035,5279.951907228911,8.556818184914885e-5,8.402833075,463.27106499671936,385.51034325500007,382.63269147799974,242,240,52998,1602,1714,1428,1767,342.0,1767,342
dd_w100,mcp4-n110-r12-02,420.5038832467175,4376.000099999999,4376.000099999999,0.0,12.09087408,408.41300916671753,406.48598506499997,403.1193092660002,273,268,645,1610,1724,1436,1804,372.0,1804,372
dd_w100,mcp4-n110-r12-03,1368.2550360774414,5184.000100000004,5184.500150000004,9.646026048505584e-5,11.755032978,1356.5000030994415,1298.7241380139994,1290.6985899030003,661,652,36039,1603,1718,1429,2182,759.0,2182,759
dd_w100,mcp4-n110-r12-04,415.53269615362865,4269.000099999997,4269.000099999997,0.0,11.517512228,404.01518392562866,401.4176024270001,398.08694151999936,277,269,872,1585,1699,1411,1780,373.0,1780,373
dd_w100,mcp4-n110-r12-05,881.6271218596105,4786.500149999997,4786.955852212394,9.520572403977209e-5,13.372401887,868.2547199726105,852.764369072,846.4478887789999,555,547,8028,1582,1696,1408,2057,657.0,2057,657
dd_w100,mcp4-n110-r12-06,1229.6435864938778,4867.666799999999,4867.700753747503,6.975363947220346e-6,12.143965341,1217.4996211528778,1183.8831695209997,1175.6793994869997,714,703,18289,1612,1725,1438,2243,812.0,2243,812
dd_w100,mcp4-n110-r12-07,845.8418281692113,5195.500150000001,5195.661184687058,3.0995030778222294e-5,11.485076012,834.3567521572113,812.5572945169998,805.3004698119997,634,621,11769,1610,1723,1436,2160,734.0,2160,734
dd_w100,mcp4-n110-r12-08,732.3503268386786,4649.555699999995,4649.555699999995,0.0,13.39702374,718.9533030986786,713.1923329350003,708.8962406219994,386,378,2624,1608,1720,1434,1910,478.0,1910,478
dd_w100,mcp4-n110-r12-09,638.3100813377876,4766.000166666666,4766.000166666666,0.0,11.731276368,626.5788049697876,564.3715112579998,560.014154078,387,383,45353,1619,1731,1445,1928,487.0,1928,487
dd_w100,mcp4-n110-r12-10,484.8099844888977,4922.000100000003,4922.000100000003,0.0,12.584203525,472.2257809638977,470.7101769830001,468.21422383400005,231,226,558,1606,1720,1432,1758,330.0,1758,330
dd_w100,mcp4-n110-r14-01,342.46903798941577,4101.800180000002,4102.194366779427,9.610092206507038e-5,6.491363982,335.97767400741577,329.93832645399993,325.503014615,365,359,3034,1591,1692,1417,1877,465.0,1877,465
dd_w100,mcp4-n110-r14-02,454.93313853804176,4067.000133333329,4067.000133333329,0.0,9.283137489,445.65000104904175,428.9259505599999,425.4109395110001,330,325,14241,1561,1661,1387,1812,429.0,1812,429
dd_w100,mcp4-n110-r14-03,277.2291087892631,4554.000100000001,4554.000100000001,0.0,7.779306629,269.44980216026306,267.92583102500004,265.08137165399995,285,277,582,1588,1689,1414,1794,388.0,1794,388
dd_w100,mcp4-n110-r14-04,359.76256977239683,4383.000100000001,4383.000100000001,0.0,6.8409258,352.92164397239685,351.01024974299975,347.22948429799993,375,367,528,1566,1666,1392,1859,471.0,1859,471
dd_w100,mcp4-n110-r14-05,418.36420744663377,3578.0001,3578.0001,0.0,9.348420322,409.0157871246338,405.48220820600017,401.31545420099985,364,356,1130,1604,1704,1430,1885,458.0,1885,458
dd_w100,mcp4-n110-r14-06,680.5618395931397,3597.000200000005,3597.000200000005,0.0,10.389531625,670.1723079681396,654.3696620500004,649.6533117679995,422,411,10707,1611,1711,1437,1949,517.0,1949,517
dd_w100,mcp4-n110-r14-07,325.0149480198558,4315.166800000003,4315.166800000003,0.0,8.595199952,316.41974806785583,247.68889094699992,244.17963884999992,291,289,43069,1622,1724,1448,1841,407.0,1841,407
dd_w100,mcp4-n110-r14-08,439.7448985000061,4166.666800000002,4166.666800000002,0.0,7.8378374,431.9070611000061,428.2546717619999,423.37495691099997,441,428,1129,1562,1662,1388,1916,535.0,1915,532
dd_w100,mcp4-n110-r14-09,348.5411492528414,4067.0002000000018,4067.0002000000013,0.0,7.486284131,341.05486512184143,337.48982393500023,333.42284274999986,391,384,1190,1601,1703,1427,1915,500.0,1915,500
dd_w100,mcp4-n110-r14-10,778.0899981402501,3643.000200000005,3643.1567495207664,4.297269068540619e-5,10.810431137,767.2795670032501,722.7179937670003,716.8900354620004,535,522,33137,1604,1705,1430,2054,632.0,2054,632
dd_w100,mcp4-n110-r16-01,242.38792883995495,3365.000100000001,3365.000100000001,0.0,5.563289758,236.82463908195496,235.18092634899995,231.55616234000007,288,280,730,1589,1682,1415,1799,399.0,1799,399
dd_w100,mcp4-n110-r16-02,148.33976823093934,3295.0000999999993,3295.0000999999993,0.0,6.061424315,142.27834391593933,141.06004604699996,138.66767655999996,196,188,442,1555,1645,1381,1668,290.0,1668,290
dd_w100,mcp4-n110-r16-03,169.93566888838683,3681.0001999999986,3681.0001999999986,0.0,6.490276995,163.44539189338684,162.39619403500004,159.470721005,222,216,407,1613,1703,1439,1755,320.0,1755,320
dd_w100,mcp4-n110-r16-04,398.03440788329186,3299.3335000000006,3299.3335000000006,0.0,7.323589831,390.71081805229187,385.5495570399997,381.3517611460002,308,300,1834,1612,1702,1438,1838,408.0,1838,408
dd_w100,mcp4-n110-r16-05,220.1051022701172,3513.0000999999957,3513.0000999999957,0.0,5.1153104,214.9897918701172,213.953141512,211.06879960200007,248,242,260,1571,1665,1397,1743,354.0,1743,354
dd_w100,mcp4-n110-r16-06,441.54601861262563,3310.500149999997,3310.8050232160376,9.20927963227869e-5,5.802724612,435.7432940006256,372.48012976199976,365.39777035599997,570,561,32425,1600,1694,1426,2094,682.0,2094,682
dd_w100,mcp4-n110-r16-07,568.6383313840005,3346.0001000000007,3346.086921608559,2.594787984562192e-5,5.770063371,562.8682680130005,532.395373554,526.5213946840001,462,452,23433,1600,1692,1426,1980,560.0,1980,560
dd_w100,mcp4-n110-r16-08,226.69502383568297,3322.0001500000008,3322.0001500000008,0.0,5.47808987,221.21693396568298,214.77134676000017,211.12414819800014,297,292,3431,1552,1647,1378,1778,415.0,1778,415
dd_w100,mcp4-n110-r16-09,299.3424118385289,3576.0000999999997,3576.038561538466,1.0755463476199495e-5,6.647043787,292.69536805152893,288.944200008,284.3247612100002,341,331,1101,1604,1697,1430,1864,444.0,1864,444
dd_w100,mcp4-n110-r16-10,340.1395777754143,3257.0001000000007,3257.000100000001,0.0,7.639754682,332.4998230934143,331.02029469800004,326.86575437599987,309,299,482,1594,1684,1420,1818,401.0,1818,401
dd_w100,mcp4-n120-r08-01,3600.1146926095453,8797.000150000009,16969.30213494803,0.9289873645106181,37.501291435,3562.6134011745453,3548.2862175670016,3540.8083339110012,504,500,5749,1777,1940,1587,2186,602.0,2186,602
dd_w100,mcp4-n120-r08-02,3618.7506246646967,8430.750149999998,18502.272868138105,1.194617624641398,38.665327557,3580.0852971076965,3567.3386960860025,3560.58296993,474,469,4539,1798,1963,1608,2178,576.0,2178,576
dd_w100,mcp4-n120-r08-03,3608.3097831933355,7275.000200000004,17236.753588951924,1.3693131429675995,35.137783262,3573.1719999313354,3559.198582575998,3551.797293824998,516,508,4850,1797,1960,1607,2213,608.0,2213,608
dd_w100,mcp4-n120-r08-04,3612.9269309480233,6376.000199999999,17665.95771248789,1.77069591567577,39.171286865,3573.755644083023,3551.5936642359993,3543.90703105,553,547,9374,1813,1978,1623,2271,653.0,2270,651
dd_w100,mcp4-n120-r08-05,3614.510101569689,8287.000139999996,15934.414296038423,0.9228205655657719,35.36701156,3579.1430900096893,3571.7023525769996,3564.2304717670017,590,584,2073,1784,1949,1594,2279,690.0,2279,690
dd_w100,mcp4-n120-r08-06,3668.387274793315,7068.071600000004,16556.25126930959,1.3424000500093378,41.276717714,3627.110557079315,3604.4050204950026,3594.6493692129993,724,719,10182,1767,1931,1577,2395,821.0,2395,821
dd_w100,mcp4-n120-r08-07,3759.8246384592453,7830.000133333323,18470.282937764663,1.3589122124192923,46.331485364,3713.4931530952454,3711.6999518459975,3707.1604845360016,329,322,378,1772,1936,1582,2003,424.0,2003,424
dd_w100,mcp4-n120-r08-08,3600.4833569935613,7446.000133333336,16209.000100000001,1.176873463571072,44.980346959,3555.503010034561,3529.0078692340003,3518.504405954005,744,738,10827,1794,1959,1604,2443,845.0,2443,845
dd_w100,mcp4-n120-r08-09,3604.6367558756024,7698.571600000002,16625.58385779608,1.1595673485450304,52.63130968,3552.0054461956024,3531.645954487999,3524.5830394230006,532,527,6817,1818,1981,1628,2254,629.0,2254,629
dd_w100,mcp4-n120-r08-10,3159.4839494201874,9149.0001,9149.0001,0.0,29.971594331,3129.5123550891876,3122.763103389002,3116.767667316,422,416,1701,1781,1946,1591,2107,520.0,2107,520
dd_w100,mcp4-n120-r10-01,3798.8697553745296,6709.500150000002,9132.692813738675,0.3611584484037418,22.101477491,3776.7682778835297,3492.3895212279986,3480.8753124809964,877,868,138751,1759,1892,1569,2538,976.0,2538,976
dd_w100,mcp4-n120-r10-02,3523.592157044968,7276.000099999999,7276.000099999999,0.0,24.161954084,3499.430202960968,3477.397776282999,3469.3499887920007,626,620,12272,1770,1904,1580,2299,723.0,2299,723
dd_w100,mcp4-n120-r10-03,2154.350197397897,7147.0001499999935,7147.0001499999935,0.0,25.343592488,2129.006604909897,2071.177464422998,2064.7956326770036,520,516,37628,1774,1909,1584,2201,624.0,2201,624
dd_w100,mcp4-n120-r10-04,2305.0342751254984,7145.333466666671,7146.000100000024,9.329632220289674e-5,21.807588171,2283.2266869544983,2256.0470749199994,2248.3415343780007,609,602,12805,1770,1905,1580,2282,707.0,2282,707
dd_w100,mcp4-n120-r10-05,2055.7268941613725,6967.000099999994,6967.000099999994,0.0,24.146167061,2031.5807271003723,2025.4274348079994,2020.2344130960003,414,408,2037,1778,1914,1588,2097,514.0,2097,514
dd_w100,mcp4-n120-r10-06,2045.420569504424,7058.000100000004,7058.000100000004,0.0,24.436245526,2020.984323978424,2009.1170203389984,2002.7758506820005,542,532,4500,1742,1876,1552,2184,636.0,2184,636
dd_w100,mcp4-n120-r10-07,2477.5446159601274,7019.0001,7019.0001,0.0,26.479398942,2451.0652170181274,2437.665039382999,2430.4809700319984,593,585,5029,1743,1876,1553,2239,691.0,2239,691
dd_w100,mcp4-n120-r10-08,1555.272285753885,7300.000100000001,7300.000100000001,0.0,22.72867685,1532.543608903885,1503.9257252830002,1498.7390734270004,394,390,17688,1759,1892,1569,2057,490.0,2057,490
dd_w100,mcp4-n120-r10-09,3997.39362737725,5846.000250000004,11396.101587314086,0.9493843824782728,24.379903527,3973.0137238502502,3924.7286035700017,3913.3819227129984,896,887,23268,1772,1908,1582,2570,993.0,2570,993
dd_w100,mcp4-n120-r10-10,3609.288450158854,6115.000150000005,11327.225375101189,0.8523671459110559,24.127803005,3585.1606471538544,3551.196952831998,3541.796791078,749,740,16935,1780,1913,1590,2429,842.0,2429,842
dd_w100,mcp4-n120-r12-01,242.89606943047778,5697.000100000001,5697.000100000001,0.0,15.579998397,227.31607103347778,226.03425330300007,224.51452476600008,114,107,339,1774,1889,1584,1791,212.0,1791,212
dd_w100,mcp4-n120-r12-02,1517.9723880716535,5520.000200000004,5520.520405583199,9.424013846867117e-5,17.622801108,1500.3495869636536,1479.2920470609993,1471.3318362999996,572,564,11913,1768,1883,1578,2244,673.0,2243,670
dd_w100,mcp4-n120-r12-03,398.3091134942875,5226.000149999999,5226.000149999999,0.0,17.772082559,380.5370309352875,379.44115410600006,377.547535154,142,138,368,1748,1865,1558,1798,248.0,1798,248
dd_w100,mcp4-n120-r12-04,1849.9896485834045,5197.00015,5197.219509282702,4.220882747184423e-5,18.2419045,1831.7477440834045,1822.4692308400008,1813.3146348499997,710,700,2579,1745,1859,1555,2358,812.0,2358,812
dd_w100,mcp4-n120-r12-05,1169.1011802858961,5477.0001,5477.000099999999,0.0,18.698953361,1150.4022269248962,1146.8713926179994,1141.4112488209998,439,434,921,1738,1853,1548,2082,538.0,2082,538
dd_w100,mcp4-n120-r12-06,2587.834203224585,5150.300150000001,5150.300150000001,0.0,18.236796122,2569.597407102585,2524.678002922001,2513.5147008689987,863,849,24983,1749,1863,1559,2510,957.0,2510,957
dd_w100,mcp4-n120-r12-07,1149.5159330294152,5552.000099999999,5552.000099999999,0.0,19.04519891,1130.4707341194153,1123.0744201969997,1117.0922040110006,422,412,3016,1732,1848,1542,2056,521.0,2056,521
dd_w100,mcp4-n120-r12-08,2005.0636577938203,5772.666800000008,5772.8914543478295,3.891690887500076e-5,18.715192828,1986.3484649658203,1972.4024944199996,1964.1149659459984,689,681,6620,1772,1886,1582,2363,785.0,2363,785
dd_w100,mcp4-n120-r12-09,296.7528117634968,5736.0000999999975,5736.0000999999975,0.0,18.584053848,278.1687579154968,277.06226712100005,276.027726203,89,85,341,1745,1861,1555,1741,191.0,1741,191
dd_w100,mcp4-n120-r12-10,1235.7993434385562,5593.000100000001,5593.000100000001,0.0,18.510045381,1217.2892980575562,1207.0120224929994,1200.4743043760004,456,450,3859,1764,1877,1574,2123,552.0,2123,552
dd_w100,mcp4-n120-r14-01,1126.5328773420986,4963.000100000003,4963.385045191687,7.756300300779408e-5,14.793129341,1111.7397480010986,1019.8682322620017,1012.3691618039998,553,547,59400,1698,1799,1508,2158,657.0,2158,657
dd_w100,mcp4-n120-r14-02,1439.3000359174446,4841.000149999997,4841.142957142857,2.94995121741455e-5,12.012517893,1427.2875180244446,1155.3913989520015,1141.9276206849988,1084,1078,106276,1729,1832,1539,2720,1192.0,2720,1192
dd_w100,mcp4-n120-r14-03,1000.7610898519941,4269.333466666671,4269.333466666671,0.0,15.256477883,985.5046119689941,963.8379591870003,956.6428654160009,498,486,12083,1735,1835,1545,2133,594.0,2133,594
dd_w100,mcp4-n120-r14-04,1329.1128549058774,4003.0001500000017,4003.120100000001,2.9965025107314806e-5,18.370391794,1310.7424631118774,1295.5447558969995,1290.057899703,427,419,9447,1710,1812,1520,2041,527.0,2041,527
dd_w100,mcp4-n120-r14-05,617.4963824414787,4559.0001,4559.0001,0.0,13.418166604,604.0782158374786,589.0266257959995,584.1944328490001,425,422,8904,1694,1799,1504,2034,546.0,2034,546
dd_w100,mcp4-n120-r14-06,1295.3661966840068,4695.000119999999,4695.392372651562,8.354688850646235e-5,14.307882599,1281.0583140850067,1129.8006406449997,1121.8406786209998,616,609,70944,1763,1864,1573,2284,719.0,2284,719
dd_w100,mcp4-n120-r14-07,1462.6515461416398,4324.333466666665,4324.333466666665,0.0,14.328089139,1448.3234570026398,1350.2510618159997,1342.559043813001,616,606,51698,1708,1807,1518,2225,714.0,2225,714
dd_w100,mcp4-n120-r14-08,1062.4534232692542,4333.0001999999995,4333.272835350434,6.292068724920416e-5,12.64785219,1049.8055710792542,992.6102727620001,987.3067452719993,378,368,44250,1714,1816,1524,1994,476.0,1994,476
dd_w100,mcp4-n120-r14-09,850.2641927966621,4077.0000999999997,4077.0000999999997,0.0,14.045110918,836.2190818786621,831.1906295119998,826.0627600430003,381,372,1962,1757,1857,1567,2038,474.0,2038,474
dd_w100,mcp4-n120-r14-10,677.4893498801068,4344.000099999999,4344.000099999999,0.0,12.26031188,665.2290380001068,660.9182236870002,654.3819392270003,491,484,988,1738,1838,1548,2132,588.0,2132,588
dd_w100,mcp4-n120-r16-01,385.6382559271753,3533.0001000000057,3533.0001000000057,0.0,10.580429885,375.0578260421753,373.2766549500001,368.9488743300002,307,299,464,1712,1801,1522,1922,407.0,1922,407
dd_w100,mcp4-n120-r16-02,874.1160199109846,4065.000150000003,4065.0001999999986,1.230012145354097e-8,10.344392008,863.7716279029846,814.3929274060002,805.0110908349994,637,630,28591,1729,1818,1539,2270,737.0,2270,737
dd_w100,mcp4-n120-r16-03,503.6526829241046,4025.400139999996,4025.7899658564893,9.684151710025769e-5,8.179483795,495.4731991291046,444.5648732440001,438.8329501769997,393,390,28775,1686,1777,1496,1990,504.0,1990,504
dd_w100,mcp4-n120-r16-04,561.2699884047976,3979.000100000007,3979.000100000007,0.0,12.886806356,548.3831820487976,531.600729117,525.6866276189999,390,384,8320,1717,1811,1527,2015,498.0,2015,498
dd_w100,mcp4-n120-r16-05,542.7354643094145,3748.0001000000034,3748.0001000000034,0.0,10.480218147,532.2552461624146,527.399380644,521.431542456,367,360,1524,1736,1825,1546,2007,467.0,2007,467
dd_w100,mcp4-n120-r16-06,1056.8431899513507,3716.0001500000017,3716.3553182811984,9.557811271797474e-5,13.757271048,1043.0859189033508,1003.5249392560004,995.351504099,560,547,25289,1729,1820,1539,2189,657.0,2189,657
dd_w100,mcp4-n120-r16-07,561.9756482475005,3743.500199999999,3743.500199999999,0.0,10.098591172,551.8770570755005,549.8077717210001,544.8116219640001,372,362,673,1727,1817,1537,2001,471.0,2001,471
dd_w100,mcp4-n120-r16-08,731.4675720386289,3480.333466666667,3480.4667666666674,3.830092756257848e-5,13.023136919,718.4444351196289,716.0693050180003,711.2634203329997,432,422,1060,1719,1811,1529,2057,548.0,2057,548
dd_w100,mcp4-n120-r16-09,451.5658406001111,3623.0001,3623.0001,0.0,9.293656705,442.2721838951111,430.434036116,425.7515063489996,390,382,6810,1694,1790,1504,1992,509.0,1992,509
dd_w100,mcp4-n120-r16-10,896.0742583061871,3788.000133333332,3788.000133333332,0.0,12.010031202,884.064227104187,857.9803810669996,849.1561480070003,720,708,13138,1661,1752,1471,2283,823.0,2283,823
dd_w150,mcp4-n070-r08-01,51.225059832910766,4283.000133333328,4283.000133333328,0.0,3.34293374,47.88212609291077,45.92004666099999,43.521122421,124,119,744,2074,2267,1962,2236,288.0,2236,288
dd_w150,mcp4-n070-r08-02,123.05787104293432,4517.500149999999,4517.789289189191,6.400424562060082e-5,3.178785979,119.87908506393433,78.63113310100003,75.056946047,176,168,21069,2011,2205,1899,2225,347.0,2224,345
dd_w150,mcp4-n070-r08-03,81.53292457576282,3691.000200000005,3691.000200000005,0.0,3.251631422,78.28129315376282,68.921747145,65.20026432499998,207,198,4509,2054,2248,1942,2295,365.0,2295,365
dd_w150,mcp4-n070-r08-04,81.3274509992666,4690.000100000005,4690.020200502507,4.285821337598374e-6,2.395694026,78.9317569732666,77.87398606000002,75.39647919900001,150,143,279,2004,2198,1892,2191,312.0,2191,312
dd_w150,mcp4-n070-r08-05,88.26421760939307,3845.0001,3845.000100000001,0.0,3.583857769,84.68035984039307,79.43299034400003,75.87085520900004,184,176,2121,2125,2316,2013,2341,338.0,2341,338
dd_w150,mcp4-n070-r08-06,34.35742433528601,4825.000150000002,4825.000150000002,0.0,3.188869314,31.16855502128601,30.106353255999995,28.890883345000002,74,68,237,2085,2275,1973,2193,228.0,2193,228
dd_w150,mcp4-n070-r08-07,86.82968093670605,3732.000100000001,3732.000100000001,0.0,3.794602888,83.03507804870605,73.266850074,70.00862801699998,171,162,5144,2109,2299,1997,2311,320.0,2311,320
dd_w150,mcp4-n070-r08-08,109.86763160774048,4167.000100000001,4167.000100000001,0.0,3.612822705,106.25480890274048,102.78199905299999,99.151562219,192,183,732,2090,2283,1978,2317,354.0,2317,354
dd_w150,mcp4-n070-r08-09,84.46130523960437,4190.000100000001,4190.000100000001,0.0,3.174193242,81.28711199760437,78.09436963899998,74.93020078,164,159,784,2130,2320,2018,2329,321.0,2329,321
dd_w150,mcp4-n070-r08-10,58.54404163424536,4291.0000999999975,4291.0000999999975,0.0,2.943466664,55.60057497024536,52.05719537299999,48.92720109099997,169,164,568,2065,2254,1953,2270,325.0,2269,323
dd_w150,mcp4-n070-r10-01,25.61430826561255,3716.0002000000013,3716.0002000000013,0.0,1.884781269,23.72952699661255,22.682142838,21.129865689000003,85,81,356,1978,2156,1866,2104,258.0,2104,258
dd_w150,mcp4-n070-r10-02,55.334024231342894,3023.0001500000026,3023.0001500000026,0.0,2.513222258,52.820801973342896,51.277250333000026,48.888398024,131,122,586,2020,2192,1908,2182,286.0,2182,286
dd_w150,mcp4-n070-r10-03,68.36834089024988,3403.0001000000007,3403.0001000000007,0.0,2.623493831,65.74484705924988,58.295156892999984,54.24093759299999,212,201,2521,2062,2237,1950,2308,371.0,2307,369
dd_w150,mcp4-n070-r10-04,69.2778549311864,3412.2501499999994,3412.2501499999994,0.0,1.743787062,67.5340678691864,61.720561284000006,57.654566657999965,237,223,2364,1933,2108,1821,2200,391.0,2200,391
dd_w150,mcp4-n070-r10-05,24.032109309620484,3104.0001,3104.0001,0.0,1.848012258,22.184097051620483,21.514502833999998,20.145401375,79,71,111,2004,2178,1892,2117,234.0,2117,234
dd_w150,mcp4-n070-r10-06,40.28519863195312,3933.0002,3933.0002,0.0,0.51002163,39.775177001953125,38.37610974199997,35.996961761,124,115,550,2004,2184,1892,2166,297.0,2166,297
dd_w150,mcp4-n070-r10-07,31.19813200285254,3412.0001,3412.0001,0.0,1.340853179,29.85727882385254,28.836316134999997,26.93596347,107,102,404,2018,2192,1906,2162,268.0,2162,268
dd_w150,mcp4-n070-r10-08,41.86851994658936,3314.0001500000008,3314.0001500000008,0.0,1.548715755,40.319804191589355,39.30411247500001,36.968897168000005,144,134,278,2015,2190,1903,2191,298.0,2191,298
dd_w150,mcp4-n070-r10-09,52.292934454956786,3319.6668,3319.6668,0.0,2.860239543,49.43269491195679,47.26704786899999,43.85630237200002,184,176,611,2000,2177,1888,2222,351.0,2222,351
dd_w150,mcp4-n070-r10-10,45.93736824171008,4003.50015,4003.50015,0.0,1.145817367,44.79155087471008,43.854532202000016,40.688706428,152,141,194,2078,2251,1966,2260,309.0,2260,309
dd_w150,mcp4-n070-r12-01,36.792898921471924,2717.00018,2717.00018,0.0,1.503465919,35.289433002471924,33.761132311,31.396841590000005,144,137,557,2005,2168,1893,2186,309.0,2186,309
dd_w150,mcp4-n070-r12-02,33.26705072852185,2701.3334666666665,2701.3334666666665,0.0,1.355904803,31.91114592552185,29.53417349899999,26.78668546100001,145,140,560,2064,2226,1952,2245,302.0,2245,302
dd_w150,mcp4-n070-r12-03,17.63062160264221,2729.000100000003,2729.000100000003,0.0,1.153324535,16.477297067642212,15.729178701999999,14.465214644000005,71,65,110,2042,2206,1930,2149,232.0,2149,232
dd_w150,mcp4-n070-r12-04,42.82884149439392,2555.0001,2555.0001,0.0,1.958602475,40.87023901939392,37.460040514000006,34.64810037000001,155,148,805,1975,2144,1863,2173,339.0,2173,339
dd_w150,mcp4-n070-r12-05,35.81184267657629,2196.0001399999974,2196.0001399999974,0.0,2.570258614,33.241584062576294,32.380286187,30.314289105999997,130,124,236,1967,2133,1855,2137,301.0,2137,301
dd_w150,mcp4-n070-r12-06,21.30276078800244,2249.0001,2249.0001,0.0,1.527826973,19.77493381500244,18.968787641999995,17.514674142000004,81,77,148,1970,2136,1858,2093,264.0,2092,260
dd_w150,mcp4-n070-r12-07,31.499900565039795,2338.5002000000004,2338.5002000000004,0.0,2.059299693,29.440600872039795,28.106666090000004,26.087211169999996,115,108,517,2004,2168,1892,2155,277.0,2154,275
dd_w150,mcp4-n070-r12-08,36.73254922046436,2860.333466666667,2860.333466666667,0.0,1.484278232,35.248270988464355,30.445099335000013,28.455477356999996,120,113,2052,1954,2120,1842,2113,284.0,2113,284
dd_w150,mcp4-n070-r12-09,56.77381805010632,2674.0001,2674.0001,0.0,1.334923063,55.43889498710632,52.03075245400001,48.81327455700001,197,184,915,2021,2184,1909,2246,346.0,2246,346
dd_w150,mcp4-n070-r12-10,21.246907696229005,2880.000199999999,2880.000199999999,0.0,1.251865849,19.995041847229004,18.975491473,17.602480041,82,79,360,1962,2125,1850,2083,244.0,2083,244
dd_w150,mcp4-n070-r14-01,41.11684940227905,2391.666799999999,2391.666799999999,0.0,1.51007841,39.60677099227905,32.036204363999985,28.726675851000003,201,191,2731,2008,2166,1896,2244,372.0,2244,372
dd_w150,mcp4-n070-r14-02,29.17689608200586,1915.5001500000012,1915.5001500000012,0.0,1.273304926,27.90359115600586,26.663496739000003,23.815095686,145,137,420,1932,2090,1820,2117,326.0,2116,323
dd_w150,mcp4-n070-r14-03,29.373931035420167,2035.5715714285716,2035.5715714285716,0.0,0.911923036,28.462007999420166,24.392018394,22.33952021100001,130,121,1852,1822,1985,1710,1994,336.0,1994,336
dd_w150,mcp4-n070-r14-04,16.94477642632312,2220.000149999999,2220.000149999999,0.0,0.446055542,16.49872088432312,15.272825373000003,13.615804881,84,78,538,1994,2147,1882,2112,237.0,2112,237
dd_w150,mcp4-n070-r14-05,26.139336974146605,1797.5001500000017,1797.5001500000017,0.0,1.684541852,24.454795122146606,21.976583894999997,19.867467778,121,115,863,1911,2065,1799,2067,284.0,2067,284
dd_w150,mcp4-n070-r14-06,8.45206605570288,2060.0001999999995,2060.0001999999995,0.0,1.801941029,6.650125026702881,6.185454513999998,5.579603074,34,32,67,1906,2058,1794,1977,190.0,1977,190
dd_w150,mcp4-n070-r14-07,19.014610516610475,2126.0001000000007,2126.0001000000007,0.0,1.025515544,17.989094972610474,17.283236512000002,15.622394656000004,99,93,123,1934,2087,1822,2068,258.0,2068,258
dd_w150,mcp4-n070-r14-08,23.425621200565672,1959.0001000000013,1959.0001000000013,0.0,1.327167202,22.098453998565674,20.98267258100001,19.18889762499999,96,89,476,1955,2107,1843,2083,248.0,2083,248
dd_w150,mcp4-n070-r14-09,29.673593683697877,1995.0001000000004,1995.0001000000004,0.0,1.067258759,28.606334924697876,26.835083162000004,24.50860868899999,136,128,755,1921,2082,1809,2099,333.0,2099,333
dd_w150,mcp4-n070-r14-10,29.294127664390626,2080.000100000001,2080.000100000001,0.0,1.607451639,27.686676025390625,25.011943834000007,22.956379336000012,117,111,1380,1910,2066,1798,2064,288.0,2064,288
dd_w150,mcp4-n070-r16-01,19.567233568848632,2000.000100000003,2000.000100000003,0.0,0.605317599,18.961915969848633,18.338200621000002,16.325218100999997,103,97,107,1950,2098,1838,2090,265.0,2089,262
dd_w150,mcp4-n070-r16-02,17.290056051942504,1713.000100000001,1713.000100000001,0.0,0.529102864,16.760953187942505,14.978871944,13.389856401000003,102,97,1033,1899,2050,1787,2040,271.0,2040,271
dd_w150,mcp4-n070-r16-03,27.36148811395764,1780.0001333333335,1780.0001333333335,0.0,1.006492148,26.35499596595764,21.418562525,19.542051168000004,113,107,2860,1904,2056,1792,2059,285.0,2059,285
dd_w150,mcp4-n070-r16-04,24.53729439016626,2174.000149999999,2174.000149999999,0.0,0.842231276,23.69506311416626,22.072839994,19.904588502000003,145,135,590,1897,2051,1785,2081,317.0,2081,317
dd_w150,mcp4-n070-r16-05,16.989030129157594,1872.0001000000002,1872.0001000000002,0.0,0.874181277,16.114848852157593,14.667111834000004,13.128830025000003,92,88,619,1966,2115,1854,2097,261.0,2097,261
dd_w150,mcp4-n070-r16-06,29.471242781194825,1821.2501249999975,1821.2501249999975,0.0,0.958086844,28.513155937194824,27.242721105999994,24.96523306,151,140,469,1927,2084,1815,2122,380.0,2121,364
dd_w150,mcp4-n070-r16-07,28.4680439565603,1802.5001499999994,1802.5001499999994,0.0,1.588506851,26.879537105560303,23.555455636000012,21.298748428000014,147,138,1306,1944,2100,1832,2131,317.0,2131,317
dd_w150,mcp4-n070-r16-08,10.47209769192395,1836.000100000002,1836.000100000002,0.0,1.060797748,9.41129994392395,8.899683880000001,7.844059064,55,52,64,1923,2071,1811,2016,212.0,2016,212
dd_w150,mcp4-n070-r16-09,17.078099674293824,1988.0001,1988.0001,0.0,1.08170957,15.996390104293823,15.478479145,13.955922657000004,90,86,63,1953,2105,1841,2086,271.0,2086,271
dd_w150,mcp4-n070-r16-10,20.60000214936719,1810.0001666666658,1810.000166666666,0.0,0.676128248,19.923873901367188,18.127489802000003,15.964495294000004,118,113,762,1941,2090,1829,2096,280.0,2096,280
dd_w150,mcp4-n080-r08-01,197.55648299470093,4810.833483333334,4810.833483333334,0.0,5.14505502,192.41142797470093,186.69388842899994,180.87806260999992,262,255,1273,2430,2627,2302,2710,421.0,2710,421
dd_w150,mcp4-n080-r08-02,171.1021467281306,5122.000299999998,5122.000299999998,0.0,4.653929813,166.44821691513062,164.47388356299984,160.00102388999994,177,169,422,2394,2590,2266,2587,329.0,2587,329
dd_w150,mcp4-n080-r08-03,289.5748325523513,6000.000100000012,6000.000100000012,0.0,4.774942511,284.7998900413513,232.48836824599996,225.1760409170001,319,310,22675,2404,2599,2276,2737,469.0,2737,469
dd_w150,mcp4-n080-r08-04,219.69454776801257,5927.111266666665,5927.111266666665,0.0,4.172095652,215.52245211601257,213.58553290199993,209.755706528,179,171,618,2410,2607,2282,2607,338.0,2607,338
dd_w150,mcp4-n080-r08-05,201.8522047803319,5400.0001,5400.430099999999,7.962962815472393e-5,5.554737787,196.2974669933319,191.00336859299992,185.5869055119999,241,230,1047,2392,2588,2264,2646,389.0,2646,389
dd_w150,mcp4-n080-r08-06,208.84397343912218,4848.000200000003,4848.000200000003,0.0,5.091641467,203.7523319721222,195.2924377250001,189.57675834700004,259,253,2876,2383,2580,2255,2662,419.0,2662,419
dd_w150,mcp4-n080-r08-07,53.08353353442395,4926.000149999995,4926.000149999995,0.0,4.866569528,48.21696400642395,47.18972981100001,45.66820433400001,66,62,223,2412,2610,2284,2500,226.0,2500,226
dd_w150,mcp4-n080-r08-08,210.72579789557935,5168.000100000001,5168.000100000001,0.0,5.308027033,205.41777086257935,193.00401192100009,186.858791616,272,265,3406,2378,2577,2250,2672,437.0,2672,437
dd_w150,mcp4-n080-r08-09,453.1408119847506,5038.500150000002,5038.966883342754,9.263338867864816e-5,5.861141031,447.2796709537506,391.9490523929999,383.693837557,374,361,27277,2402,2603,2274,2794,544.0,2794,544
dd_w150,mcp4-n080-r08-10,219.84448052045263,4610.0001,4610.347926086959,7.545034260601766e-5,6.086985594,213.75749492645264,207.75011628499988,200.93445886499995,278,269,1506,2457,2649,2329,2746,419.0,2746,419
dd_w150,mcp4-n080-r10-01,22.043848374740477,3691.0001499999994,3691.0001499999994,0.0,3.896461347,18.14738702774048,17.520189301000002,16.909375837,31,28,67,2357,2531,2229,2407,182.0,2407,182
dd_w150,mcp4-n080-r10-02,114.23264565075,3995.250149999997,3995.250149999997,0.0,3.918680807,110.31396484375,108.446252895,103.394934845,207,197,404,2371,2552,2243,2598,371.0,2598,371
dd_w150,mcp4-n080-r10-03,114.26259605181299,4124.0001,4124.351158905946,8.51258238199478e-5,3.731120031,110.53147602081299,93.862511216,88.65829330599993,222,215,8271,2371,2545,2243,2612,379.0,2612,379
dd_w150,mcp4-n080-r10-04,131.81929157186292,4292.000200000001,4292.000200000001,0.0,2.681727628,129.13756394386292,110.84688267699995,105.49102421399999,220,211,7682,2376,2556,2248,2616,390.0,2616,390
dd_w150,mcp4-n080-r10-05,193.05962374971423,3823.0002000000013,3823.0002000000013,0.0,3.941505702,189.11811804771423,183.66392365599992,177.59809491400003,265,256,1465,2391,2568,2263,2675,429.0,2675,429
dd_w150,mcp4-n080-r10-06,127.55337283744996,4038.0001,4038.0001,0.0,3.71881292,123.83455991744995,110.99801430800001,105.45823799900003,243,235,4628,2345,2523,2217,2608,408.0,2608,408
dd_w150,mcp4-n080-r10-07,83.198868537542,3943.0001000000107,3943.0001000000107,0.0,3.085436607,80.11343193054199,78.625689314,74.380902073,199,190,289,2386,2565,2258,2605,367.0,2605,367
dd_w150,mcp4-n080-r10-08,112.93549649559668,4339.000100000013,4339.000100000013,0.0,3.365109609,109.57038688659668,105.59946540999997,101.15875716399995,207,201,1162,2354,2532,2226,2583,369.0,2583,369
dd_w150,mcp4-n080-r10-09,135.42585371509801,3860.0000999999993,3860.0000999999993,0.0,4.276811824,131.14904189109802,126.26367861000001,120.77849306000002,228,221,839,2364,2541,2236,2611,385.0,2611,385
dd_w150,mcp4-n080-r10-10,141.4240499311289,4385.500150000002,4385.500150000002,0.0,3.423950749,138.0000991821289,133.02619823299997,128.35988118100002,208,201,1792,2408,2584,2280,2634,361.0,2634,361
dd_w150,mcp4-n080-r12-01,27.234461836631226,3733.0000999999997,3733.0000999999997,0.0,1.456280999,25.778180837631226,25.186579072,24.131126212999998,42,40,38,2326,2489,2198,2390,198.0,2390,198
dd_w150,mcp4-n080-r12-02,99.45114526645752,3525.500149999997,3525.500149999997,0.0,2.32737646,97.12376880645752,80.72653610399999,75.31033615100003,252,249,5714,2270,2441,2142,2554,445.0,2554,445
dd_w150,mcp4-n080-r12-03,52.927704787310304,3056.0001000000034,3056.0001000000034,0.0,2.921702838,50.0060019493103,46.86396589299998,43.568481164,146,140,668,2345,2514,2217,2520,327.0,2520,327
dd_w150,mcp4-n080-r12-04,58.66551491590979,3247.000200000001,3247.000200000001,0.0,2.164456099,56.50105881690979,47.35813406599999,44.177734628999985,130,127,3317,2374,2537,2246,2525,287.0,2525,287
dd_w150,mcp4-n080-r12-05,66.85856825017333,3280.0001000000093,3280.0001000000093,0.0,2.83631426,64.02225399017334,62.68703107099999,58.858978123999975,170,164,271,2306,2475,2178,2503,347.0,2503,347
dd_w150,mcp4-n080-r12-06,66.51929832819921,3081.3334666666706,3081.3334666666706,0.0,2.408527149,64.11077117919922,50.581885916999994,46.736226272999986,162,157,7082,2345,2514,2217,2534,354.0,2534,354
dd_w150,mcp4-n080-r12-07,73.76159458988575,2996.0001999999995,2996.0001999999995,0.0,2.889434632,70.87215995788574,68.963062181,64.94284796100001,175,165,442,2348,2518,2220,2545,353.0,2545,353
dd_w150,mcp4-n080-r12-08,89.19622147666944,2750.0001,2750.0001,0.0,3.843744403,85.35247707366943,82.691466949,77.97230096299998,212,204,594,2342,2508,2214,2577,393.0,2575,385
dd_w150,mcp4-n080-r12-09,18.626542216847778,3034.0001,3034.0001,0.0,2.055677301,16.57086491584778,15.957074423999998,14.890241991000003,51,45,77,2344,2514,2216,2421,221.0,2421,221
dd_w150,mcp4-n080-r12-10,125.53646695971325,3249.0001000000043,3249.0001000000043,0.0,2.764259938,122.77220702171326,107.97190638900003,102.05709730200003,274,263,6741,2346,2511,2218,2637,434.0,2637,434
dd_w150,mcp4-n080-r14-01,54.55998650916797,2692.0001000000047,2692.0001000000047,0.0,1.961727537,52.59825897216797,48.697913415,45.468023374000005,143,137,802,2300,2456,2172,2463,302.0,2463,302
dd_w150,mcp4-n080-r14-02,36.407689509338624,2471.0002000000004,2471.0002000000004,0.0,2.022611556,34.38507795333862,33.40429895000001,31.047313709999994,107,101,174,2298,2452,2170,2424,265.0,2424,265
dd_w150,mcp4-n080-r14-03,70.43043629692578,2417.5001500000017,2417.5001500000017,0.0,1.735299273,68.69513702392578,60.46924825900002,56.83011602300002,194,185,4082,2246,2403,2118,2461,358.0,2461,358
dd_w150,mcp4-n080-r14-04,56.059988555215945,2289.0001000000093,2289.0001000000093,0.0,1.906838712,54.15314984321594,49.252233478999976,45.934314323000024,162,158,1388,2231,2388,2103,2417,337.0,2417,337
dd_w150,mcp4-n080-r14-05,26.979145991296264,2817.0001,2817.0001,0.0,1.504697072,25.474448919296265,24.523111811000003,22.776356716000006,87,83,150,2263,2422,2135,2376,258.0,2376,258
dd_w150,mcp4-n080-r14-06,60.09926081828809,2750.5001500000008,2750.500150000001,0.0,1.563320648,58.535940170288086,46.53046986100002,42.689335472,167,163,5527,2315,2474,2187,2508,340.0,2508,340
dd_w150,mcp4-n080-r14-07,32.40327590201208,2926.0001000000016,2926.0001000000016,0.0,1.440498049,30.962777853012085,30.095481468000003,27.753322132,105,100,200,2272,2434,2144,2406,295.0,2406,295
dd_w150,mcp4-n080-r14-08,50.59058937240198,2455.5001499999994,2455.5001499999994,0.0,1.732795326,48.85779404640198,47.46936058699998,44.06926387400001,159,151,572,2288,2443,2160,2464,314.0,2464,314
dd_w150,mcp4-n080-r14-09,86.02466343910791,2462.5001499999985,2462.5001499999985,0.0,2.074932566,83.94973087310791,77.583627273,71.29568561,297,288,2651,2286,2445,2158,2604,474.0,2603,472
dd_w150,mcp4-n080-r14-10,16.030505400269043,2858.0001333333357,2858.0001333333357,0.0,0.960533362,15.069972038269043,14.703043045000006,13.844558801000002,47,42,30,2210,2368,2082,2281,213.0,2281,213
dd_w150,mcp4-n080-r16-01,60.379371115780394,2328.000100000002,2328.000100000002,0.0,1.225195119,59.154175996780396,57.26062470799998,52.26766480599997,236,223,644,2207,2360,2079,2470,445.0,2470,442
dd_w150,mcp4-n080-r16-02,32.202498539894535,2142.50015,2142.50015,0.0,1.471045598,30.73145294189453,29.372476699000003,27.009230050000006,114,110,424,2195,2339,2067,2329,270.0,2329,270
dd_w150,mcp4-n080-r16-03,49.90659508439343,1936.5001499999971,1936.5001499999971,0.0,1.172202203,48.73439288139343,47.370202998,43.22759199300003,210,201,334,2248,2400,2120,2481,383.0,2481,383
dd_w150,mcp4-n080-r16-04,68.32546061918225,2156.7501500000017,2156.7982049555294,2.228118798449234e-5,0.785928673,67.53953194618225,52.248309426999995,47.45089122700001,220,213,6799,2218,2363,2090,2455,376.0,2455,376
dd_w150,mcp4-n080-r16-05,32.115228383427855,2229.0000999999993,2229.0000999999993,0.0,1.813448398,30.301779985427856,29.587264461,27.504810740000003,108,103,101,2276,2431,2148,2412,295.0,2412,295
dd_w150,mcp4-n080-r16-06,35.78386219299195,2299.0001,2299.0001,0.0,1.347589095,34.43627309799194,33.283224807,30.782018241,134,126,364,2239,2388,2111,2393,296.0,2393,296
dd_w150,mcp4-n080-r16-07,50.89931835318542,2319.6668333333355,2319.6668333333355,0.0,1.584208385,49.315109968185425,41.96567257499999,38.859587092999995,152,146,3084,2248,2398,2120,2423,324.0,2423,324
dd_w150,mcp4-n080-r16-08,7.819060312682495,1812.0001000000002,1812.0001000000002,0.0,1.546566235,6.272494077682495,5.818544786000001,5.411318552,23,20,39,2205,2358,2077,2256,199.0,2256,199
dd_w150,mcp4-n080-r16-09,20.19557649615149,1992.0001000000066,1992.0001000000066,0.0,1.798335619,18.39724087715149,17.700814547000004,16.388630773000003,78,68,125,2269,2417,2141,2363,237.0,2363,237
dd_w150,mcp4-n080-r16-10,37.00412191832666,1627.000100000001,1627.000100000001,0.0,1.613289971,35.39083194732666,33.45136109400001,30.429073288000005,155,147,597,2258,2411,2130,2440,348.0,2437,333
dd_w150,mcp4-n090-r08-01,572.3686225638048,6051.333466666667,6051.333466666667,0.0,8.293233417,564.0753891468048,517.2539107139999,508.44848427500034,390,380,24383,2216,2415,2072,2602,534.0,2602,534
dd_w150,mcp4-n090-r08-02,403.4773261517839,6350.000100000006,6350.000100000006,0.0,6.807992217,396.66933393478394,391.03560339300003,383.7741941439999,363,352,977,2154,2356,2010,2516,517.0,2516,517
dd_w150,mcp4-n090-r08-03,521.6863157041897,6544.400120000002,6544.487863308457,1.340738751394894e-5,7.810481716,513.8758339881897,438.0892717429999,430.5426715740003,356,347,45365,2202,2403,2058,2557,506.0,2557,506
dd_w150,mcp4-n090-r08-04,552.5412448738091,5604.000200000004,5604.000200000004,0.0,8.721537957,543.8197069168091,530.9855948699997,523.989898978,318,312,5187,2167,2367,2023,2486,468.0,2486,468
dd_w150,mcp4-n090-r08-05,645.4962492808087,5733.500150000007,5733.500150000007,0.0,9.07237228,636.4238770008087,625.3764242879998,617.047949453,377,370,3473,2149,2348,2005,2525,525.0,2525,525
dd_w150,mcp4-n090-r08-06,935.3189885726622,6854.833483333332,6854.833483333332,0.0,8.926296722,926.3926918506622,755.9893244590004,745.9019571699997,522,508,74023,2151,2350,2007,2664,660.0,2664,660
dd_w150,mcp4-n090-r08-07,785.0105655772375,6628.500149999996,6629.005460355117,7.623298539426832e-5,7.563779412,777.4467861652374,756.6406545169995,746.453286859,492,481,8773,2123,2321,1979,2610,635.0,2609,633
dd_w150,mcp4-n090-r08-08,924.2683178031863,5870.000149999997,5870.176783000152,3.0090799938847054e-5,9.124656781,915.1436610221863,786.2899740699993,773.4859020230001,618,611,66557,2162,2362,2018,2784,775.0,2783,773
dd_w150,mcp4-n090-r08-09,895.5929429975073,5690.500149999997,5691.059702649009,9.833101384093518e-5,7.84528999,887.7476530075073,816.283803094,805.929902016,518,508,41732,2196,2397,2052,2711,664.0,2711,664
dd_w150,mcp4-n090-r08-10,545.5974139079211,6615.0001,6615.428671428574,6.478781891074763e-5,8.751408945,536.8460049629211,534.568256151,528.3761298610002,294,287,531,2189,2389,2045,2482,441.0,2482,441
dd_w150,mcp4-n090-r10-01,530.355129621328,5127.500150000001,5127.500150000001,0.0,6.814353607,523.540776014328,510.36718946999997,502.03813065999987,410,397,6097,2131,2310,1987,2536,556.0,2536,556
dd_w150,mcp4-n090-r10-02,255.12378563189893,4945.000200000002,4945.000200000002,0.0,6.031045573,249.09274005889893,245.99216336599991,239.4378320160001,306,300,797,2170,2349,2026,2480,464.0,2480,464
dd_w150,mcp4-n090-r10-03,232.46619965751464,4279.000099999999,4279.000099999999,0.0,7.288276455,225.17792320251465,223.39991042400004,219.66481452999992,201,195,339,2147,2329,2003,2355,374.0,2355,374
dd_w150,mcp4-n090-r10-04,245.51986932454176,4416.000100000001,4416.000100000001,0.0,6.409907338,239.10996198654175,233.477621387,227.77021592100002,286,278,1294,2116,2295,1972,2406,446.0,2405,444
dd_w150,mcp4-n090-r10-05,395.56873188668555,4297.000099999999,4297.000099999999,0.0,7.477472884,388.09125900268555,382.9400667630001,377.1370850039999,293,284,1613,2139,2319,1995,2433,446.0,2433,446
dd_w150,mcp4-n090-r10-06,372.86177535710766,4412.0001999999995,4412.0001999999995,0.0,6.788561303,366.07321405410767,351.7658644870001,345.10844164000025,348,340,5682,2116,2293,1972,2464,499.0,2464,499
dd_w150,mcp4-n090-r10-07,233.42922339271826,4309.000100000008,4309.000100000008,0.0,6.081976269,227.34724712371826,222.08911773499992,216.99219699899984,275,266,1226,2103,2284,1959,2379,430.0,2379,430
dd_w150,mcp4-n090-r10-08,340.63448668586693,4828.000133333333,4828.462140043607,9.569318506940557e-5,4.781465541,335.85302114486694,322.7555471350001,314.6012499249997,395,383,5057,2158,2336,2014,2550,544.0,2550,544
dd_w150,mcp4-n090-r10-09,242.32025931982483,5061.000099999999,5061.000099999999,0.0,5.86072539,236.45953392982483,234.32927816499992,229.47309787699993,263,254,570,2128,2306,1984,2390,412.0,2390,412
dd_w150,mcp4-n090-r10-10,461.509470884307,4562.400140000002,4562.400140000002,0.0,6.263203804,455.246267080307,438.15800340000027,430.12490927100015,440,423,7281,2165,2345,2021,2599,594.0,2599,594
dd_w150,mcp4-n090-r12-01,211.18009814201403,3706.400140000002,3706.400140000002,0.0,4.664170112,206.51592803001404,175.518411876,170.32211705000003,282,277,14796,2090,2253,1946,2374,434.0,2374,434
dd_w150,mcp4-n090-r12-02,171.2300504764651,3871.0001500000003,3871.0001500000003,0.0,4.438166531,166.7918839454651,164.975539999,160.1780846369999,251,245,314,2068,2235,1924,2325,416.0,2325,416
dd_w150,mcp4-n090-r12-03,108.40559511884351,3755.0001,3755.0001,0.0,5.112251098,103.2933440208435,102.10389465699998,99.323941064,156,151,285,2079,2243,1935,2240,315.0,2240,315
dd_w150,mcp4-n090-r12-04,145.1583008390969,3608.000149999997,3608.000149999997,0.0,5.245576821,139.91272401809692,136.14383505999993,131.519578858,245,238,997,2139,2300,1995,2386,398.0,2386,398
dd_w150,mcp4-n090-r12-05,132.51735869982983,3550.000100000001,3550.000100000001,0.0,4.951534668,127.56582403182983,125.65579600500004,121.97082559700003,210,204,572,2081,2245,1937,2295,371.0,2295,371
dd_w150,mcp4-n090-r12-06,222.8316516054579,3339.0002000000018,3339.0002000000018,0.0,4.870646633,217.96100497245789,214.42148196399998,207.718520625,340,328,698,2125,2293,1981,2470,524.0,2468,518
dd_w150,mcp4-n090-r12-07,192.51114881085644,3782.50015,3782.50015,0.0,3.957725883,188.55342292785645,186.12115999100004,181.511062764,245,233,634,2150,2315,2006,2396,409.0,2396,409
dd_w150,mcp4-n090-r12-08,174.63600029852807,3672.000100000004,3672.000100000004,0.0,5.923480176,168.71252012252808,162.871313403,157.95894410699992,275,269,2794,2101,2266,1957,2383,448.0,2383,448
dd_w150,mcp4-n090-r12-09,24.65835030491333,4184.000100000001,4184.000100000001,0.0,3.183149175,21.47520112991333,20.811210621,20.06459799,43,40,59,2097,2261,1953,2148,211.0,2148,211
dd_w150,mcp4-n090-r12-10,223.03601467468397,3350.3334666666665,3350.3334666666665,0.0,5.098169683,217.93784499168396,203.34608262700002,197.70481232099988,316,309,6247,2085,2249,1941,2405,474.0,2405,474
dd_w150,mcp4-n090-r14-01,90.75643808176551,3413.0001000000007,3413.000100000001,0.0,2.774866169,87.9815719127655,87.05534231800003,83.71932492799996,187,180,170,2111,2273,1967,2309,376.0,2309,376
dd_w150,mcp4-n090-r14-02,123.09988700968738,3182.0001499999994,3182.00015,0.0,3.306822177,119.79306483268738,109.81041836099998,105.81437866099999,226,223,6134,2045,2200,1901,2279,390.0,2279,390
dd_w150,mcp4-n090-r14-03,119.49190264340356,3149.000200000001,3149.1251000000007,3.9663382682477344e-5,3.873272711,115.61862993240356,114.70665525899997,111.49150519000007,188,181,205,2075,2227,1931,2262,335.0,2262,335
dd_w150,mcp4-n090-r14-04,103.8595935418424,3646.0001,3646.0001,0.0,3.007645519,100.85194802284241,99.661807199,95.19774938600001,235,226,311,1992,2148,1848,2230,394.0,2230,394
dd_w150,mcp4-n090-r14-05,59.30103165853833,3044.000100000003,3044.000100000003,0.0,3.907617638,55.39341402053833,54.23143680500001,52.185520313000005,119,115,281,2099,2251,1955,2221,272.0,2221,272
dd_w150,mcp4-n090-r14-06,152.00319287399122,3399.333466666669,3399.333466666669,0.0,3.518735858,148.4844570159912,145.3894589969999,141.32988516100005,225,213,894,2062,2216,1918,2284,374.0,2284,374
dd_w150,mcp4-n090-r14-07,132.61619980556213,2659.6668333333337,2659.6668333333337,0.0,3.345403745,129.27079606056213,125.06749360800009,120.09221717400001,261,254,1465,2086,2238,1942,2349,420.0,2349,420
dd_w150,mcp4-n090-r14-08,91.86724455929175,2623.500133333333,2623.500133333333,0.0,4.300739604,87.56650495529175,86.07921094100004,83.28903874699996,152,144,378,2126,2282,1982,2284,322.0,2284,322
dd_w150,mcp4-n090-r14-09,83.78937609569971,2984.0002000000018,2984.0002000000018,0.0,4.117954091,79.6714220046997,77.72242481599996,74.76224442700001,159,151,575,2113,2269,1969,2274,317.0,2274,317
dd_w150,mcp4-n090-r14-10,95.45166453625536,2664.0001000000093,2664.0001000000093,0.0,3.626790612,91.82487392425537,89.73947798799999,85.72106137500008,220,215,634,2041,2197,1897,2272,410.0,2272,410
dd_w150,mcp4-n090-r16-01,120.74041656091467,2082.333466666667,2082.333466666667,0.0,3.382849489,117.35756707191467,97.15233933299994,90.78158486800004,278,273,11484,2066,2213,1922,2354,451.0,2351,444
dd_w150,mcp4-n090-r16-02,114.51478193193164,2594.0001500000026,2594.0001500000026,0.0,3.136756877,111.37802505493164,102.11044908400004,96.46045568500011,312,303,4502,2039,2187,1895,2352,466.0,2352,466
dd_w150,mcp4-n090-r16-03,115.27535632490076,2573.333466666667,2573.333466666667,0.0,3.338232311,111.93712401390076,92.808804719,88.38662020400002,253,244,7437,2021,2171,1877,2278,434.0,2278,434
dd_w150,mcp4-n090-r16-04,99.67469973229139,2174.000139999999,2174.000139999999,0.0,3.300899693,96.37380003929138,86.19498525800003,82.76276983500007,196,189,5855,2024,2173,1880,2228,378.0,2228,378
dd_w150,mcp4-n090-r16-05,49.27453343988758,2710.00015,2710.00015,0.0,2.243536402,47.03099703788757,46.383109446,44.296772427,113,107,117,2012,2161,1868,2130,281.0,2130,281
dd_w150,mcp4-n090-r16-06,48.54876978908228,2677.000100000004,2677.000100000004,0.0,3.223148661,45.325621128082275,44.038996178999994,42.026436020999995,127,120,627,2053,2200,1909,2182,282.0,2182,282
dd_w150,mcp4-n090-r16-07,81.13307983144495,2343.00015,2343.00015,0.0,2.336450641,78.79662919044495,75.19050596099996,71.61881587199998,191,183,1500,2048,2195,1904,2243,354.0,2241,349
dd_w150,mcp4-n090-r16-08,86.78777387948571,2537.0001,2537.0001,0.0,2.015179666,84.77259421348572,83.78184141700004,79.59978790800001,226,218,160,2061,2212,1917,2294,391.0,2294,391
dd_w150,mcp4-n090-r16-09,70.68130231227197,2431.000200000002,2431.000200000002,0.0,3.667347196,67.01395511627197,61.110056703999994,58.10556186499997,169,162,2686,2063,2213,1919,2237,333.0,2237,333
dd_w150,mcp4-n090-r16-10,92.17238469617249,2754.0001000000084,2754.0001000000084,0.0,2.257978635,89.91440606117249,88.02909386500002,83.46615690299998,213,207,643,2050,2199,1906,2271,381.0,2271,381
dd_w150,mcp4-n100-r08-01,2343.7895540832956,6727.0002000000095,6727.467491304344,6.946503499942499e-5,12.061624968,2331.7279291152954,1970.6270583259989,1941.7951538370023,1172,1165,134307,2490,2695,2330,3647,1324.0,3647,1324
dd_w150,mcp4-n100-r08-02,1297.1170168541557,7489.764852941172,7489.977409660721,2.8379625224881027e-5,10.518426957,1286.5985898971558,1273.7631315789993,1260.1520687360005,528,519,3044,2473,2681,2313,2987,687.0,2987,687
dd_w150,mcp4-n100-r08-03,2246.4599710969624,7652.500150000011,7652.587758263945,1.1448319139761285e-5,11.377373126,2235.0825979709625,2180.075341137,2163.1525079390003,674,662,19665,2456,2660,2296,3112,827.0,3112,827
dd_w150,mcp4-n100-r08-04,590.9574624376469,6973.666799999999,6973.666799999999,0.0,10.945486434,580.0119760036469,557.151539412,545.8400077030001,440,436,11231,2523,2728,2363,2949,590.0,2949,590
dd_w150,mcp4-n100-r08-05,682.6994456092297,7837.000100000001,7837.000100000001,0.0,9.971119527,672.7283260822296,669.5879323970001,663.0749796870001,288,281,706,2462,2668,2302,2734,441.0,2734,441
dd_w150,mcp4-n100-r08-06,1633.4589662602853,6773.400139999994,6774.057571264368,9.706074508885762e-5,13.648259168,1619.8107070922852,1435.4427963520002,1422.0146936380008,551,543,87039,2486,2691,2326,3022,706.0,3022,706
dd_w150,mcp4-n100-r08-07,2195.5828996766463,7155.000150000004,7155.568860611216,7.948436048765518e-5,14.204598533,2181.3783011436462,2077.9372468480015,2063.1285180499967,661,650,44658,2442,2648,2282,3086,823.0,3086,823
dd_w150,mcp4-n100-r08-08,1179.518882857762,7455.000166666671,7455.353091176476,4.734064411994865e-5,12.429422008,1167.089460849762,975.5885701680002,962.0115252529996,527,524,87691,2480,2685,2320,2994,678.0,2994,678
dd_w150,mcp4-n100-r08-09,135.61672329442456,8006.000100000007,8006.000100000007,0.0,11.420381303,124.19634199142456,123.22113648099999,122.065543307,48,45,194,2489,2692,2329,2522,195.0,2522,195
dd_w150,mcp4-n100-r08-10,589.2999976055349,7545.000100000001,7545.000100000001,0.0,10.750084676,578.5499129295349,572.621925661,563.414568447,400,390,797,2418,2628,2258,2805,560.0,2805,560
dd_w150,mcp4-n100-r10-01,573.1775464564158,5748.000100000001,5748.0001,0.0,9.090497449,564.0870490074158,549.5405175690003,539.710369636,447,442,4915,2391,2574,2231,2828,613.0,2827,611
dd_w150,mcp4-n100-r10-02,617.9629267700998,5565.500150000005,5565.500150000005,0.0,8.703657771,609.2592689990997,534.2090197920002,525.8297948750002,349,345,40281,2401,2587,2241,2742,512.0,2742,512
dd_w150,mcp4-n100-r10-03,947.1693460818516,5742.000200000002,5742.000200000002,0.0,8.529072034,938.6402740478516,676.1006926910002,662.1165019659998,580,573,80304,2418,2602,2258,2986,738.0,2986,738
dd_w150,mcp4-n100-r10-04,344.4591024324613,5337.000100000002,5337.000100000002,0.0,8.797174494,335.6619279384613,330.8884221820004,324.6742025799999,278,270,989,2465,2646,2305,2728,434.0,2727,432
dd_w150,mcp4-n100-r10-05,698.4201525077082,5641.600120000002,5641.600120000002,0.0,8.39659556,690.0235569477081,676.2007130800005,664.8747411699997,474,464,3670,2462,2643,2302,2918,623.0,2918,623
dd_w150,mcp4-n100-r10-06,637.3966900264849,4740.285857142858,4740.285857142858,0.0,8.874521867,628.5221681594849,618.335283539,604.8737413949999,536,526,2324,2469,2649,2309,2985,681.0,2985,681
dd_w150,mcp4-n100-r10-07,1075.4619002008662,4962.000099999999,4962.400831259299,8.076002644566478e-5,9.138820138,1066.3230800628662,1016.1603614880004,1000.0537871630011,674,657,15475,2444,2623,2284,3091,811.0,3091,811
dd_w150,mcp4-n100-r10-08,333.7631757284561,5207.200239999999,5207.200239999999,0.0,10.304757836,323.45841789245605,321.0384739490001,317.10142139,173,165,613,2472,2650,2312,2627,319.0,2627,319
dd_w150,mcp4-n100-r10-09,503.7180080296857,5493.000200000002,5493.000200000002,0.0,9.812514055,493.90549397468567,491.2433232309998,484.8489849970001,264,256,681,2422,2604,2262,2670,420.0,2670,420
dd_w150,mcp4-n100-r10-10,883.6192027348089,5179.000100000004,5179.000100000004,0.0,8.20357454,875.415628194809,869.4038487749998,855.1736523299998,576,563,1204,2451,2633,2291,3008,727.0,3007,725
dd_w150,mcp4-n100-r12-01,203.39207886486778,4715.000100000019,4715.00010000002,0.0,6.134334791,197.2577440738678,195.54753729200002,189.38765956199998,244,236,291,2417,2581,2257,2643,391.0,2643,391
dd_w150,mcp4-n100-r12-02,224.9588524196256,4416.750150000003,4416.750150000002,0.0,8.278058419,216.6807940006256,214.71494456800016,210.28895771399993,196,190,342,2428,2596,2268,2615,365.0,2615,365
dd_w150,mcp4-n100-r12-03,308.5368762402891,4371.0001,4371.0001,0.0,6.565181294,301.97169494628906,297.066859749,290.5399418799999,300,294,1025,2400,2564,2240,2684,448.0,2684,448
dd_w150,mcp4-n100-r12-04,565.6387932760408,4026.0001,4026.156349762819,3.881017360600374e-5,8.383531378,557.2552618980408,533.2843587689996,522.0588862999995,490,480,9463,2426,2595,2266,2907,670.0,2905,664
dd_w150,mcp4-n100-r12-05,197.69491717932274,4321.000100000001,4321.000100000001,0.0,7.045151211,190.64976596832275,186.43848734200014,180.02609629500003,295,289,842,2436,2601,2276,2721,460.0,2720,458
dd_w150,mcp4-n100-r12-06,214.67432217208082,4808.000100000001,4808.000100000001,0.0,6.986708208,207.6876139640808,202.61014141400017,196.46032866200008,279,270,860,2417,2586,2257,2682,440.0,2682,440
dd_w150,mcp4-n100-r12-07,441.512692584853,4274.000199999997,4274.000199999997,0.0,6.675817623,434.836874961853,428.71365394800006,418.19262268700027,445,433,1392,2482,2646,2322,2907,591.0,2907,591
dd_w150,mcp4-n100-r12-08,337.28230592664795,4097.000133333332,4097.307782989562,7.509144403652653e-5,6.5457308,330.73657512664795,319.74865455400027,311.76513618200005,366,361,4242,2376,2544,2216,2732,526.0,2732,526
dd_w150,mcp4-n100-r12-09,379.0312192119169,4716.000100000006,4716.000100000006,0.0,8.417813269,370.61340594291687,363.5037324330001,356.53912164200017,327,321,2305,2359,2523,2199,2672,481.0,2672,481
dd_w150,mcp4-n100-r12-10,292.8095642244375,3990.0000999999993,3990.0000999999993,0.0,6.398065201,286.4114990234375,284.90196294499975,278.77316998800006,285,275,231,2398,2563,2238,2667,439.0,2667,439
dd_w150,mcp4-n100-r14-01,198.97363662646447,3127.0001000000043,3127.0001000000043,0.0,7.317380666,191.65625596046448,186.54972863800006,180.03130161199994,287,276,1449,2373,2531,2213,2647,456.0,2647,456
dd_w150,mcp4-n100-r14-02,272.44028518627016,3279.0001000000007,3279.0001000000007,0.0,6.35079215,266.08949303627014,249.488962696,240.85634086800005,388,381,5661,2402,2555,2242,2775,541.0,2775,541
dd_w150,mcp4-n100-r14-03,160.0975002651963,3916.000100000002,3916.000100000002,0.0,5.559618414,154.5378818511963,151.22461623999988,145.6526057979999,250,244,743,2383,2539,2223,2621,406.0,2621,406
dd_w150,mcp4-n100-r14-04,192.92234308458788,3715.0000999999966,3715.0000999999966,0.0,3.898749182,189.0235939025879,185.556835982,180.31497671100004,234,226,644,2390,2543,2230,2609,386.0,2609,386
dd_w150,mcp4-n100-r14-05,208.71845337879859,3551.0001000000047,3551.0001000000047,0.0,4.208110304,204.51034307479858,200.36051632399997,193.268114787,312,304,680,2368,2522,2208,2667,472.0,2667,472
dd_w150,mcp4-n100-r14-06,314.68435933496426,3210.0001500000008,3210.0001500000008,0.0,7.444659256,307.23970007896423,298.2814616059998,289.4604652589999,408,398,2335,2371,2525,2211,2763,560.0,2763,560
dd_w150,mcp4-n100-r14-07,53.16364180490784,3198.0002000000013,3198.0002000000013,0.0,5.649326915,47.51431488990784,46.541941728,44.928647852,71,68,185,2447,2601,2287,2509,238.0,2507,233
dd_w150,mcp4-n100-r14-08,216.90673956674206,3560.0001000000016,3560.0001000000016,0.0,4.561016653,212.34572291374207,207.72789353800007,201.97469989100006,271,261,617,2378,2533,2218,2633,424.0,2633,424
dd_w150,mcp4-n100-r14-09,84.3844180851344,3627.7501624999995,3627.7501624999995,0.0,4.679292038,79.7051260471344,78.410319676,75.582028137,130,122,297,2381,2536,2221,2497,287.0,2497,287
dd_w150,mcp4-n100-r14-10,190.89032141426185,3540.6001400000005,3540.94900510949,9.853276159262991e-5,5.979353349,184.91096806526184,182.67242346699996,176.57528304900003,264,254,404,2378,2537,2218,2635,448.0,2635,448
dd_w150,mcp4-n100-r16-01,147.60139991264953,3241.0001,3241.127144394128,3.9199133047853464e-5,3.5102389,144.09116101264954,140.64693086,133.63708481900002,294,289,670,2376,2522,2216,2662,465.0,2662,465
dd_w150,mcp4-n100-r16-02,63.89455139336731,2910.000150000001,2910.000150000001,0.0,4.12128627,59.77326512336731,58.88856071200002,56.19954780500001,113,109,130,2353,2500,2193,2457,277.0,2457,277
dd_w150,mcp4-n100-r16-03,68.80892382737012,3159.0001,3159.0001,0.0,3.316066848,65.49285697937012,64.72009162799999,62.207371473,110,106,84,2344,2490,2184,2443,267.0,2443,267
dd_w150,mcp4-n100-r16-04,60.80824638102405,3067.0001000000066,3067.0001000000066,0.0,4.818019397,55.99022698402405,55.09031516999999,53.276204236000005,78,74,127,2348,2494,2188,2415,237.0,2415,237
dd_w150,mcp4-n100-r16-05,30.915013799922484,2811.0000999999997,2811.0000999999997,0.0,5.23156477,25.683449029922485,24.766027403000006,23.60165965,51,48,171,2309,2455,2149,2351,212.0,2351,212
dd_w150,mcp4-n100-r16-06,86.21156565740783,2984.000100000002,2984.000100000002,0.0,4.297836705,81.91372895240784,80.76459605899994,77.06886969600002,154,146,221,2312,2460,2152,2457,332.0,2457,332
dd_w150,mcp4-n100-r16-07,31.657428399157347,2678.0000999999997,2678.0000999999997,0.0,5.370268241,26.28716015815735,25.523669292,24.537127531,44,41,141,2400,2546,2240,2435,212.0,2434,209
dd_w150,mcp4-n100-r16-08,140.9699620596957,3016.0001999999986,3016.153933596168,5.0972674394826515e-5,4.279622256,136.69033980369568,119.62378087299996,114.48158644900005,225,221,10345,2301,2448,2141,2519,404.0,2518,402
dd_w150,mcp4-n100-r16-09,200.30717863571581,2889.0001599999996,2889.0001599999996,0.0,4.771974702,195.53520393371582,193.1345339229999,185.13888423900013,354,344,542,2344,2488,2184,2683,509.0,2683,509
dd_w150,mcp4-n100-r16-10,156.2954771755968,2992.0000999999993,2992.0000999999993,0.0,3.469449067,152.8260281085968,147.03515293799987,141.10605624999994,259,251,2024,2359,2508,2199,2609,429.0,2608,427
dd_w150,mcp4-n110-r08-01,2025.0441458449693,7634.000199999991,7634.000199999991,0.0,21.280186914,2003.7639589309692,1997.2849925770017,1984.8604475379993,570,559,1345,2324,2532,2150,2858,711.0,2858,711
dd_w150,mcp4-n110-r08-02,3601.9133665281342,6889.500149999996,11144.510985348421,0.617608061935876,23.164835425,3578.748531103134,3533.0675542319987,3505.819335878003,1161,1149,15411,2315,2524,2141,3443,1309.0,3443,1309
dd_w150,mcp4-n110-r08-03,2099.6788475056865,8261.00015,8261.427766716859,5.176331062760241e-5,21.104522421,2078.5743250846863,1897.9603193629987,1883.4668148550004,626,623,90682,2319,2534,2145,2926,798.0,2926,798
dd_w150,mcp4-n110-r08-04,3673.337079232025,8120.0001,8120.0001,0.0,20.891784375,3652.445294857025,3647.709637245001,3638.956117972001,430,420,1186,2329,2540,2155,2726,581.0,2726,581
dd_w150,mcp4-n110-r08-05,2253.911345050754,7733.333499999995,7733.73494801061,5.1911379564225534e-5,23.583094881,2230.328250169754,1988.6313013399981,1978.0028001669991,475,470,113613,2330,2541,2156,2780,635.0,2780,635
dd_w150,mcp4-n110-r08-06,2664.657620153424,8346.66680000001,8347.463614634145,9.546501055192992e-5,24.859061203,2639.798558950424,2525.572452642,2516.933756406,418,414,61889,2302,2515,2128,2698,583.0,2698,583
dd_w150,mcp4-n110-r08-07,3600.2133415059666,6723.000166666673,12343.909654139508,0.8360715972226036,28.55244139,3571.660900115967,3479.7427921129965,3465.236386491996,693,687,34018,2354,2565,2180,3023,855.0,3022,853
dd_w150,mcp4-n110-r08-08,3828.8142441097584,7795.1430571428555,14502.043861057344,0.8603948323653678,23.583691198,3805.2305529117584,3781.830669231001,3764.686163575001,818,806,6519,2330,2540,2156,3114,966.0,3114,966
dd_w150,mcp4-n110-r08-09,2973.469692406289,8865.833466666663,8866.498976404497,7.506454303879824e-5,24.530982432,2948.938709974289,2928.2301619800014,2916.5410798200023,555,544,7519,2324,2533,2150,2844,698.0,2844,698
dd_w150,mcp4-n110-r08-10,3664.3617014615847,7566.000199999999,11342.652436448594,0.49916100140317154,23.406654331,3640.9550471305847,3525.107954257002,3496.1954242209977,1318,1305,42706,2305,2515,2131,3587,1461.0,3587,1461
dd_w150,mcp4-n110-r10-01,1529.1376375830578,5975.000099999999,5975.000099999999,0.0,15.170511452,1513.9671261310577,1510.1620982010006,1500.9028933809993,472,461,970,2305,2487,2131,2745,621.0,2745,621
dd_w150,mcp4-n110-r10-02,852.795755181783,5588.000100000001,5588.000100000001,0.0,15.737957273,837.057797908783,832.2118989459997,825.5238965380003,310,297,1059,2274,2457,2100,2549,455.0,2549,455
dd_w150,mcp4-n110-r10-03,2328.272126829228,6293.200140000001,6293.7500999999975,8.738956139358455e-5,15.119307911,2313.152818918228,1712.5191239880003,1696.9712817380005,771,761,204375,2272,2453,2098,3009,915.0,3009,915
dd_w150,mcp4-n110-r10-04,2193.687378906862,5736.000100000001,5736.487713046438,8.50092465021432e-5,14.504882836,2179.182496070862,2106.828200517999,2092.6780231340003,670,659,38590,2330,2511,2156,2964,811.0,2964,811
dd_w150,mcp4-n110-r10-05,1723.794940231974,6081.666800000006,6081.666800000006,0.0,16.586364268,1707.208575963974,1694.5359621399998,1683.101695386,541,530,3528,2313,2496,2139,2823,694.0,2823,694
dd_w150,mcp4-n110-r10-06,895.8419645811668,6171.000099999998,6171.000099999998,0.0,12.901898482,882.9400660991669,875.5887877929996,868.1289136379999,352,344,1713,2279,2462,2105,2601,506.0,2601,506
dd_w150,mcp4-n110-r10-07,1501.1727221666217,6631.0001,6631.0001,0.0,15.715634173,1485.4570879936218,1472.5009632439992,1461.956346933,474,469,4224,2286,2467,2112,2731,623.0,2731,623
dd_w150,mcp4-n110-r10-08,1602.6349761882718,6140.000149999994,6140.153946153861,2.504823291690086e-5,18.675272266,1583.9597039222717,1546.715899256,1534.507713315001,544,537,20919,2273,2456,2099,2789,697.0,2789,697
dd_w150,mcp4-n110-r10-09,2339.9372224370245,6376.0001499999935,6376.0001499999935,0.0,17.436149315,2322.5010731220245,2298.335893249,2288.095435611,482,472,8990,2329,2510,2155,2776,624.0,2776,624
dd_w150,mcp4-n110-r10-10,2859.566681995631,6065.000140000007,6065.527623880778,8.697178377491131e-5,18.088627949,2841.478054046631,2472.9761991069972,2455.684447798002,737,726,177567,2329,2514,2155,3036,898.0,3035,891
dd_w150,mcp4-n110-r12-01,608.8771243871365,5279.500149999998,5279.500149999998,0.0,8.464769441,600.4123549461365,596.2206196310002,589.0033900080001,352,344,646,2244,2409,2070,2565,502.0,2565,502
dd_w150,mcp4-n110-r12-02,990.980610367664,4376.000100000001,4376.000100000001,0.0,12.163238284,978.8173720836639,973.6221947140001,961.9688631769994,560,547,966,2260,2426,2086,2786,708.0,2786,708
dd_w150,mcp4-n110-r12-03,1396.8925691840554,5184.0001,5184.351951851857,6.78726552988948e-5,11.767001271,1385.1255679130554,1339.4138251060008,1326.9912538959995,607,595,21204,2264,2430,2090,2837,758.0,2837,758
dd_w150,mcp4-n110-r12-04,142.51175748398376,4269.000100000001,4269.000100000001,0.0,11.48860251,131.02315497398376,129.539613091,127.29285829600002,115,108,320,2259,2425,2085,2345,266.0,2345,266
dd_w150,mcp4-n110-r12-05,529.1814816111703,4786.500150000002,4786.7728772727305,5.69784318775888e-5,13.386195671,515.7952859401703,474.76556737000004,466.8641559940005,401,397,20894,2227,2392,2053,2603,561.0,2603,561
dd_w150,mcp4-n110-r12-06,1179.627971998786,4867.666800000001,4867.717431372908,1.0401569168096374e-5,12.261392943,1167.3665790557861,1143.0358662150004,1128.9382599840012,648,638,8580,2280,2446,2106,2898,801.0,2898,801
dd_w150,mcp4-n110-r12-07,661.5302316582734,5195.500150000002,5195.500150000002,0.0,11.51281685,650.0174148082733,623.7148393490003,617.189692094,306,297,9958,2257,2420,2083,2531,454.0,2531,454
dd_w150,mcp4-n110-r12-08,875.9247226319623,4649.555699999997,4649.555699999997,0.0,13.486219605,862.4385030269623,855.4053760099997,849.3641135729999,297,289,2241,2243,2406,2069,2509,447.0,2507,442
dd_w150,mcp4-n110-r12-09,1229.704979458173,4766.000166666661,4766.450823202298,9.455655054080077e-5,11.752383509,1217.952595949173,1159.3335577259993,1149.3053949999992,489,479,28787,2292,2454,2118,2746,631.0,2746,631
dd_w150,mcp4-n110-r12-10,834.3531102622647,4922.0001,4922.0001,0.0,12.531362244,821.8217480182648,814.29221123,806.1447150990006,435,427,2987,2255,2421,2081,2660,585.0,2660,585
dd_w150,mcp4-n110-r14-01,411.87099886075305,4101.800180000004,4101.800180000004,0.0,6.562487842,405.30851101875305,382.70157427899994,371.71929570600014,463,460,8864,2229,2382,2055,2670,624.0,2670,624
dd_w150,mcp4-n110-r14-02,560.5461460763173,4067.000133333337,4067.000133333337,0.0,9.382656973,551.1634891033173,460.60359859799985,452.45589121300037,394,386,46558,2226,2376,2052,2588,540.0,2588,540
dd_w150,mcp4-n110-r14-03,401.6465900796914,4554.000099999999,4554.000099999999,0.0,7.778693046,393.8678970336914,387.49019473100014,379.16489981900014,428,415,1490,2226,2383,2052,2627,603.0,2627,603
dd_w150,mcp4-n110-r14-04,105.24155740464978,4383.000100000001,4383.000100000001,0.0,6.992629573,98.24892783164978,97.43433981600002,95.59144608700001,103,99,70,2192,2343,2018,2267,253.0,2267,253
dd_w150,mcp4-n110-r14-05,529.3214779235374,3578.0001,3578.0001,0.0,9.477099929,519.8443779945374,512.4870938150001,501.81533684100003,517,511,1569,2245,2399,2071,2737,682.0,2737,682
dd_w150,mcp4-n110-r14-06,628.8594693149238,3597.0002000000077,3597.0002000000077,0.0,10.512404343,618.3470649719238,603.3368152850003,597.105355862,310,302,6003,2253,2404,2079,2532,458.0,2532,458
dd_w150,mcp4-n110-r14-07,343.72583952423525,4315.166799999995,4315.329184406921,3.76310846026652e-5,8.697001605,335.02883791923523,321.1113874259999,314.51173694199997,304,301,4882,2279,2433,2105,2561,473.0,2561,473
dd_w150,mcp4-n110-r14-08,377.8009089982615,4166.6668,4166.6668,0.0,8.022098974,369.7788100242615,365.3630494559997,356.93191130400027,402,395,998,2206,2359,2032,2580,559.0,2579,556
dd_w150,mcp4-n110-r14-09,393.4024282142267,4067.0002,4067.0002,0.0,7.60246021,385.7999680042267,383.0236525279998,375.1175138179999,397,389,672,2255,2409,2081,2623,551.0,2623,551
dd_w150,mcp4-n110-r14-10,512.6382739152023,3643.0002000000045,3643.309959154927,8.502858575814255e-5,10.882565936,501.75570797920227,472.1212324579999,465.2327028070001,333,325,15384,2256,2407,2082,2557,481.0,2557,481
dd_w150,mcp4-n110-r16-01,169.64805751745448,3365.0001000000057,3365.0001000000057,0.0,5.464147386,164.18391013145447,161.47348416500003,156.90226699599998,229,225,631,2227,2373,2053,2436,408.0,2436,408
dd_w150,mcp4-n110-r16-02,272.6926280130382,3295.0000999999997,3295.0000999999997,0.0,5.995284902,266.6973431110382,264.1307739130001,257.70462242099995,320,312,625,2202,2345,2028,2496,487.0,2495,481
dd_w150,mcp4-n110-r16-03,381.77482890494224,3681.0001999999995,3681.0001999999995,0.0,6.300548786,375.47428011894226,364.8988349860001,356.22305195299964,444,429,3928,2256,2399,2082,2666,599.0,2666,599
dd_w150,mcp4-n110-r16-04,190.3139027940985,3299.333500000001,3299.333500000001,0.0,7.37471789,182.9391849040985,179.17606653599995,175.14925251999998,209,205,770,2254,2397,2080,2439,371.0,2439,371
dd_w150,mcp4-n110-r16-05,60.181218692010866,3513.0001000000047,3513.0001000000047,0.0,5.097118684,55.084100008010864,54.214771773999985,52.82391191400001,81,78,232,2185,2330,2011,2244,246.0,2243,243
dd_w150,mcp4-n110-r16-06,462.9534847401981,3310.500150000002,3310.500150000002,0.0,5.694265809,457.2592189311981,359.83387366399984,349.092256455,567,556,35280,2268,2413,2094,2807,727.0,2807,727
dd_w150,mcp4-n110-r16-07,432.43860993814525,3346.0001,3346.0001,0.0,5.696258883,426.74235105514526,415.6726032419999,407.1810303750001,428,421,4190,2245,2389,2071,2647,589.0,2646,585
dd_w150,mcp4-n110-r16-08,318.25958601157555,3322.0001500000008,3322.0001500000008,0.0,5.454193031,312.80539298057556,307.7210987359999,300.2411526829998,416,404,1018,2201,2349,2027,2591,587.0,2591,587
dd_w150,mcp4-n110-r16-09,335.2671642148191,3576.0001,3576.0001,0.0,6.473158344,328.7940058708191,322.9803535550001,315.98498312199985,341,333,1545,2280,2428,2106,2597,512.0,2597,512
dd_w150,mcp4-n110-r16-10,40.53273063524804,3257.0001,3257.0001,0.0,7.698673781,32.83405685424805,32.04382944099999,31.323076227,40,37,137,2236,2377,2062,2249,191.0,2249,191
dd_w150,mcp4-n120-r08-01,3603.6764148453804,8708.000133333338,16496.831953338788,0.8944455329290354,36.815163968,3566.8612508773804,3510.926421453999,3496.2777710660025,557,552,19073,2563,2778,2373,3076,709.0,3076,709
dd_w150,mcp4-n120-r08-02,3706.4614631846116,8818.077061538468,19719.681872856585,1.236279149664875,37.779237242,3668.6822259426117,3663.3498260899996,3653.560901423001,371,367,716,2556,2771,2366,2883,522.0,2883,522
dd_w150,mcp4-n120-r08-03,4273.354879649501,8136.154007692306,18494.204048618856,1.2730892300137828,35.233245643,4238.1216340065,4230.043655568999,4216.5401971759975,516,507,1299,2570,2783,2380,3035,657.0,3035,657
dd_w150,mcp4-n120-r08-04,4001.0102607052654,7119.000200000008,20362.450423040136,1.8602963690098104,39.065039758,3961.9452209472656,3959.7654434699994,3949.7469702819994,394,387,246,2592,2808,2402,2940,543.0,2940,543
dd_w150,mcp4-n120-r08-05,3601.9289593381477,8998.400140000003,15360.910145682843,0.7070712467430724,35.345486371,3566.583472967148,3539.4719658640033,3523.864787737,683,678,8240,2549,2766,2359,3193,844.0,3193,844
dd_w150,mcp4-n120-r08-06,3974.9840353556842,8936.571557142877,9926.754824838852,0.11080124646957423,41.162297351,3933.8217380046844,3925.6680384749993,3917.929310442999,317,311,2389,2527,2742,2337,2798,465.0,2798,465
dd_w150,mcp4-n120-r08-07,4143.434396846622,7903.500175000001,17982.4244287027,1.275248185048936,46.198011978,4097.236384868622,4089.608662728996,4077.2785208220002,485,480,1335,2563,2777,2373,3004,637.0,3004,637
dd_w150,mcp4-n120-r08-08,3602.090400059398,7194.000149999994,16699.925233936276,1.321368485645123,44.694156964,3557.396243095398,3537.2762188390025,3521.8060090080016,618,611,4618,2558,2775,2368,3131,769.0,3131,769
dd_w150,mcp4-n120-r08-09,4056.0619903124066,6849.250175000002,16797.864412664854,1.452511440446085,52.562095455,4003.4998948574066,3987.014046143,3974.043129256003,535,529,4616,2584,2798,2394,3072,681.0,3072,681
dd_w150,mcp4-n120-r08-10,3951.7578167738966,9149.000100000027,9457.202282333184,0.033686979884627724,29.86579178,3921.8920249938965,3913.898398916001,3905.504951843,322,314,1723,2545,2760,2355,2820,471.0,2820,471
dd_w150,mcp4-n120-r10-01,3688.6422440818806,6510.500174999996,9727.0981209258,0.49406310720601543,22.159359198,3666.4828848838806,3106.8735973889998,3087.206039010001,811,802,211056,2539,2723,2349,3302,960.0,3302,960
dd_w150,mcp4-n120-r10-02,3610.3411748139165,6284.500149999996,11448.770364296344,0.821747170186057,24.092348787,3586.2488260269165,3555.1624429320013,3536.763111555001,721,711,9928,2528,2714,2338,3202,873.0,3202,873
dd_w150,mcp4-n120-r10-03,3611.781893738816,6204.941347058813,10919.814243757872,0.7598577702807685,25.320542821,3586.461350917816,3509.9913015820002,3495.8245032200043,601,594,29574,2519,2709,2329,3079,763.0,3079,763
dd_w150,mcp4-n120-r10-04,2401.388073398644,7145.333466666665,7145.333466666665,0.0,21.821597292,2379.5664761066437,2363.126549402999,2348.4574298730004,590,578,4436,2523,2710,2333,3066,745.0,3066,745
dd_w150,mcp4-n120-r10-05,2002.5098612295612,6967.0001,6967.250099999997,3.5883450037034164e-5,24.057632445,1978.4522287845612,1973.652245355,1963.9060607989993,400,392,1354,2541,2730,2351,2899,561.0,2899,561
dd_w150,mcp4-n120-r10-06,755.7466930289942,7058.000100000005,7058.000100000005,0.0,24.39833106,731.3483619689941,726.663350361,721.9918915690001,196,192,729,2499,2683,2309,2650,344.0,2650,344
dd_w150,mcp4-n120-r10-07,180.6127843893092,7019.000099999999,7019.000099999999,0.0,26.597006563,154.0157778263092,152.50374653700004,151.77030997299997,35,32,293,2491,2675,2301,2482,184.0,2482,184
dd_w150,mcp4-n120-r10-08,3665.259961988519,6374.476328571426,12409.81172795689,0.9467970525412609,22.865501072,3642.394460916519,3617.5421941089976,3602.108615718004,609,600,7466,2521,2704,2331,3081,754.0,3081,754
dd_w150,mcp4-n120-r10-09,354.76281700218186,6495.000099999999,6495.000100000001,0.0,24.353489972,330.4093270301819,328.10144557599995,326.725577614,58,56,741,2540,2729,2350,2560,218.0,2560,218
dd_w150,mcp4-n120-r10-10,3857.200328694166,5669.444599999999,11580.270142194076,1.0425757652158871,24.451658593,3832.7486701011658,3784.4411882910003,3769.1006921819967,633,625,18773,2541,2724,2351,3127,781.0,3127,781
dd_w150,mcp4-n120-r12-01,974.5940316342131,5697.000100000001,5697.000100000001,0.0,15.537426772,959.0566048622131,956.7503634360005,948.1184770469996,349,342,431,2538,2704,2348,2844,504.0,2844,504
dd_w150,mcp4-n120-r12-02,1396.450242069196,5520.000200000001,5520.000200000001,0.0,17.615048912,1378.835193157196,1334.3875171299978,1315.146283098001,793,790,16697,2530,2696,2340,3283,953.0,3283,953
dd_w150,mcp4-n120-r12-03,1345.2229575525746,5226.000149999996,5226.000149999996,0.0,17.917990626,1327.3049669265747,1314.7520021269995,1300.4295549779995,592,583,3310,2508,2676,2318,3057,754.0,3056,752
dd_w150,mcp4-n120-r12-04,2129.890224281702,5197.000149999999,5197.448539776138,8.627857671685185e-5,18.224900309,2111.665323972702,2011.919684651,1995.904369373,652,645,52643,2496,2661,2306,3101,799.0,3101,799
dd_w150,mcp4-n120-r12-05,1636.5110351175854,5477.000099999999,5477.000099999999,0.0,18.891063127,1617.6199719905853,1608.8915418830009,1597.8521873779991,460,450,2603,2480,2646,2290,2892,608.0,2892,608
dd_w150,mcp4-n120-r12-06,1670.8728264397525,5150.300150000005,5150.300150000005,0.0,18.305630309,1652.5671961307526,1642.2116135370006,1627.061305115,657,648,2809,2496,2660,2306,3105,804.0,3105,804
dd_w150,mcp4-n120-r12-07,782.1616140453684,5552.000100000004,5552.000100000005,0.0,19.071952924,763.0896611213684,756.8727411500004,748.8315552669998,310,306,1511,2474,2642,2284,2743,467.0,2743,467
dd_w150,mcp4-n120-r12-08,924.8408195680404,5772.666799999995,5773.162327602904,8.584032650362289e-5,18.852481336,905.9883382320404,903.7806032170001,898.913003896,221,212,673,2515,2683,2325,2690,379.0,2690,379
dd_w150,mcp4-n120-r12-09,1191.5235997137252,5736.000100000004,5736.000100000004,0.0,18.680756658,1172.842843055725,1162.022222657,1152.5990220360002,427,420,3237,2482,2650,2292,2867,593.0,2867,593
dd_w150,mcp4-n120-r12-10,874.6984914927909,5593.000100000008,5593.000100000008,0.0,18.451748529,856.2467429637909,849.856214967,842.2605066750002,298,291,1530,2513,2678,2323,2764,445.0,2764,445
dd_w150,mcp4-n120-r14-01,106.10283022172364,4963.000100000005,4963.000100000004,0.0,15.099166205,91.00366401672363,90.21113873800002,89.19578762600001,40,38,95,2434,2585,2244,2432,192.0,2432,192
dd_w150,mcp4-n120-r14-02,1220.1863582588273,4841.000150000002,4841.296542687748,6.122550682970899e-5,12.229234264,1207.9571239948273,1059.596058768999,1042.1806327090005,763,754,42728,2450,2604,2260,3168,920.0,3168,920
dd_w150,mcp4-n120-r14-03,968.1530229351517,4269.333466666667,4269.333466666667,0.0,15.234733989,952.9182889461517,827.1269399399999,808.2599454970003,713,707,45652,2472,2627,2282,3149,885.0,3149,885
dd_w150,mcp4-n120-r14-04,1376.5903097191049,4003.0001499999935,4003.0001499999935,0.0,18.660515646,1357.9297940731049,1343.698418224999,1332.8416424299999,471,460,5523,2431,2586,2241,2858,634.0,2858,634
dd_w150,mcp4-n120-r14-05,97.83252209955005,4559.000100000009,4559.000100000009,0.0,13.510832017,84.32169008255005,83.60109967399998,82.69011247600001,42,39,119,2417,2576,2227,2424,215.0,2424,215
dd_w150,mcp4-n120-r14-06,389.20429786956566,4695.000119999999,4695.000119999999,0.0,14.463265746,374.7410321235657,372.258065945,367.2260278140001,209,202,568,2514,2667,2324,2679,365.0,2679,365
dd_w150,mcp4-n120-r14-07,1966.2985854051587,4324.333466666665,4324.76200476191,9.909922501315826e-5,14.316559305,1951.9820261001587,1607.3853247189993,1589.0866459799988,762,752,121249,2424,2573,2234,3137,908.0,3137,908
dd_w150,mcp4-n120-r14-08,1044.019647031737,4333.000200000003,4333.324845121951,7.492386498100532e-5,12.736809164,1031.2828378677368,951.0911504079999,941.2312090689996,348,338,47630,2469,2621,2279,2768,494.0,2768,494
dd_w150,mcp4-n120-r14-09,1254.7705482763356,4077.0001,4077.3124429643913,7.661097785871136e-5,14.284313373,1240.4862349033356,1133.4293543799984,1117.860797888,608,601,51391,2497,2650,2307,3062,765.0,3062,765
dd_w150,mcp4-n120-r14-10,1023.3546103964782,4344.000100000001,4344.000100000001,0.0,12.611459447,1010.7431509494781,1005.4462605220002,989.2363206459996,632,620,718,2469,2623,2279,3053,786.0,3053,786
dd_w150,mcp4-n120-r16-01,385.63951583128306,3533.000100000007,3533.000100000007,0.0,9.883693888,375.7558219432831,374.00352818800013,369.00117323000035,230,223,378,2418,2558,2228,2602,381.0,2602,381
dd_w150,mcp4-n120-r16-02,740.5840570032503,4065.0001500000017,4065.0001500000017,0.0,9.470941931,731.1131150722504,637.3796175510004,624.5917251129997,569,562,49503,2448,2590,2258,2973,724.0,2973,724
dd_w150,mcp4-n120-r16-03,760.886278394082,4025.4001399999966,4025.4001399999966,0.0,7.380315307,753.5059630870819,650.7107456260005,636.8699733450001,629,624,40230,2440,2584,2250,3034,806.0,3034,806
dd_w150,mcp4-n120-r16-04,361.19396380446364,3979.0001,3979.350512436554,8.806545055216188e-5,11.911180773,349.2827830314636,346.7289974530001,340.04646488299994,293,289,622,2456,2601,2266,2712,465.0,2711,463
dd_w150,mcp4-n120-r16-05,404.1117979724827,3748.0000999999993,3748.0000999999993,0.0,9.427499934,394.68429803848267,390.14943325300004,382.8684468319999,303,295,669,2464,2606,2274,2723,461.0,2723,461
dd_w150,mcp4-n120-r16-06,632.1497099905156,3716.0001500000008,3716.0001500000008,0.0,12.676657012,619.4730529785156,615.4933134999999,607.24962759,371,361,1257,2449,2592,2259,2774,524.0,2774,524
dd_w150,mcp4-n120-r16-07,502.3510988024696,3743.5001999999995,3743.5001999999995,0.0,10.135645893,492.2154529094696,487.11191253899995,478.38718149100004,391,382,1107,2468,2610,2278,2812,541.0,2812,541
dd_w150,mcp4-n120-r16-08,841.6293583235124,3480.333466666664,3480.571528571429,6.840203878305305e-5,13.088133367,828.5412249565125,816.122601777,804.5170740739997,581,565,4327,2447,2597,2257,2988,764.0,2987,762
dd_w150,mcp4-n120-r16-09,383.07096545389174,3623.000100000001,3623.000100000001,0.0,9.406760618,373.6642048358917,372.0502763320001,365.90938046099996,266,258,261,2444,2591,2254,2669,440.0,2669,440
dd_w150,mcp4-n120-r16-10,592.7433967241935,3788.00013333333,3788.00013333333,0.0,12.315731729,580.4276649951935,573.372147325,562.9227079249997,491,478,1596,2373,2517,2183,2816,643.0,2816,643
dd_w200,mcp4-n070-r08-01,61.10740681944153,4283.000133333349,4283.000133333349,0.0,3.453106845,57.65429997444153,45.35025415799998,41.072874229,134,125,3714,2666,2911,2554,2885,350.0,2885,350
dd_w200,mcp4-n070-r08-02,92.65875603468811,4517.500150000002,4517.500150000002,0.0,3.39825012,89.26050591468811,66.29771752199999,61.85439510200001,153,148,10898,2605,2852,2493,2850,388.0,2849,386
dd_w200,mcp4-n070-r08-03,107.73098675463818,3691.000200000003,3691.000200000003,0.0,3.422271888,104.30871486663818,54.546948470000004,49.41550958299999,182,177,18593,2655,2902,2543,2930,418.0,2928,408
dd_w200,mcp4-n070-r08-04,48.842580541592895,4690.000099999999,4690.0001,0.0,2.493946537,46.348634004592896,45.430341793,42.737363302000006,103,99,130,2609,2857,2497,2806,328.0,2805,326
dd_w200,mcp4-n070-r08-05,73.6413795025437,3845.000100000001,3845.000100000001,0.0,3.714595464,69.9267840385437,62.00436927699995,56.659059584,172,167,2393,2742,2985,2630,3002,385.0,3002,385
dd_w200,mcp4-n070-r08-06,56.52493426027759,4825.000150000002,4825.000150000002,0.0,3.321795432,53.20313882827759,51.96615253999997,48.535715120999996,125,120,162,2693,2934,2581,2904,333.0,2904,333
dd_w200,mcp4-n070-r08-07,64.88775423071435,3732.0000999999993,3732.0000999999993,0.0,3.941729336,60.946024894714355,59.112132927000005,55.48260108500001,119,111,445,2711,2952,2599,2912,322.0,2912,322
dd_w200,mcp4-n070-r08-08,64.80890439258265,4167.000100000001,4167.000100000001,0.0,3.721242411,61.08766198158264,58.643794286999984,54.49879214999998,139,132,427,2686,2930,2574,2912,358.0,2911,356
dd_w200,mcp4-n070-r08-09,92.41391281120654,4190.0000999999975,4190.0000999999975,0.0,3.302558937,89.11135387420654,84.42548081400003,79.06043584200003,178,169,812,2736,2979,2624,2999,393.0,2999,393
dd_w200,mcp4-n070-r08-10,33.81709703423999,4291.000099999999,4291.000099999999,0.0,3.029188957,30.78790807723999,29.783231058000005,27.408986213000006,83,81,118,2639,2884,2527,2814,302.0,2814,302
dd_w200,mcp4-n070-r10-01,47.215349108080325,3716.0002000000004,3716.0002000000004,0.0,1.864753157,45.35059595108032,29.126329458999997,26.093026375000008,114,111,6082,2555,2786,2443,2765,358.0,2765,358
dd_w200,mcp4-n070-r10-02,43.144856140746825,3023.0001500000026,3023.0001500000026,0.0,2.588891194,40.555964946746826,38.54609955699999,35.28892685300001,119,110,532,2608,2834,2496,2812,335.0,2812,335
dd_w200,mcp4-n070-r10-03,39.13182439482007,3403.0001,3403.0001,0.0,2.628626248,36.50319814682007,35.113697003000006,32.20151069400002,110,106,182,2641,2872,2529,2846,349.0,2845,347
dd_w200,mcp4-n070-r10-04,60.18561128672241,3412.2501500000003,3412.2501500000003,0.0,1.689531365,58.49607992172241,48.884252176999986,44.779166512,166,160,3347,2482,2710,2370,2738,388.0,2738,388
dd_w200,mcp4-n070-r10-05,49.39981153681165,3104.000100000002,3104.000100000002,0.0,1.813201458,47.586610078811646,39.51142229100001,35.589347905000004,143,138,2329,2610,2839,2498,2847,370.0,2846,367
dd_w200,mcp4-n070-r10-06,33.980609046143435,3933.0001999999995,3933.0001999999995,0.0,0.524048196,33.45656085014343,31.487393548000007,28.23839732199999,113,107,579,2582,2814,2470,2788,351.0,2788,351
dd_w200,mcp4-n070-r10-07,39.61808800037451,3412.0000999999997,3412.0000999999997,0.0,1.361600154,38.25648784637451,36.25984387199998,32.71672963200001,134,126,615,2617,2845,2505,2838,349.0,2838,349
dd_w200,mcp4-n070-r10-08,36.57452741993445,3314.00015,3314.00015,0.0,1.504254259,35.07027316093445,33.74586826499998,30.829982393999998,120,113,224,2602,2829,2490,2811,339.0,2811,339
dd_w200,mcp4-n070-r10-09,33.48388164123706,3319.6668,3319.6668,0.0,2.843081642,30.64079999923706,28.210488972999993,25.803265238999995,99,91,774,2576,2811,2464,2771,338.0,2771,338
dd_w200,mcp4-n070-r10-10,45.884998631311156,4003.500149999999,4003.500149999999,0.0,1.144195628,44.74080300331116,42.06998585299999,37.909657379000016,138,132,697,2705,2929,2593,2929,352.0,2929,352
dd_w200,mcp4-n070-r12-01,47.26347853330481,2717.0001800000027,2717.0001800000027,0.0,1.511331574,45.75214695930481,41.83148739100001,37.45693124099998,176,166,686,2591,2808,2479,2855,401.0,2855,401
dd_w200,mcp4-n070-r12-02,35.62876989749829,2701.3334666666697,2701.3334666666697,0.0,1.355207943,34.27356195449829,22.95325714200001,19.964111100000004,108,103,4459,2655,2870,2543,2852,323.0,2852,323
dd_w200,mcp4-n070-r12-03,29.18088401396704,2729.0001,2729.0001,0.0,1.155185829,28.02569818496704,25.515302376999987,22.322527045000005,115,108,696,2638,2855,2526,2841,335.0,2841,335
dd_w200,mcp4-n070-r12-04,33.88710941316687,2555.0001000000075,2555.0001000000075,0.0,1.962668314,31.92444109916687,29.894310430000004,26.811992801000002,118,111,627,2522,2742,2410,2734,352.0,2732,348
dd_w200,mcp4-n070-r12-05,41.14997399802844,2196.00014,2196.00014,0.0,2.567991147,38.58198285102844,37.16182463899999,33.55206587999999,142,135,300,2529,2748,2417,2763,374.0,2763,374
dd_w200,mcp4-n070-r12-06,19.561329309794555,2249.0001000000025,2249.0001000000025,0.0,1.514490311,18.046838998794556,17.199300679,15.026050882,76,70,142,2548,2770,2436,2721,347.0,2720,341
dd_w200,mcp4-n070-r12-07,29.46525248943103,2338.5002000000013,2338.5002000000013,0.0,2.059769482,27.40548300743103,26.089640912999993,23.515850634000003,97,91,310,2563,2779,2451,2749,320.0,2748,318
dd_w200,mcp4-n070-r12-08,38.55740377601221,2860.333466666666,2860.333466666666,0.0,1.479609701,37.07779407501221,28.578700462000008,25.382935938,122,115,4116,2515,2735,2403,2729,344.0,2729,344
dd_w200,mcp4-n070-r12-09,31.768389117755248,2674.000100000003,2674.000100000003,0.0,1.358336103,30.41005301475525,29.332777452000002,26.538387619999998,107,101,229,2598,2815,2486,2794,326.0,2794,326
dd_w200,mcp4-n070-r12-10,17.413096595385863,2880.0002,2880.0002,0.0,1.249162603,16.163933992385864,15.331822933,13.615124478,66,64,160,2531,2744,2419,2687,280.0,2687,280
dd_w200,mcp4-n070-r14-01,22.613381493011108,2391.6667999999963,2391.6667999999963,0.0,1.445733416,21.16764807701111,11.670818107999995,9.713996171,77,75,3421,2553,2764,2441,2727,317.0,2727,317
dd_w200,mcp4-n070-r14-02,19.727397269009888,1915.5001500000008,1915.5001500000008,0.0,1.270458287,18.456938982009888,17.58864758900001,14.894877446,94,89,151,2492,2706,2380,2682,336.0,2682,336
dd_w200,mcp4-n070-r14-03,21.972730673253174,2035.5715714285716,2035.5715714285716,0.0,0.843148745,21.129581928253174,19.99300367899999,17.906460750999997,99,89,261,2328,2546,2216,2523,367.0,2523,367
dd_w200,mcp4-n070-r14-04,23.986409266266723,2220.0001500000017,2220.0001500000017,0.0,0.441589196,23.544820070266724,22.581869773000005,19.538153226000002,105,98,146,2557,2763,2445,2751,327.0,2749,320
dd_w200,mcp4-n070-r14-05,32.391630816967165,1797.50015,1797.50015,0.0,1.67669766,30.714933156967163,27.544186011999997,23.75090898499998,144,134,643,2448,2656,2336,2681,371.0,2681,371
dd_w200,mcp4-n070-r14-06,26.509783836391847,2060.0002,2060.0002,0.0,1.786226841,24.723556995391846,21.193142591999997,18.490909202000008,107,100,1091,2464,2667,2352,2657,320.0,2656,317
dd_w200,mcp4-n070-r14-07,26.217625228866456,2126.000100000001,2126.000100000001,0.0,0.971153347,25.246471881866455,24.001436272000003,20.498548011999997,133,124,232,2492,2697,2380,2709,352.0,2709,352
dd_w200,mcp4-n070-r14-08,34.900297897418824,1959.0001000000002,1959.0001000000002,0.0,1.260108965,33.64018893241882,31.21406391199999,27.443963942000018,123,119,1028,2541,2747,2429,2754,348.0,2754,348
dd_w200,mcp4-n070-r14-09,22.14276400355493,1995.0001000000007,1995.0001000000007,0.0,1.066128166,21.07663583755493,19.33951415,17.158856339000003,90,86,570,2471,2686,2359,2660,369.0,2660,369
dd_w200,mcp4-n070-r14-10,26.600770464281126,2080.000100000003,2080.000100000003,0.0,1.568020573,25.032749891281128,23.861469195000012,20.970455623000007,119,112,194,2437,2646,2325,2645,352.0,2645,352
dd_w200,mcp4-n070-r16-01,19.57891514431079,2000.0001000000002,2000.0001000000002,0.0,0.626520182,18.95239496231079,17.269655853,14.552718292000002,100,94,571,2526,2731,2414,2722,347.0,2722,347
dd_w200,mcp4-n070-r16-02,15.382258623944091,1713.0001000000034,1713.0001000000034,0.0,0.48546955,14.896789073944092,13.450831714000003,11.356216031,86,80,339,2453,2660,2341,2635,330.0,2635,330
dd_w200,mcp4-n070-r16-03,43.339441807177856,1780.0001333333348,1780.0001333333348,0.0,1.018618853,42.320822954177856,37.94599540200001,33.13302509299999,188,178,1405,2435,2642,2323,2716,431.0,2716,431
dd_w200,mcp4-n070-r16-04,17.61885972479834,2174.000149999999,2174.000149999999,0.0,0.832689719,16.78617000579834,12.304266085999997,10.587474328000004,76,71,1788,2453,2661,2341,2627,314.0,2627,314
dd_w200,mcp4-n070-r16-05,16.182084716411012,1872.0001000000061,1872.0001000000061,0.0,0.867777742,15.31430697441101,14.374761216999996,12.133317080000001,89,83,195,2534,2736,2422,2712,315.0,2712,315
dd_w200,mcp4-n070-r16-06,20.716066074112916,1821.2501249999993,1821.2501249999993,0.0,0.941295099,19.774770975112915,18.879829021000003,16.447740200000002,101,94,207,2473,2685,2361,2673,391.0,2673,391
dd_w200,mcp4-n070-r16-07,28.77827992477991,1802.5001499999994,1802.5001499999994,0.0,1.568543816,27.209736108779907,21.715550339999997,18.540978713999998,132,124,1887,2477,2689,2365,2709,399.0,2709,399
dd_w200,mcp4-n070-r16-08,8.599257543629882,1836.0001000000022,1836.0001000000022,0.0,1.015942648,7.583314895629883,7.005119177000001,5.8882858150000015,41,38,55,2471,2672,2359,2604,257.0,2604,257
dd_w200,mcp4-n070-r16-09,14.34018889790039,1988.0000999999993,1988.0000999999993,0.0,1.1270198,13.21316909790039,12.550984335000004,10.801352664,72,67,47,2502,2708,2390,2671,318.0,2671,315
dd_w200,mcp4-n070-r16-10,24.23688777745239,1810.0001666666672,1810.0001666666672,0.0,0.66840967,23.568478107452393,20.353792662999993,16.997486988000002,125,116,876,2485,2692,2373,2701,366.0,2701,366
dd_w200,mcp4-n080-r08-01,196.20227597788758,4810.833483333331,4810.833483333331,0.0,5.153700815,191.04857516288757,172.8046221800002,160.35900823199998,306,302,4805,3156,3407,3028,3540,535.0,3538,531
dd_w200,mcp4-n080-r08-02,162.81765189759093,5122.000300000001,5122.000300000001,0.0,4.66279307,158.15485882759094,154.94397032599994,143.289669484,260,250,399,3120,3368,2992,3447,467.0,3447,467
dd_w200,mcp4-n080-r08-03,249.601310164875,6000.0001000000075,6000.491127732464,8.183795404538934e-5,4.793937118,244.807373046875,205.8713137210001,195.08706744199998,258,254,14091,3113,3359,2985,3442,468.0,3442,468
dd_w200,mcp4-n080-r08-04,147.98022067923182,5927.111266666669,5927.111266666669,0.0,4.148399476,143.8318212032318,142.26907716599996,137.055978583,138,133,225,3092,3341,2964,3302,352.0,3302,352
dd_w200,mcp4-n080-r08-05,181.8393077811875,5400.000099999999,5400.000099999999,0.0,5.580640789,176.2586669921875,169.34042716199988,162.12178597599996,188,179,879,3091,3339,2963,3346,398.0,3346,398
dd_w200,mcp4-n080-r08-06,221.7535491746177,4848.000200000003,4848.000200000003,0.0,5.103497104,216.65005207061768,182.97515704000017,171.313214536,307,301,14504,3067,3315,2939,3445,520.0,3445,520
dd_w200,mcp4-n080-r08-07,234.58296663263832,4926.000150000002,4926.000150000002,0.0,4.864313669,229.7186529636383,217.8372107949998,206.03581610900005,273,263,3158,3132,3380,3004,3471,478.0,3471,478
dd_w200,mcp4-n080-r08-08,211.64709680324535,5168.000100000002,5168.000100000002,0.0,5.388318708,206.25877809524536,199.50802236499996,190.12101800700017,243,234,796,3072,3324,2944,3386,458.0,3386,458
dd_w200,mcp4-n080-r08-09,427.5831221461449,5038.50015,5038.50015,0.0,5.910429132,421.6726930141449,283.4599276920001,272.0221675239998,295,287,58559,3091,3343,2963,3461,528.0,3461,528
dd_w200,mcp4-n080-r08-10,354.64661511550486,4610.000099999999,4610.000099999999,0.0,6.160224048,348.4863910675049,339.6950214369998,327.64021658600007,270,258,2403,3153,3397,3025,3484,464.0,3484,464
dd_w200,mcp4-n080-r10-01,35.61376440081726,3691.00015,3691.00015,0.0,3.878986235,31.73477816581726,30.850635735,28.667851587999998,58,55,71,3054,3283,2926,3186,273.0,3186,273
dd_w200,mcp4-n080-r10-02,78.42869185005823,3995.250149999996,3995.250149999996,0.0,3.937047706,74.49164414405823,72.59520976700001,67.00106812500002,131,125,363,3039,3271,2911,3245,354.0,3245,354
dd_w200,mcp4-n080-r10-03,124.50091010598877,4124.000100000001,4124.000100000001,0.0,3.73084003,120.77007007598877,110.53338869399995,102.02137865,202,191,2745,3086,3314,2958,3354,408.0,3354,408
dd_w200,mcp4-n080-r10-04,50.915668223579715,4292.000200000003,4292.000200000003,0.0,2.723161195,48.19250702857971,46.846038277999995,43.088417366,84,82,168,3084,3317,2956,3247,320.0,3247,320
dd_w200,mcp4-n080-r10-05,194.8120553410121,3823.0002000000004,3823.000200000001,0.0,3.972324363,190.83973097801208,175.169888972,163.717606025,290,281,3678,3066,3298,2938,3431,527.0,3430,525
dd_w200,mcp4-n080-r10-06,93.46606997995606,4038.0000999999997,4038.0000999999997,0.0,3.666831775,89.79923820495605,88.36528182199999,82.45545033299999,150,145,195,3035,3269,2907,3263,379.0,3263,379
dd_w200,mcp4-n080-r10-07,48.34867862816101,3943.0001000000007,3943.0001000000007,0.0,3.093453685,45.25522494316101,43.82083850200002,39.759652032999995,108,102,195,3064,3299,2936,3250,346.0,3250,346
dd_w200,mcp4-n080-r10-08,117.24876686380493,4339.000100000001,4339.0001,0.0,3.36109587,113.88767099380493,111.52128026199996,103.021406858,228,217,344,3055,3287,2927,3354,443.0,3354,443
dd_w200,mcp4-n080-r10-09,152.9854105603014,3860.0000999999993,3860.0000999999993,0.0,4.324811567,148.6605989933014,134.598812288,124.32484634699988,259,249,3705,3057,3285,2929,3382,464.0,3382,464
dd_w200,mcp4-n080-r10-10,83.73970450216773,4385.500150000002,4385.500150000002,0.0,3.392962349,80.34674215316772,76.90819701999997,70.547938705,155,151,726,3111,3340,2983,3340,370.0,3340,370
dd_w200,mcp4-n080-r12-01,22.278051086692628,3733.0001,3733.0001,0.0,1.435773083,20.842278003692627,20.170873033,18.532315857999997,41,37,33,3012,3227,2884,3125,251.0,3125,251
dd_w200,mcp4-n080-r12-02,96.14286396271899,3525.5001499999994,3525.500149999999,0.0,2.359425757,93.783438205719,72.69687854200002,64.797526951,230,226,5838,2931,3157,2803,3249,502.0,3248,499
dd_w200,mcp4-n080-r12-03,46.975535451955324,3056.000100000002,3056.000100000002,0.0,2.944519579,44.03101587295532,42.181779388,37.51041647300001,115,110,413,3018,3242,2890,3217,365.0,3217,365
dd_w200,mcp4-n080-r12-04,85.45101907050196,3247.0002000000004,3247.0002000000004,0.0,2.125407956,83.32561111450195,76.36530748100002,68.89151877100002,196,188,1285,3055,3270,2927,3322,410.0,3322,410
dd_w200,mcp4-n080-r12-05,85.49796356607422,3280.0001,3280.0001,0.0,2.894272465,82.60369110107422,76.53407285399999,69.646737077,192,188,1020,2995,3219,2867,3268,424.0,3268,424
dd_w200,mcp4-n080-r12-06,61.71249369871802,3081.333466666667,3081.333466666667,0.0,2.323794644,59.38869905471802,52.59381810200001,46.93944421500002,154,148,1279,3014,3238,2886,3249,416.0,3249,416
dd_w200,mcp4-n080-r12-07,43.8418178022688,2996.0002,2996.0002,0.0,2.904221958,40.9375958442688,38.752408629,34.526966298,112,106,415,3031,3257,2903,3224,367.0,3224,367
dd_w200,mcp4-n080-r12-08,67.31875843292724,2750.0001000000025,2750.0001000000025,0.0,3.83131737,63.487441062927246,58.52274806600002,52.406065344999995,169,165,776,3016,3237,2888,3267,421.0,3265,417
dd_w200,mcp4-n080-r12-09,27.029459780363158,3034.0001000000025,3034.0001000000025,0.0,2.112058705,24.91740107536316,24.032052708,21.658914106999998,73,65,76,3017,3240,2889,3168,303.0,3167,300
dd_w200,mcp4-n080-r12-10,100.74231532835364,3249.000100000001,3249.000100000001,0.0,2.774695194,97.96762013435364,91.46312145900002,83.63268097299999,218,209,1565,3016,3232,2888,3305,438.0,3305,438
dd_w200,mcp4-n080-r14-01,35.48008253464038,2692.0001000000084,2692.0001000000084,0.0,1.991700672,33.48838186264038,32.251739051,28.680261243000004,103,99,278,2934,3147,2806,3116,337.0,3116,337
dd_w200,mcp4-n080-r14-02,53.500375056881346,2471.0002000000004,2471.0002000000004,0.0,2.067627216,51.43274784088135,45.459270866999965,40.01372948600002,148,143,915,2958,3173,2830,3187,401.0,3187,401
dd_w200,mcp4-n080-r14-03,61.26868214498218,2417.500149999999,2417.500149999999,0.0,1.709488057,59.55919408798218,51.91655529199999,46.803394017999985,169,163,2345,2895,3109,2767,3145,410.0,3145,410
dd_w200,mcp4-n080-r14-04,47.52484969870215,2289.000100000001,2289.000100000001,0.0,1.918337629,45.60651206970215,42.71188029699999,38.49883173800001,137,130,768,2867,3077,2739,3078,368.0,3077,365
dd_w200,mcp4-n080-r14-05,34.57483250895825,2817.0001000000016,2817.0001000000016,0.0,1.490458558,33.08437395095825,31.771640317,28.463989047,107,101,183,2911,3126,2783,3097,338.0,3097,338
dd_w200,mcp4-n080-r14-06,60.31032617653369,2750.50015,2750.50015,0.0,1.560966092,58.74936008453369,40.679952409,35.713896932999994,131,127,6007,2975,3184,2847,3182,354.0,3182,354
dd_w200,mcp4-n080-r14-07,25.755699523279663,2926.0001000000057,2926.0001000000057,0.0,1.421503671,24.334195852279663,22.960983002999996,20.090730813999993,80,76,266,2929,3148,2801,3096,345.0,3094,341
dd_w200,mcp4-n080-r14-08,58.66726260434375,2455.500149999998,2455.500149999998,0.0,1.721034577,56.94622802734375,53.65730733400001,47.41691532300003,183,178,941,2957,3164,2829,3218,410.0,3215,402
dd_w200,mcp4-n080-r14-09,73.2264295515448,2462.50015,2462.50015,0.0,2.01645264,71.2099769115448,64.653992433,56.207374764000015,251,242,1447,2910,3127,2782,3241,520.0,3240,517
dd_w200,mcp4-n080-r14-10,36.46822849849243,2858.000133333336,2858.000133333336,0.0,1.002554575,35.46567392349243,25.925617551999995,23.185362131,93,89,2980,2827,3041,2699,3002,337.0,3001,332
dd_w200,mcp4-n080-r16-01,55.54817447519165,2328.0001,2328.0001,0.0,1.168018435,54.38015604019165,48.604016425,42.22320015699998,188,182,1361,2853,3063,2725,3136,504.0,3134,498
dd_w200,mcp4-n080-r16-02,33.940979184699216,2142.5001500000017,2142.5001500000017,0.0,1.497200193,32.44377899169922,21.452821435,18.837835013999996,81,78,4723,2813,3013,2685,2971,308.0,2971,308
dd_w200,mcp4-n080-r16-03,38.797323335517454,1936.500149999998,1936.500149999998,0.0,1.181058277,37.616265058517456,36.150741792000005,31.615069647999995,146,140,301,2904,3113,2776,3131,386.0,3131,386
dd_w200,mcp4-n080-r16-04,76.49489393629248,2156.75015,2156.75015,0.0,0.791026024,75.70386791229248,55.116187045,47.58476814300001,213,207,5415,2863,3062,2735,3149,437.0,3148,435
dd_w200,mcp4-n080-r16-05,23.25150592075134,2229.0001000000007,2229.0001000000007,0.0,1.80322201,21.448283910751343,20.548933491,17.944392551000004,78,73,100,2926,3136,2798,3088,333.0,3087,331
dd_w200,mcp4-n080-r16-06,24.619306682210695,2299.0001,2299.0001,0.0,1.400135635,23.219171047210693,22.25311734500001,19.366592468999997,96,90,136,2885,3087,2757,3057,327.0,3057,327
dd_w200,mcp4-n080-r16-07,42.861813330471435,2319.666833333334,2319.666833333334,0.0,1.596898341,41.264914989471436,38.43015026199999,34.11100992599999,136,130,841,2874,3079,2746,3088,381.0,3088,381
dd_w200,mcp4-n080-r16-08,18.035907684052734,1812.0000999999997,1812.0000999999997,0.0,1.53639978,16.499507904052734,15.604384575999998,13.746761825,56,52,83,2821,3026,2693,2956,286.0,2956,286
dd_w200,mcp4-n080-r16-09,17.975440581470583,1992.0001000000084,1992.0001000000084,0.0,1.773451646,16.20198893547058,15.440555118999999,13.255065651,68,62,103,2918,3120,2790,3062,301.0,3062,301
dd_w200,mcp4-n080-r16-10,38.51699291578125,1627.000100000003,1627.000100000003,0.0,1.57918774,36.93780517578125,34.66351351700001,29.641916113999994,154,146,411,2891,3099,2763,3130,444.0,3128,430
dd_w200,mcp4-n090-r08-01,548.270158519932,6051.333466666664,6051.45846768343,2.06567721733603e-5,8.590053549,539.680104970932,504.12444181599994,492.7764528139999,333,323,10255,2863,3113,2719,3242,528.0,3242,528
dd_w200,mcp4-n090-r08-02,186.33076003178383,6350.000100000001,6350.000100000001,0.0,7.069411069,179.2613489627838,177.472536461,172.59625613500003,152,145,306,2791,3046,2647,2999,366.0,2999,366
dd_w200,mcp4-n090-r08-03,776.4855587686454,6544.400120000007,6544.963182476481,8.603729389248315e-5,8.076433679,768.4091250896454,622.0787890710002,607.8828190400002,442,431,70584,2849,3103,2705,3340,644.0,3340,644
dd_w200,mcp4-n090-r08-04,542.6848569725792,5604.000199999999,5604.136563636369,2.4333267577387594e-5,9.067431054,533.6174259185791,501.2289125000001,490.3157835669998,335,330,11807,2813,3065,2669,3201,538.0,3201,538
dd_w200,mcp4-n090-r08-05,515.6120936643523,5733.50015,5733.50015,0.0,9.390120722,506.2219729423523,495.95861597500027,485.46978399199986,342,336,2403,2786,3038,2642,3180,545.0,3180,545
dd_w200,mcp4-n090-r08-06,813.5118322147162,6854.833483333332,6854.862966817159,4.301123272879672e-6,9.248767115,804.2630650997162,683.9127729759999,669.8810063629999,456,448,45914,2806,3059,2662,3314,662.0,3314,662
dd_w200,mcp4-n090-r08-07,533.3366841697826,6628.500149999998,6628.500149999998,0.0,7.955966177,525.3807179927826,516.3065048010001,506.0285572289997,350,342,1549,2744,2996,2600,3146,557.0,3146,557
dd_w200,mcp4-n090-r08-08,926.169709487621,5870.000149999997,5870.000149999997,0.0,9.385140701,916.7845687866211,757.3251139370001,739.1466045190004,561,556,64000,2822,3075,2678,3440,778.0,3439,776
dd_w200,mcp4-n090-r08-09,722.1934413209599,5690.50015,5690.50015,0.0,8.205653359,713.9877879619598,531.9756190049997,517.761747449,463,461,84434,2828,3081,2684,3349,675.0,3349,675
dd_w200,mcp4-n090-r08-10,584.8097831121289,6615.000100000003,6615.000100000003,0.0,9.12609018,575.6836929321289,568.203724942,558.7324705720001,279,273,846,2824,3077,2680,3157,485.0,3156,483
dd_w200,mcp4-n090-r10-01,372.1119643065879,5127.50015,5127.50015,0.0,6.756339154,365.3556251525879,359.83991111,350.84014670499977,306,296,925,2745,2979,2601,3104,514.0,3104,514
dd_w200,mcp4-n090-r10-02,320.13244546012925,4945.000200000003,4945.000200000002,0.0,5.912297612,314.2201478481293,306.30480039800005,294.0681675669999,374,364,1320,2831,3062,2687,3257,586.0,3257,586
dd_w200,mcp4-n090-r10-03,199.92065664243236,4279.000100000001,4279.000100000001,0.0,7.257807693,192.66284894943237,190.71113685200004,186.16070107300004,159,152,332,2769,3004,2625,2987,399.0,2987,399
dd_w200,mcp4-n090-r10-04,99.99513698260498,4416.000100000006,4416.000100000006,0.0,6.447397,93.54773998260498,91.68487988300001,88.05859377400003,121,118,416,2756,2987,2612,2934,333.0,2934,333
dd_w200,mcp4-n090-r10-05,352.76184879112,4297.0001,4297.0001,0.0,7.48410569,345.27774310112,336.6756503380001,329.23408971799984,250,239,2078,2760,2992,2616,3061,456.0,3061,456
dd_w200,mcp4-n090-r10-06,377.4611171715436,4412.0001999999995,4412.0001999999995,0.0,6.86614623,370.5949709415436,364.05633338199993,355.3333308419999,302,295,1645,2757,2987,2613,3117,521.0,3117,521
dd_w200,mcp4-n090-r10-07,75.78834369635608,4309.0000999999975,4309.0000999999975,0.0,6.063367872,69.72497582435608,68.23834935999997,65.988774275,80,75,268,2721,2956,2577,2860,307.0,2860,307
dd_w200,mcp4-n090-r10-08,288.2733175309569,4828.000133333333,4828.000133333333,0.0,4.745137647,283.5281798839569,254.042434788,243.89014600700017,315,304,11543,2783,3015,2639,3148,524.0,3148,524
dd_w200,mcp4-n090-r10-09,154.57459204692506,5061.0001,5061.0001,0.0,5.78244298,148.79214906692505,146.481547169,141.85883729099996,156,151,433,2777,3011,2633,2993,378.0,2992,375
dd_w200,mcp4-n090-r10-10,339.67534710205166,4562.40014,4562.40014,0.0,6.179735196,333.49561190605164,314.67656902800013,304.97897492299984,344,336,6705,2799,3033,2655,3199,563.0,3199,563
dd_w200,mcp4-n090-r12-01,211.55809957258936,3706.400139999998,3706.400139999998,0.0,4.958998506,206.59910106658936,191.9546347730001,182.24797615300008,321,318,4167,2691,2908,2547,3073,543.0,3073,543
dd_w200,mcp4-n090-r12-02,149.2379914672716,3871.0001500000008,3871.0001500000008,0.0,4.778069392,144.4599220752716,139.48320826000003,134.03394434600003,168,163,779,2655,2877,2511,2884,395.0,2884,395
dd_w200,mcp4-n090-r12-03,184.7827730222207,3755.000100000002,3755.000100000002,0.0,5.433053021,179.3497200012207,173.47756773499992,164.00494991099998,307,301,970,2672,2888,2528,3035,522.0,3035,522
dd_w200,mcp4-n090-r12-04,177.54379545027234,3608.0001500000035,3608.0001500000035,0.0,5.491432293,172.05236315727234,153.46373520899994,145.21153049800006,259,256,6088,2730,2941,2586,3043,462.0,3043,462
dd_w200,mcp4-n090-r12-05,235.97644491866723,3550.00010000001,3550.00010000001,0.0,5.241134841,230.73531007766724,208.45210830900007,199.55112831899993,309,300,7448,2679,2901,2535,3047,556.0,3047,556
dd_w200,mcp4-n090-r12-06,189.8028323135023,3339.0001999999954,3339.0001999999954,0.0,5.128266283,184.67456603050232,179.66567727000017,170.3397128080001,277,270,812,2715,2935,2571,3057,517.0,3056,515
dd_w200,mcp4-n090-r12-07,81.62112201466992,3782.500149999996,3782.500149999996,0.0,4.212876928,77.40824508666992,75.852237839,72.959999625,92,88,213,2779,3000,2635,2933,325.0,2933,325
dd_w200,mcp4-n090-r12-08,287.6334133980586,3672.0001000000007,3672.0001000000007,0.0,6.279142463,281.3542709350586,249.35216268199989,237.4518835199999,398,386,10112,2711,2926,2567,3157,606.0,3157,606
dd_w200,mcp4-n090-r12-09,189.77292043479113,4184.000100000001,4184.000100000001,0.0,3.382082527,186.39083790779114,180.98820339800002,171.2463442730001,310,298,800,2708,2925,2564,3068,525.0,3068,525
dd_w200,mcp4-n090-r12-10,252.5779716746394,3350.333466666667,3350.4246829268295,2.7226024236129467e-5,5.525344588,247.0526270866394,233.3903604850001,223.77883032000003,317,309,2774,2714,2932,2570,3094,564.0,3092,555
dd_w200,mcp4-n090-r14-01,125.42669659145642,3413.000099999974,3413.000099999974,0.0,2.896667533,122.53002905845642,118.57844957900001,111.06414047000005,258,252,604,2729,2944,2585,3053,511.0,3053,511
dd_w200,mcp4-n090-r14-02,149.956402493624,3182.00015,3182.0002000000013,1.571338752620042e-8,3.522772504,146.43362998962402,130.74930010699998,124.04569591500001,243,236,5436,2621,2828,2477,2924,471.0,2923,468
dd_w200,mcp4-n090-r14-03,143.87570857949535,3149.0001999999995,3149.250100000003,7.935852147720909e-5,4.137926578,139.73778200149536,128.09936546999992,120.51595216399997,262,258,5959,2680,2883,2536,2998,472.0,2998,472
dd_w200,mcp4-n090-r14-04,85.54159173520813,3646.0001000000034,3646.0001000000034,0.0,3.19869885,82.34289288520813,80.68502467599997,75.71371423399995,174,164,229,2576,2786,2432,2805,391.0,2805,391
dd_w200,mcp4-n090-r14-05,45.45190049309961,3044.000100000002,3044.000100000002,0.0,3.961944591,41.48995590209961,40.05643382499999,37.442986454,86,82,292,2684,2891,2540,2832,312.0,2832,312
dd_w200,mcp4-n090-r14-06,162.09798343632482,3399.333466666664,3399.333466666664,0.0,3.739035444,158.35894799232483,150.126123032,142.29941455900004,265,258,2132,2679,2887,2535,3001,485.0,3001,485
dd_w200,mcp4-n090-r14-07,105.87367697520118,2659.6668333333346,2659.6668333333346,0.0,3.401161869,102.47251510620117,98.80034912800002,92.478152475,219,214,985,2691,2893,2547,2961,419.0,2961,419
dd_w200,mcp4-n090-r14-08,151.749256768119,2623.500133333333,2623.5001333333335,0.0,4.395549693,147.35370707511902,139.57132434100004,130.77494953200002,291,282,1598,2755,2968,2611,3108,534.0,3107,530
dd_w200,mcp4-n090-r14-09,157.54980861323108,2984.0001999999995,2984.0001999999995,0.0,4.169803492,153.38000512123108,140.53559996799999,133.705897624,229,221,3069,2706,2918,2562,2995,465.0,2994,461
dd_w200,mcp4-n090-r14-10,119.1471548064585,2664.0001000000007,2664.0001000000007,0.0,3.722396849,115.4247579574585,103.94875045799998,97.16451304599998,251,243,4894,2623,2840,2479,2941,518.0,2940,513
dd_w200,mcp4-n090-r16-01,155.96235964246424,2082.3334666666688,2082.500100000001,8.002240563280079e-5,3.389651751,152.57270789146423,117.40862137800003,106.16126404599993,330,319,11140,2666,2868,2522,3058,575.0,3056,571
dd_w200,mcp4-n090-r16-02,87.96111193229272,2594.000149999999,2594.000149999999,0.0,3.081899076,84.87921285629272,77.177905964,71.34779546100002,221,209,2573,2641,2843,2497,2915,432.0,2915,432
dd_w200,mcp4-n090-r16-03,81.24307431944018,2573.3334666666674,2573.3334666666674,0.0,2.910593412,78.33248090744019,76.312935676,71.31235716700003,192,185,512,2627,2832,2483,2881,461.0,2880,451
dd_w200,mcp4-n090-r16-04,86.22867398855371,2174.0001400000024,2174.0001400000024,0.0,3.280715996,82.94795799255371,68.33831456600001,63.949474886000004,167,163,8769,2617,2822,2473,2849,426.0,2849,426
dd_w200,mcp4-n090-r16-05,63.9447931340675,2710.0001500000008,2710.0001500000008,0.0,2.276369243,61.668423891067505,60.29016903200001,55.87209373999998,157,148,292,2585,2789,2441,2799,388.0,2799,388
dd_w200,mcp4-n090-r16-06,77.22595956504664,2677.000100000004,2677.000100000004,0.0,3.209684636,74.01627492904663,72.08274731499996,66.822074471,208,201,510,2663,2863,2519,2928,428.0,2928,427
dd_w200,mcp4-n090-r16-07,85.59409827328003,2343.00015,2343.00015,0.0,2.360166255,83.23393201828003,79.15286633299996,73.67664721200002,205,200,647,2638,2838,2494,2901,428.0,2901,428
dd_w200,mcp4-n090-r16-08,72.64558393415369,2537.0001,2537.0001,0.0,2.080394811,70.56518912315369,69.65936844699999,64.92899932299997,189,183,101,2632,2837,2488,2886,424.0,2885,422
dd_w200,mcp4-n090-r16-09,113.61439775820874,2431.0001999999995,2431.0001999999995,0.0,3.649548763,109.96484899520874,96.08440955000003,89.21511287599999,255,239,4804,2656,2860,2512,2964,485.0,2964,485
dd_w200,mcp4-n090-r16-10,113.71010493269897,2754.0001000000047,2754.0001000000047,0.0,2.164327135,111.54577779769897,109.39894733699995,100.06501840599996,293,286,407,2606,2809,2462,2964,536.0,2963,533
dd_w200,mcp4-n100-r08-01,1327.6291835583588,6727.000199999997,6727.200100000003,2.971606868779079e-5,12.583053378,1315.046130180359,1242.777247793002,1207.851726327,772,768,21006,3228,3484,3068,4039,979.0,4039,979
dd_w200,mcp4-n100-r08-02,493.0325273887855,7489.764852941193,7489.764852941193,0.0,10.989076318,482.0434510707855,472.79947869200004,462.5767093210001,227,222,1063,3178,3438,3018,3448,453.0,3447,449
dd_w200,mcp4-n100-r08-03,1371.2619841417325,7652.500150000005,7652.500150000005,0.0,11.787917169,1359.4740669727325,1348.5262592319996,1329.100795191,439,431,1761,3181,3436,3021,3653,638.0,3653,638
dd_w200,mcp4-n100-r08-04,728.8777569935738,6973.6668,6973.6668,0.0,11.303684871,717.5740721225739,644.6231808629997,626.1868783110002,403,396,33106,3229,3485,3069,3667,608.0,3667,608
dd_w200,mcp4-n100-r08-05,1346.660320164104,7837.000100000001,7837.000100000001,0.0,10.42040527,1336.239914894104,1320.5431432979997,1296.6941055910006,527,518,2682,3197,3455,3037,3759,734.0,3759,734
dd_w200,mcp4-n100-r08-06,1892.2354616826767,6773.400140000002,6774.013020512814,9.048343522383541e-5,14.257183761,1877.9782779216766,1769.7196918039992,1744.4832038989969,550,541,34160,3195,3451,3035,3785,769.0,3784,767
dd_w200,mcp4-n100-r08-07,2284.6078976854424,7155.000149999999,7155.568483960155,7.943171883182298e-5,14.861374782,2269.7465229034424,1757.60062295,1729.9332625800007,652,641,192191,3185,3444,3025,3875,872.0,3874,870
dd_w200,mcp4-n100-r08-08,2171.8652959945125,7455.00016666667,7455.702216935464,9.417173079791634e-5,12.912179816,2158.9531161785126,1954.8626253829966,1911.9947971480005,989,971,54201,3162,3419,3002,4176,1182.0,4176,1182
dd_w200,mcp4-n100-r08-09,912.9254251597976,8006.000100000001,8006.396277951302,4.9485129446984346e-5,11.653571236,901.2718539237976,861.7256599860008,841.3927867319996,482,479,12686,3190,3445,3030,3709,683.0,3709,683
dd_w200,mcp4-n100-r08-10,632.7566128772498,7545.0000999999975,7545.000099999998,0.0,11.261765818,621.4948470592499,618.3072404949999,607.8143172360002,261,255,530,3104,3367,2944,3408,479.0,3408,479
dd_w200,mcp4-n100-r10-01,650.2505369912105,5748.000100000001,5748.000100000001,0.0,9.550679041,640.6998579502106,636.5147114699998,624.2672245779999,322,313,763,3099,3335,2939,3461,544.0,3461,544
dd_w200,mcp4-n100-r10-02,434.6512411842615,5565.500150000002,5565.803061096322,5.4426572303787115e-5,9.15368116,425.4975600242615,390.37153098700026,378.5751645970004,283,279,15105,3088,3327,2928,3418,508.0,3418,508
dd_w200,mcp4-n100-r10-03,534.4126808342559,5742.0002,5742.0002,0.0,8.815242022,525.5974388122559,509.04925622300027,490.8493790309996,442,437,4421,3128,3363,2968,3611,654.0,3610,652
dd_w200,mcp4-n100-r10-04,580.2660330322615,5337.0001000000075,5337.520126873703,9.743804833267927e-5,8.879801133,571.3862318992615,478.0269355749999,463.3835028060002,347,340,39591,3155,3390,2995,3540,563.0,3540,563
dd_w200,mcp4-n100-r10-05,748.8081805643152,5641.600119999999,5641.600119999999,0.0,8.529654735,740.2785258293152,726.5659461899996,704.7503061630001,523,513,1755,3176,3411,3016,3739,746.0,3737,740
dd_w200,mcp4-n100-r10-06,526.9249041833139,4740.285857142855,4740.285857142855,0.0,8.934994296,517.9899098873138,508.4826119129995,493.2932248869999,361,355,1832,3187,3419,3027,3584,565.0,3584,565
dd_w200,mcp4-n100-r10-07,764.2172170145994,4962.0001,4962.0001,0.0,9.485832022,754.7313849925995,667.7512041469997,645.024265066,539,530,29069,3148,3381,2988,3722,744.0,3722,744
dd_w200,mcp4-n100-r10-08,268.0965958551526,5207.200240000001,5207.200240000001,0.0,10.506005855,257.5905900001526,251.939621158,245.74147189500002,152,149,1245,3175,3405,3015,3364,353.0,3364,353
dd_w200,mcp4-n100-r10-09,532.2067191194984,5493.000199999997,5493.000199999997,0.0,9.632594068,522.5741250514984,506.04092984600004,490.8208055080001,369,363,4502,3137,3370,2977,3545,595.0,3545,595
dd_w200,mcp4-n100-r10-10,343.67759265066456,5179.000099999999,5179.000099999999,0.0,8.117170707,335.56042194366455,333.167980925,323.072232872,251,242,477,3164,3397,3004,3450,456.0,3450,456
dd_w200,mcp4-n100-r12-01,335.9820111736875,4715.000100000001,4715.000100000001,0.0,6.575883244,329.4061279296875,325.83810652899996,312.39786256199994,298,290,554,3128,3344,2968,3462,503.0,3462,503
dd_w200,mcp4-n100-r12-02,404.42807948084584,4416.750150000001,4416.84506826836,2.1490522473616542e-5,8.779505367,395.6485741138458,382.60743620399967,364.837605921,410,402,2591,3146,3369,2986,3604,659.0,3603,655
dd_w200,mcp4-n100-r12-03,555.0841375416353,4371.000099999999,4371.000099999999,0.0,7.027999503,548.0561380386353,479.9193928930002,462.2159675609998,430,422,20476,3083,3299,2923,3548,633.0,3548,633
dd_w200,mcp4-n100-r12-04,633.0589246695464,4026.0001,4026.0000999999997,0.0,8.820533747,624.2383909225464,595.4370158049998,570.328539666,599,587,7939,3139,3360,2979,3778,836.0,3776,827
dd_w200,mcp4-n100-r12-05,389.8675895681637,4321.0001,4321.0001,0.0,7.265601491,382.6019880771637,361.4059364560003,341.55485740500035,478,468,5044,3152,3368,2992,3667,696.0,3666,691
dd_w200,mcp4-n100-r12-06,223.23050017124672,4808.0001,4808.0001,0.0,7.448731134,215.7817690372467,207.555662372,198.58310210899987,223,219,1656,3110,3329,2950,3375,444.0,3375,444
dd_w200,mcp4-n100-r12-07,322.1949587067296,4274.000199999996,4274.000199999996,0.0,6.992999812,315.2019588947296,299.17329201399986,282.30174627299994,377,375,3628,3195,3412,3035,3615,593.0,3615,593
dd_w200,mcp4-n100-r12-08,539.4175118819685,4097.000133333329,4097.000133333329,0.0,6.931540908,532.4859709739685,476.8161270350001,460.38776160099985,405,393,19913,3059,3278,2899,3498,610.0,3498,610
dd_w200,mcp4-n100-r12-09,458.06851926844155,4716.000100000001,4716.32152857143,6.815703236063151e-5,9.148594294,448.9199249744415,415.22088527299996,400.50630355400017,367,360,10526,3037,3254,2877,3442,576.0,3442,576
dd_w200,mcp4-n100-r12-10,229.50830585197926,3990.0001,3990.0001,0.0,6.939969842,222.56833600997925,220.60929349400004,211.76314479299992,227,219,300,3090,3309,2930,3355,436.0,3355,436
dd_w200,mcp4-n100-r14-01,279.2477530111137,3127.000100000001,3127.000100000001,0.0,7.706712829,271.54104018211365,244.28976196300007,230.45108709699986,344,335,9584,3029,3239,2869,3414,569.0,3413,567
dd_w200,mcp4-n100-r14-02,210.1022856568595,3279.0001,3279.0001,0.0,6.620722804,203.4815628528595,199.85998504899993,190.76685894900004,232,222,789,3086,3298,2926,3359,452.0,3359,452
dd_w200,mcp4-n100-r14-03,119.46510157528466,3916.000100000004,3916.000100000004,0.0,5.882037496,113.58306407928467,111.79811368200002,105.09892145500001,172,165,325,3060,3269,2900,3272,386.0,3272,386
dd_w200,mcp4-n100-r14-04,38.26841692497827,3715.0000999999993,3715.0000999999993,0.0,4.092866941,34.17554998397827,33.512366140000005,32.168822562,38,34,69,3072,3277,2912,3149,246.0,3149,246
dd_w200,mcp4-n100-r14-05,98.41699748411573,3551.0001,3551.0001,0.0,4.248806528,94.16819095611572,93.14545353500002,88.72224769500002,118,114,91,3039,3247,2879,3201,339.0,3201,339
dd_w200,mcp4-n100-r14-06,293.46812424317335,3210.0001500000008,3210.0001500000008,0.0,7.648995253,285.81912899017334,276.13326018300006,262.03283177600014,376,365,1844,3067,3273,2907,3477,579.0,3477,579
dd_w200,mcp4-n100-r14-07,217.00678696472852,3198.0002000000004,3198.0002000000004,0.0,5.804817818,211.20196914672852,205.522926629,191.51483370500003,322,313,639,3131,3339,2971,3493,547.0,3493,547
dd_w200,mcp4-n100-r14-08,178.30146232967445,3560.0001,3560.0001,0.0,4.657148279,173.64431405067444,169.97800283600003,161.45374523600003,231,222,524,3060,3269,2900,3330,444.0,3330,444
dd_w200,mcp4-n100-r14-09,85.19842695660608,3627.7501624999986,3627.7501624999986,0.0,4.758119101,80.44030785560608,78.52913906200001,73.477264265,129,124,299,3051,3258,2891,3222,348.0,3222,348
dd_w200,mcp4-n100-r14-10,201.87608340962768,3540.6001399999986,3540.6001399999986,0.0,6.09352926,195.78255414962769,190.35798500200008,180.99829148099994,246,239,700,3053,3265,2893,3346,494.0,3346,494
dd_w200,mcp4-n100-r16-01,82.03177650237085,3241.0001000000075,3241.0001000000075,0.0,3.450384691,78.58139181137085,76.744628946,70.649537041,159,154,498,3074,3273,2914,3275,376.0,3275,376
dd_w200,mcp4-n100-r16-02,103.30726059624024,2910.00015,2910.00015,0.0,4.140882575,99.16637802124023,97.07695711100007,89.73867653400004,200,194,441,3000,3199,2840,3240,419.0,3240,419
dd_w200,mcp4-n100-r16-03,106.38314432284008,3159.0001000000007,3159.0001000000007,0.0,3.292676393,103.09046792984009,101.43014941499997,94.134238689,195,188,278,3032,3231,2872,3267,407.0,3267,407
dd_w200,mcp4-n100-r16-04,102.97988017755725,3067.0001,3067.0001,0.0,4.829264247,98.15061593055725,96.83359330199998,92.28700568599999,128,122,162,3004,3201,2844,3170,338.0,3170,338
dd_w200,mcp4-n100-r16-05,33.03829653386084,2811.0000999999997,2811.0000999999997,0.0,5.029836489,28.00846004486084,26.964645838999996,25.296665727,51,47,172,2964,3162,2804,3058,271.0,3058,271
dd_w200,mcp4-n100-r16-06,141.6993156077683,2984.0001000000007,2984.0001000000007,0.0,4.339948714,137.3593668937683,132.51622994800002,123.83930918499993,250,243,689,2940,3143,2780,3236,484.0,3236,484
dd_w200,mcp4-n100-r16-07,119.83719260608997,2678.0001000000047,2678.0001000000047,0.0,5.298752617,114.53843998908997,111.99581116699997,104.50640134800003,210,201,719,3067,3265,2907,3315,432.0,3315,432
dd_w200,mcp4-n100-r16-08,154.81250181572423,3016.000199999997,3016.000199999997,0.0,4.204459814,150.60804200172424,118.39641082999998,110.94661572099996,220,216,11841,2962,3162,2802,3226,448.0,3226,448
dd_w200,mcp4-n100-r16-09,160.14788827700158,2889.0001600000005,2889.0001600000005,0.0,4.760099266,155.3877890110016,148.43483312499995,138.5215247620001,279,270,1166,3030,3225,2870,3344,483.0,3344,483
dd_w200,mcp4-n100-r16-10,69.12086404919238,2992.0001,2992.0001,0.0,3.449048177,65.67181587219238,63.79805107200005,59.016585466000016,139,134,417,3006,3211,2846,3194,378.0,3193,375
dd_w200,mcp4-n110-r08-01,2244.817317912247,7634.000200000003,7634.000200000003,0.0,22.582423875,2222.2348940372467,2215.388488751,2201.5146248989995,352,343,1361,2999,3257,2825,3366,543.0,3366,543
dd_w200,mcp4-n110-r08-02,3297.861566545217,7522.000100000002,7522.557477049183,7.409958013441313e-5,24.47839451,3273.3831720352173,3209.751296426999,3169.4779725909993,972,964,19890,3002,3262,2828,3993,1172.0,3993,1172
dd_w200,mcp4-n110-r08-03,3368.7163620238266,8261.000150000002,8261.800358242243,9.686578231581825e-5,22.761617208,3345.9547448158264,3111.563116191999,3086.0219557559994,617,607,79849,2980,3248,2806,3622,833.0,3622,833
dd_w200,mcp4-n110-r08-04,3096.1825342724233,8120.000099999997,8120.000099999997,0.0,22.48162132,3073.700912952423,3059.8283742819985,3039.329647040999,559,553,2284,3000,3261,2826,3583,771.0,3583,771
dd_w200,mcp4-n110-r08-05,2675.9342697638226,7733.333499999996,7734.0886100791195,9.764354260984215e-5,24.780919649,2651.1533501148224,2337.296797294999,2321.614262637,397,391,118696,2993,3255,2819,3415,606.0,3415,606
dd_w200,mcp4-n110-r08-06,3840.134394425208,6483.66679999999,14158.811445218806,1.1837660512133084,26.652393359,3813.482001066208,3710.5725133269993,3684.4382355989997,686,680,30981,2975,3238,2801,3690,905.0,3690,905
dd_w200,mcp4-n110-r08-07,3606.2353264585818,6723.0001666666685,12272.672517793531,0.8254755635203928,30.581684281,3575.653642177582,3433.699474194,3408.3542934980014,682,677,37188,3038,3301,2864,3746,897.0,3746,897
dd_w200,mcp4-n110-r08-08,3760.6401506527886,7758.000100000005,13886.091563414628,0.7899060820345464,25.524464713,3735.115685939789,3665.3429398419994,3635.1141029209975,819,810,17833,2987,3249,2813,3825,1021.0,3825,1021
dd_w200,mcp4-n110-r08-09,3600.000519221475,8865.833466666667,9356.315939473676,0.05532277079770348,26.577868169,3573.422651052475,3430.9810984799988,3411.5437614359985,528,521,50033,3006,3267,2832,3556,733.0,3555,730
dd_w200,mcp4-n110-r08-10,3342.1210455390933,7896.000199999998,7896.000199999998,0.0,25.539667556,3316.5813779830933,3200.9634954440007,3171.4196792520006,754,748,37600,2981,3242,2807,3756,956.0,3756,956
dd_w200,mcp4-n110-r10-01,943.6860582615712,5975.0001,5975.0001,0.0,14.830061176,928.8559970855713,902.2270267470007,889.5732753569999,403,396,10139,2962,3195,2788,3386,605.0,3386,605
dd_w200,mcp4-n110-r10-02,1170.6835861355564,5588.000100000001,5588.000100000001,0.0,15.435958162,1155.2476279735565,1128.4177175859998,1113.659957545,429,421,9011,2944,3179,2770,3395,633.0,3395,633
dd_w200,mcp4-n110-r10-03,2231.588308384541,6293.2001400000045,6293.711706353047,8.128874684769295e-5,14.912584355,2216.675724029541,1556.7139579829986,1531.655297824001,780,771,221912,2942,3175,2768,3741,979.0,3741,979
dd_w200,mcp4-n110-r10-04,1837.208895286723,5736.000100000001,5736.386006382022,6.727795943046591e-5,14.532047352,1822.676847934723,1731.7808022450004,1710.3871525510006,649,634,35293,3007,3238,2833,3666,836.0,3666,836
dd_w200,mcp4-n110-r10-05,1443.2296800190506,6081.666800000008,6081.666800000008,0.0,15.409839111,1427.8198409080505,1414.2230531880002,1398.1848409120003,502,494,3949,2995,3231,2821,3520,709.0,3520,709
dd_w200,mcp4-n110-r10-06,81.20892378819873,6171.0001000000175,6171.0001000000175,0.0,12.032826872,69.17609691619873,67.94484896499999,66.900272167,35,32,124,2964,3199,2790,3025,248.0,3025,248
dd_w200,mcp4-n110-r10-07,962.3706841253971,6631.000100000002,6631.000100000002,0.0,14.664320209,947.7063639163971,937.3779350610002,925.9284359089994,356,348,2670,2951,3184,2777,3326,555.0,3326,555
dd_w200,mcp4-n110-r10-08,2078.8351194327024,6140.000149999996,6140.018618518525,3.007901967006809e-6,17.461247391,2061.3738720417023,2014.1394174059997,1991.1439827700024,733,718,16148,2931,3164,2757,3679,930.0,3679,930
dd_w200,mcp4-n110-r10-09,1510.23689285546,6376.000149999995,6376.6297296296325,9.874209768285409e-5,16.195393956,1494.0414988994598,1475.444658879999,1458.8335068730003,527,518,4899,3011,3243,2837,3557,728.0,3557,728
dd_w200,mcp4-n110-r10-10,2300.8331608097637,6065.000140000004,6065.550649632069,9.076828019081607e-5,16.961379699,2283.8717811107635,1885.1699263179983,1864.804338511999,581,569,165345,2996,3231,2822,3599,789.0,3598,787
dd_w200,mcp4-n110-r12-01,753.1910321498707,5279.500150000002,5279.500150000002,0.0,9.022508123,744.1685240268707,716.7335788200005,704.1321568339997,364,358,8634,2908,3123,2734,3295,572.0,3295,572
dd_w200,mcp4-n110-r12-02,853.5596264972505,4376.000100000002,4376.000100000002,0.0,13.052198328,840.5074281692505,830.510520661,812.1459100270004,570,556,1165,2884,3103,2710,3472,773.0,3472,773
dd_w200,mcp4-n110-r12-03,116.05614072222546,5184.000099999999,5184.000099999999,0.0,12.652428688,103.40371203422546,101.996602739,100.37723876700001,45,43,177,2928,3146,2754,3001,263.0,3001,263
dd_w200,mcp4-n110-r12-04,250.28939407681702,4269.0001,4269.0001,0.0,12.13816398,238.15123009681702,236.092893131,232.02840385900006,134,125,349,2886,3102,2712,3040,336.0,3040,336
dd_w200,mcp4-n110-r12-05,556.6340747541313,4786.500149999995,4786.500149999995,0.0,14.280916757,542.3531579971313,436.24143836999986,426.1137567609997,298,295,46809,2896,3114,2722,3224,517.0,3224,517
dd_w200,mcp4-n110-r12-06,1041.797144107376,4867.666799999997,4867.736942105262,1.4409800043111957e-5,12.857727222,1028.939416885376,929.7000527170001,907.1617228720007,619,612,33969,2952,3170,2778,3600,842.0,3598,838
dd_w200,mcp4-n110-r12-07,579.0294116375466,5195.500150000002,5195.500150000002,0.0,12.131082618,566.8983290195465,553.8982138679995,541.1505695720006,374,367,2964,2924,3141,2750,3321,581.0,3321,581
dd_w200,mcp4-n110-r12-08,1012.0938212957577,4649.555700000001,4649.555700000001,0.0,14.121725091,997.9720962047577,950.0817304280001,938.1472803859999,383,377,20688,2869,3084,2695,3273,583.0,3273,583
dd_w200,mcp4-n110-r12-09,541.84740584629,4766.000166666666,4766.000166666667,0.0,12.295424874,529.55198097229,480.0485832289999,468.69721260500006,329,326,15487,2965,3178,2791,3318,532.0,3317,530
dd_w200,mcp4-n110-r12-10,75.15044181066627,4922.00010000001,4922.00010000001,0.0,13.180964634,61.96947717666626,60.76635240499999,59.452923069,43,40,144,2911,3127,2737,2980,250.0,2980,250
dd_w200,mcp4-n110-r14-01,271.78922235472976,4101.800179999998,4101.800179999998,0.0,6.849200363,264.94002199172974,256.67663405099984,247.00553267199996,281,277,1880,2899,3105,2725,3210,497.0,3210,497
dd_w200,mcp4-n110-r14-02,510.39939962371426,4067.000133333342,4067.0001333333416,0.0,9.798859701,500.60053992271423,482.50550777599994,469.81743736700014,405,396,5818,2873,3076,2699,3298,607.0,3297,605
dd_w200,mcp4-n110-r14-03,314.9436448706272,4554.000100000007,4554.000100000007,0.0,7.875061859,307.0685830116272,299.67984257199987,289.290090058,349,345,1306,2842,3052,2668,3227,585.0,3227,585
dd_w200,mcp4-n110-r14-04,268.8776389382578,4383.000100000001,4383.000100000001,0.0,7.146971824,261.7306671142578,259.1504941809999,251.15516130100005,266,261,740,2831,3034,2657,3124,479.0,3124,479
dd_w200,mcp4-n110-r14-05,451.44982838809227,3578.0001000000034,3578.0001000000034,0.0,9.478033306,441.9717950820923,432.0949061770001,418.85550215499984,409,402,1825,2904,3108,2730,3339,626.0,3338,623
dd_w200,mcp4-n110-r14-06,219.59092668311976,3597.000200000001,3597.000200000001,0.0,10.521731651,209.06919503211975,206.94922715099997,203.04575793500007,127,123,527,2921,3122,2747,3070,327.0,3070,327
dd_w200,mcp4-n110-r14-07,587.86000976393,4315.1668,4315.542649531013,8.709965302222978e-5,8.670336817,579.1896729469299,492.37644318600013,478.6197601030002,412,404,36852,2937,3143,2763,3372,625.0,3372,625
dd_w200,mcp4-n110-r14-08,298.140961782316,4166.666800000001,4166.666800000001,0.0,7.920603649,290.22035813331604,287.4341782229999,278.1146270359999,296,288,508,2857,3063,2683,3177,512.0,3176,510
dd_w200,mcp4-n110-r14-09,470.76576286153994,4067.0001999999986,4067.0001999999986,0.0,7.78143483,462.9843280315399,445.0255741530002,431.6918646819996,452,444,5214,2874,3082,2700,3352,676.0,3352,676
dd_w200,mcp4-n110-r14-10,551.1173391107202,3643.0002000000013,3643.0910090909097,2.4927006841325778e-5,11.129051185,539.9882879257202,489.2283901100001,476.678439929,379,372,22741,2922,3125,2748,3323,584.0,3323,584
dd_w200,mcp4-n110-r16-01,117.98033094453027,3365.0001000000075,3365.0001000000075,0.0,5.418221951,112.56210899353027,111.16111580100002,106.79771148100001,149,144,186,2859,3058,2685,3038,387.0,3038,387
dd_w200,mcp4-n110-r16-02,258.71782401162477,3295.0001000000016,3295.0001000000016,0.0,6.03940919,252.67841482162476,249.78931771000015,241.11583232899997,292,284,584,2840,3035,2666,3156,506.0,3156,506
dd_w200,mcp4-n110-r16-03,305.0580448710873,3681.0001999999995,3681.304557075543,8.268325428059506e-5,6.428868016,298.6291768550873,279.60762657000004,268.5696915480002,363,355,5293,2880,3078,2706,3269,644.0,3268,632
dd_w200,mcp4-n110-r16-04,480.5748313050492,3299.3334999999997,3299.642109775979,9.353700557376847e-5,7.291653214,473.2831780910492,441.77761305800027,429.5085226240003,410,399,11768,2925,3122,2751,3358,631.0,3358,631
dd_w200,mcp4-n110-r16-05,244.1688251404535,3513.0001000000007,3513.0001000000007,0.0,5.080826035,239.0879991054535,234.83224885899995,228.0788373789999,262,256,811,2814,3014,2640,3108,490.0,3108,490
dd_w200,mcp4-n110-r16-06,429.78090116459805,3310.5001500000003,3310.5001500000003,0.0,5.732445211,424.048455953598,336.7543912049998,323.47168785200006,452,444,36407,2903,3101,2729,3380,665.0,3380,665
dd_w200,mcp4-n110-r16-07,463.2415694049602,3346.0001,3346.2188958884003,6.539028148866735e-5,5.744670277,457.4968991279602,433.7618687369998,420.53543443500007,453,444,8460,2902,3099,2728,3384,684.0,3383,678
dd_w200,mcp4-n110-r16-08,321.5648752620704,3322.0001500000008,3322.0001500000008,0.0,5.434890168,316.12998509407043,271.7447069299999,260.44490200000007,390,385,13723,2850,3054,2676,3285,678.0,3283,663
dd_w200,mcp4-n110-r16-09,337.5077368080708,3576.000100000003,3576.000100000003,0.0,6.622546798,330.8851900100708,316.4122041709997,305.80866590099987,363,354,4561,2896,3096,2722,3286,587.0,3286,587
dd_w200,mcp4-n110-r16-10,292.6068536004744,3257.0001000000007,3257.0001000000007,0.0,7.757330533,284.84952306747437,269.6955690070001,259.62818364599997,342,335,3754,2868,3061,2694,3237,560.0,3236,558
dd_w200,mcp4-n120-r08-01,3798.03549355178,6726.50015,18013.93001178688,1.6780539076902987,39.424930512,3758.6105630397797,3744.5438709399996,3721.0043501949986,466,458,1868,3307,3573,3117,3780,675.0,3780,675
dd_w200,mcp4-n120-r08-02,4433.618132393934,9066.375149999994,10861.769234976218,0.1980277735337507,40.881615203,4392.736517190933,4383.718168691004,4356.913448929,532,522,779,3306,3572,3116,3842,737.0,3841,735
dd_w200,mcp4-n120-r08-03,3634.4612916895403,8080.000200000001,13613.262396869888,0.6848096608796972,36.991071839,3597.47021985054,3566.6555623980025,3513.137857430997,1082,1079,4924,3314,3577,3124,4404,1285.0,4404,1285
dd_w200,mcp4-n120-r08-04,3603.2442555960065,7460.000133333336,16725.04602417903,1.241963233947801,41.31636458,3561.9278910160065,3542.5090436120004,3520.3538295139992,459,453,3463,3346,3613,3156,3811,661.0,3811,661
dd_w200,mcp4-n120-r08-05,3605.6825312769793,8055.000200000008,15829.120758466855,0.9651297784532445,38.180383364,3567.502147912979,3553.0099605169976,3526.8135722149996,580,574,2164,3316,3583,3126,3902,782.0,3902,782
dd_w200,mcp4-n120-r08-06,3601.470672053056,7479.000149999998,17856.186135235173,1.3875097977147626,43.612256211,3557.8584158420563,3538.3009962509996,3514.2537639760003,519,511,4344,3275,3541,3085,3797,717.0,3797,717
dd_w200,mcp4-n120-r08-07,3646.920395447039,7477.333533334024,15384.848541676502,1.0575314011459702,49.613469435,3597.306926012039,3580.900222004003,3552.111562719999,589,583,2750,3308,3574,3118,3906,801.0,3906,801
dd_w200,mcp4-n120-r08-08,3603.4782625739713,7698.000200000005,16477.333459669055,1.1404693467881493,46.975606591,3556.502655982971,3519.9232419829964,3492.262466787996,544,538,6564,3309,3577,3119,3861,751.0,3861,751
dd_w200,mcp4-n120-r08-09,3770.5134773287105,6412.000200000004,16914.618123878463,1.6379628191337943,56.08955026,3714.4239270687103,3695.2968563399963,3671.9284668020014,466,460,3115,3349,3613,3159,3820,666.0,3820,666
dd_w200,mcp4-n120-r08-10,3603.2242451197685,5348.333566666681,16638.297812893237,2.1109312097867083,31.831675101,3571.3925700187683,3548.4636308419995,3516.1324450230018,630,623,3798,3281,3548,3091,3916,835.0,3916,835
dd_w200,mcp4-n120-r10-01,3111.8765385259576,6709.500150000002,6709.991903278691,7.329208848582108e-5,22.786949407,3089.0895891189575,2565.8183700570025,2534.6173415869976,662,654,182956,3281,3515,3091,3945,858.0,3945,858
dd_w200,mcp4-n120-r10-02,3541.847332496379,7276.000100000003,7276.487702819495,6.70152299052562e-5,24.038369436,3517.808963060379,3480.000049057,3449.143906750001,669,661,11814,3261,3497,3071,3935,875.0,3935,875
dd_w200,mcp4-n120-r10-03,1036.0923853344877,7147.000149999998,7147.000149999998,0.0,25.567640347,1010.5247449874878,997.2818199199995,987.705847739,227,225,3528,3248,3490,3058,3492,452.0,3492,452
dd_w200,mcp4-n120-r10-04,3600.000307734018,7145.3334666666415,9059.890725000001,0.26794512352220795,21.6788606,3578.321447134018,3010.159859216,2971.000232367999,912,904,165055,3244,3482,3054,4164,1122.0,4164,1122
dd_w200,mcp4-n120-r10-05,1534.421051381141,6967.0000999999975,6967.0000999999975,0.0,24.052142499,1510.368908882141,1500.9069656009992,1488.890143853,284,278,1972,3282,3524,3092,3577,501.0,3577,501
dd_w200,mcp4-n120-r10-06,1615.7981247716361,7058.000100000008,7058.000100000008,0.0,24.321638804,1591.476485967636,1573.7332351210007,1552.4720181719997,509,502,4055,3241,3476,3051,3754,708.0,3754,708
dd_w200,mcp4-n120-r10-07,3212.8120457108253,7019.000100000001,7019.3496054286625,4.979419058013112e-5,26.373133796,3186.4389119148254,3134.0303140609985,3101.4838288260007,818,806,15769,3207,3442,3017,4026,1017.0,4026,1017
dd_w200,mcp4-n120-r10-08,1649.3463987403425,7300.000100000001,7300.000100000001,0.0,22.739567905,1626.6068308353424,1620.7516711019996,1604.8723075290002,375,365,770,3236,3470,3046,3610,567.0,3610,567
dd_w200,mcp4-n120-r10-09,2240.2653126891555,6495.000100000003,6495.000100000003,0.0,24.137207764,2216.1281049251556,2186.3446609069993,2164.017614152,533,526,8543,3263,3504,3073,3808,751.0,3808,751
dd_w200,mcp4-n120-r10-10,3691.5355329504405,5600.000133333333,10960.841369841271,0.9572930551551544,24.176580905,3667.3589520454407,3574.4073401790038,3544.1098578369983,723,717,28305,3269,3503,3079,3998,926.0,3998,926
dd_w200,mcp4-n120-r12-01,497.09146855735605,5697.000099999999,5697.000099999999,0.0,15.567664608,481.5238039493561,479.27127001900016,471.1834373079997,196,190,363,3254,3473,3064,3458,404.0,3458,404
dd_w200,mcp4-n120-r12-02,1870.959705672872,5520.000200000001,5520.429978096858,7.785834805881942e-5,17.830472551,1853.129233121872,1686.6922035039984,1646.491370418002,920,914,56145,3228,3446,3038,4161,1137.0,4161,1135
dd_w200,mcp4-n120-r12-03,409.41015933202357,5226.000149999997,5226.000149999997,0.0,17.989372236,391.42078709602356,389.32073918299994,381.98164967,178,173,366,3226,3445,3036,3414,393.0,3414,393
dd_w200,mcp4-n120-r12-04,1750.801010649448,5197.00015,5197.2001500000015,3.8483739509154546e-5,18.502022784,1732.298987865448,1666.2964231650005,1641.7746880630007,574,567,24136,3238,3456,3048,3818,777.0,3818,777
dd_w200,mcp4-n120-r12-05,1438.4124006310396,5477.000100000005,5477.000100000005,0.0,18.893238453,1419.5191621780396,1415.1502136689996,1399.2320973919989,405,390,906,3186,3408,2996,3595,618.0,3595,618
dd_w200,mcp4-n120-r12-06,1696.159721439562,5150.300150000005,5150.300150000005,0.0,18.500035351,1677.659686088562,1649.5591970229987,1632.28507053,438,427,8874,3220,3436,3030,3658,633.0,3658,633
dd_w200,mcp4-n120-r12-07,1715.126869006681,5552.000100000001,5552.000100000001,0.0,19.240428968,1695.886440038681,1667.715590007001,1641.6866237899999,580,574,8566,3190,3408,3000,3779,790.0,3779,790
dd_w200,mcp4-n120-r12-08,1688.2629926822474,5772.666800000003,5772.666800000003,0.0,18.861438813,1669.4015538692474,1601.3926876150003,1579.083650444999,555,545,22410,3239,3459,3049,3803,775.0,3803,775
dd_w200,mcp4-n120-r12-09,828.0803415009572,5736.000099999998,5736.000099999998,0.0,18.763535423,809.3168060779572,806.3797008430003,795.3652191389998,287,281,548,3190,3408,3000,3484,495.0,3484,495
dd_w200,mcp4-n120-r12-10,1900.6603728211803,5593.000100000002,5593.112920512817,2.017173445343458e-5,18.51209983,1882.1482729911804,1822.6295068309996,1793.5950421959983,644,635,22131,3241,3458,3051,3891,853.0,3891,853
dd_w200,mcp4-n120-r14-01,85.37548440721204,4963.000100000009,4963.000100000009,0.0,14.805197418,70.57028698921204,69.479050725,67.83654201,37,35,86,3116,3317,2926,3161,239.0,3161,239
dd_w200,mcp4-n120-r14-02,648.5630854829766,4841.000149999997,4841.000149999997,0.0,11.995809482,636.5672760009766,624.9770947699999,604.8567366539995,526,521,2731,3167,3376,2977,3709,758.0,3709,758
dd_w200,mcp4-n120-r14-03,609.820200065622,4269.3334666666715,4269.3334666666715,0.0,15.171923975,594.648276090622,588.1329243289997,571.1285669740004,389,382,1503,3168,3378,2978,3571,612.0,3571,612
dd_w200,mcp4-n120-r14-04,1588.3118939380226,4003.0001499999994,4003.2000999999987,4.995003559998923e-5,18.315361021,1569.9965329170227,1517.8996390989983,1498.4002350879985,532,521,16130,3133,3341,2943,3677,770.0,3676,768
dd_w200,mcp4-n120-r14-05,670.8319083021051,4559.000100000001,4559.000100000001,0.0,13.33809741,657.4938108921051,650.9780282259997,637.8359815509995,375,368,1063,3115,3326,2925,3506,608.0,3506,608
dd_w200,mcp4-n120-r14-06,1244.6901050372949,4695.000120000007,4695.149353731346,3.1785671464335585e-5,14.283568935,1230.406536102295,1145.6420088619996,1120.805389549001,591,581,29070,3224,3428,3034,3821,807.0,3821,807
dd_w200,mcp4-n120-r14-07,1934.450463393154,4324.333466666666,4324.586564175731,5.85286752318841e-5,14.321257451,1920.129205942154,1588.733034093002,1556.3109315509998,869,856,110479,3118,3321,2928,3988,1068.0,3988,1068
dd_w200,mcp4-n120-r14-08,1109.0741219190409,4333.0002,4333.0002,0.0,12.725110021,1096.3490118980408,1091.2847996180003,1073.7384812789996,397,390,1063,3184,3387,2994,3588,602.0,3588,602
dd_w200,mcp4-n120-r14-09,966.9762249400519,4077.0000999999993,4077.0000999999993,0.0,14.209564965,952.7666599750519,921.0978107449997,900.0032138099992,532,526,9883,3212,3416,3022,3752,741.0,3752,741
dd_w200,mcp4-n120-r14-10,803.1804842878524,4344.0001,4344.0001,0.0,12.365956061,790.8145282268524,786.186374542,765.7793869320004,493,482,807,3194,3401,3004,3694,707.0,3694,707
dd_w200,mcp4-n120-r16-01,254.6560794940331,3533.0001000000043,3533.0001000000043,0.0,9.598011457,245.05806803703308,243.3245574509999,237.25102757,165,161,310,3123,3318,2933,3301,385.0,3301,385
dd_w200,mcp4-n120-r16-02,701.6767233959451,4065.000150000003,4065.000150000003,0.0,9.449866449,692.2268569469452,682.835535375,661.9648565390003,548,538,2330,3128,3325,2938,3684,760.0,3684,760
dd_w200,mcp4-n120-r16-03,482.4624677609657,4025.400139999996,4025.400139999996,0.0,7.199994893,475.2624728679657,463.62037150900017,448.18552931999983,403,392,2739,3161,3361,2971,3575,639.0,3575,639
dd_w200,mcp4-n120-r16-04,468.94409197297216,3979.0001,3979.0467842231383,1.1732651913748987e-5,11.687321839,457.25677013397217,421.863399213,408.09937005800015,346,341,13422,3164,3363,2974,3525,575.0,3525,575
dd_w200,mcp4-n120-r16-05,682.8479527823214,3748.0001,3748.0001,0.0,9.268052756,673.5799000263214,661.3771212730004,640.9180925309997,494,480,2744,3151,3344,2961,3650,712.0,3650,712
dd_w200,mcp4-n120-r16-06,716.4468155807581,3716.0001500000008,3716.2608878902674,7.01662754956246e-5,12.377717585,704.069097995758,679.6986317770006,661.6492619699998,472,462,7471,3156,3352,2966,3639,703.0,3639,703
dd_w200,mcp4-n120-r16-07,601.375233985466,3743.5001999999995,3743.509533962269,2.493378327979174e-6,10.047985889,591.3272480964661,576.7884483300003,561.0366125359998,393,386,3452,3170,3366,2980,3573,621.0,3572,617
dd_w200,mcp4-n120-r16-08,972.8112149576754,3480.333466666665,3480.668149148164,9.616391208037801e-5,12.867864881,959.9433500766754,845.1117883470002,824.5313209999999,605,596,47017,3133,3338,2943,3758,859.0,3758,859
dd_w200,mcp4-n120-r16-09,635.7547012546532,3623.000100000004,3623.000100000004,0.0,9.113444207,626.6412570476532,616.5460567159995,599.2319270170003,481,466,2282,3101,3302,2911,3590,711.0,3590,711
dd_w200,mcp4-n120-r16-10,586.847621684906,3788.0001333333316,3788.214385714284,5.656081663439492e-5,12.019487625,574.828134059906,538.9019581430003,521.4864039240002,450,443,12159,3062,3262,2872,3529,688.0,3528,685
dd_w250,mcp4-n070-r08-01,69.49784772105188,4283.000133333337,4283.000133333337,0.0,3.367906496,66.12994122505188,59.222141632,50.755898954,164,156,851,3262,3561,3150,3566,444.0,3566,444
dd_w250,mcp4-n070-r08-02,129.70465029648474,4517.500150000002,4517.500150000002,0.0,3.236951484,126.46769881248474,115.41191932199997,105.91809077600003,202,189,2042,3176,3478,3064,3518,497.0,3518,495
dd_w250,mcp4-n070-r08-03,116.52683160084412,3691.0002000000018,3691.074043661973,2.0006409636958466e-5,3.34590647,113.18092513084412,88.43099784800002,77.82826687599996,234,222,7037,3249,3549,3137,3622,513.0,3622,513
dd_w250,mcp4-n070-r08-04,49.00509554708313,4690.000099999998,4690.000099999998,0.0,2.432954615,46.57214093208313,45.52356385000001,42.85742659500001,63,59,71,3191,3491,3079,3400,345.0,3400,345
dd_w250,mcp4-n070-r08-05,90.6196143907384,3845.0000999999993,3845.0000999999993,0.0,3.605237512,87.0143768787384,80.49360049700003,69.872937387,218,211,1239,3330,3629,3218,3690,496.0,3690,496
dd_w250,mcp4-n070-r08-06,45.40920709734668,4825.000149999996,4825.000149999996,0.0,3.163527242,42.24567985534668,40.821359386,37.052814270999995,87,82,195,3287,3580,3175,3512,349.0,3512,349
dd_w250,mcp4-n070-r08-07,82.98152432413721,3732.0001,3732.0001,0.0,3.771650171,79.2098741531372,61.109131229000006,54.12859868600003,145,137,8277,3321,3614,3209,3600,403.0,3600,403
dd_w250,mcp4-n070-r08-08,83.85595240636938,4167.0001,4167.0001,0.0,3.609833384,80.24611902236938,76.51467177300003,67.57480042800002,190,180,548,3292,3587,3180,3618,469.0,3617,466
dd_w250,mcp4-n070-r08-09,96.91158498015112,4190.000099999999,4190.000099999999,0.0,3.203142769,93.70844221115112,88.01087585600001,78.18732082399998,204,195,825,3334,3627,3222,3675,479.0,3675,479
dd_w250,mcp4-n070-r08-10,48.86574526923279,4291.000100000016,4291.000100000016,0.0,2.94191929,45.92382597923279,43.88135300500001,38.732639082999995,113,109,271,3217,3517,3105,3478,401.0,3477,399
dd_w250,mcp4-n070-r10-01,50.002664490078125,3716.0001999999995,3716.0001999999995,0.0,1.847360535,48.155303955078125,28.233610984999995,23.208289463000007,114,111,4908,3101,3387,2989,3366,424.0,3366,424
dd_w250,mcp4-n070-r10-02,77.95467273227588,3023.000149999999,3023.000149999999,0.0,2.531682887,75.42298984527588,61.394735882,53.90985522799999,175,160,3749,3191,3469,3079,3498,442.0,3498,442
dd_w250,mcp4-n070-r10-03,21.97423689488684,3403.000100000003,3403.000100000003,0.0,2.613805939,19.36043095588684,17.860285406,15.234593182,61,57,243,3216,3498,3104,3422,356.0,3422,356
dd_w250,mcp4-n070-r10-04,48.58315255138733,3412.2501500000008,3412.2501500000008,0.0,1.68941452,46.89373803138733,38.02689239400001,33.44230497800001,123,116,2163,3025,3306,2913,3290,405.0,3290,405
dd_w250,mcp4-n070-r10-05,36.270243983266354,3104.0001,3104.0001,0.0,1.812660079,34.45758390426636,31.157169145999998,26.161394390999995,117,113,718,3201,3483,3089,3465,403.0,3465,403
dd_w250,mcp4-n070-r10-06,27.13529455131824,3933.000199999998,3933.000199999998,0.0,0.520425672,26.614868879318237,24.160001883,20.403753175,85,81,580,3146,3429,3034,3378,383.0,3378,383
dd_w250,mcp4-n070-r10-07,63.316932098562134,3412.000100000001,3412.257342857137,7.539356670466669e-5,1.311761038,62.005171060562134,53.421999946000014,45.34433847400001,184,175,1644,3204,3488,3092,3533,476.0,3532,472
dd_w250,mcp4-n070-r10-08,12.720112207865723,3314.00015,3314.0001500000003,0.0,1.544597033,11.175515174865723,10.412691866,8.860287618999998,40,37,52,3177,3456,3065,3360,316.0,3360,316
dd_w250,mcp4-n070-r10-09,53.11435820284595,3319.6668,3319.6668,0.0,2.827330367,50.28702783584595,31.475234417,27.548955408,102,94,6225,3128,3415,3016,3379,414.0,3378,412
dd_w250,mcp4-n070-r10-10,40.25107808426489,4003.5001500000008,4003.50015,0.0,1.146345094,39.10473299026489,37.28129426,31.460220058000004,125,118,310,3300,3578,3188,3565,400.0,3564,398
dd_w250,mcp4-n070-r12-01,40.52543352447583,2717.0001800000014,2717.0001800000014,0.0,1.510559543,39.01487398147583,36.951819194999985,30.868828668000003,153,144,285,3158,3428,3046,3452,442.0,3452,442
dd_w250,mcp4-n070-r12-02,51.43887843686377,2701.333466666667,2701.333466666667,0.0,1.472763439,49.96611499786377,41.998299885,34.636078942,163,152,1830,3233,3504,3121,3536,457.0,3536,457
dd_w250,mcp4-n070-r12-03,21.430602626364745,2729.0001000000047,2729.0001000000047,0.0,1.20353754,20.227065086364746,15.605256511999997,12.567941279,68,65,861,3221,3493,3109,3436,359.0,3436,359
dd_w250,mcp4-n070-r12-04,39.47170384113013,2555.000100000001,2555.000100000001,0.0,1.997223689,37.47448015213013,34.824054915,29.259261106000004,137,126,538,3046,3320,2934,3327,433.0,3326,430
dd_w250,mcp4-n070-r12-05,39.978487714027345,2196.0001400000006,2196.0001400000006,0.0,2.615244611,37.363243103027344,35.233714619000004,30.220446363000004,127,119,586,3083,3356,2971,3354,416.0,3354,416
dd_w250,mcp4-n070-r12-06,39.86838417065405,2249.000100000003,2249.000100000003,0.0,1.507951069,38.36043310165405,30.656501990999995,25.517930052000004,120,112,1664,3104,3382,2992,3376,484.0,3376,484
dd_w250,mcp4-n070-r12-07,26.792986868153687,2338.5001999999995,2338.5001999999995,0.0,2.091078995,24.701907873153687,23.033894292000003,19.340129768,87,80,307,3141,3410,3029,3371,385.0,3368,374
dd_w250,mcp4-n070-r12-08,43.84458254591028,2860.333466666666,2860.333466666666,0.0,1.488927591,42.35565495491028,36.385980618999994,31.36895945900001,133,123,990,3049,3324,2937,3325,415.0,3325,415
dd_w250,mcp4-n070-r12-09,33.2513775266919,2674.000100000001,2674.000100000001,0.0,1.345290605,31.906086921691895,30.671948555999997,25.500505727,124,120,164,3155,3426,3043,3424,411.0,3424,411
dd_w250,mcp4-n070-r12-10,31.79595893960254,2880.0001999999995,2880.0001999999995,0.0,1.243855897,30.55210304260254,28.196605386999998,23.593628737999992,108,103,486,3106,3373,2994,3356,381.0,3355,379
dd_w250,mcp4-n070-r14-01,33.1535729445105,2391.6667999999995,2391.6667999999995,0.0,1.45651379,31.697059154510498,21.034981675999997,16.583138203000008,114,109,2516,3076,3341,2964,3337,431.0,3337,431
dd_w250,mcp4-n070-r14-02,17.90502782387866,1915.5001500000012,1915.5001500000012,0.0,1.362011867,16.543015956878662,15.552439709,12.494364973,77,71,155,3019,3286,2907,3245,385.0,3245,385
dd_w250,mcp4-n070-r14-03,33.31736906229443,2035.5715714285714,2035.5715714285714,0.0,0.952929098,32.364439964294434,27.682939782,23.57595991899999,130,119,793,2805,3083,2693,3092,503.0,3091,495
dd_w250,mcp4-n070-r14-04,19.52517976317761,2220.0001500000035,2220.0001500000035,0.0,0.487123628,19.038056135177612,18.160385446999996,14.42265711,85,81,68,3122,3382,3010,3352,367.0,3351,364
dd_w250,mcp4-n070-r14-05,33.58358823845471,1797.5001499999985,1797.5001499999985,0.0,2.009489413,31.574098825454712,28.374790466999993,23.20278233700001,131,122,782,2960,3221,2848,3232,417.0,3232,417
dd_w250,mcp4-n070-r14-06,27.928420312342894,2060.0001999999995,2060.0001999999995,0.0,1.886915214,26.041505098342896,24.043492396999994,19.364833925000003,118,112,283,3031,3290,2919,3294,416.0,3293,411
dd_w250,mcp4-n070-r14-07,12.698562300004516,2126.0001,2126.0001,0.0,1.026946461,11.671615839004517,10.930842622999998,8.900996881000001,52,48,37,3014,3279,2902,3214,373.0,3214,373
dd_w250,mcp4-n070-r14-08,40.61541947083728,1959.0001000000002,1959.0001000000002,0.0,1.351965272,39.26345419883728,33.533737512,27.432026265999994,128,122,1937,3092,3352,2980,3362,416.0,3362,416
dd_w250,mcp4-n070-r14-09,23.662147821901122,1995.000100000003,1995.000100000003,0.0,1.061615767,22.600532054901123,20.57729498700001,17.024314449999995,97,91,453,3022,3294,2910,3273,463.0,3273,463
dd_w250,mcp4-n070-r14-10,19.99937399134314,2080.0001000000057,2080.0001000000057,0.0,1.614555199,18.38481879234314,16.887610203,13.761756333,83,76,253,2984,3248,2872,3212,384.0,3212,384
dd_w250,mcp4-n070-r16-01,19.650124179222534,2000.000100000001,2000.000100000001,0.0,0.641567098,19.008557081222534,18.105698338999996,13.977009818,96,90,108,3062,3320,2950,3304,390.0,3304,390
dd_w250,mcp4-n070-r16-02,21.034024324121336,1713.0001000000027,1713.0001000000027,0.0,0.467665281,20.566359043121338,16.702263131000002,13.119812241999991,100,93,1249,2983,3242,2871,3229,396.0,3229,396
dd_w250,mcp4-n070-r16-03,32.463409735564575,1780.0001333333366,1780.0001333333366,0.0,0.962601735,31.500808000564575,26.966947599000004,22.366698055000008,127,121,1386,2952,3210,2840,3225,416.0,3225,416
dd_w250,mcp4-n070-r16-04,18.054109298874632,2174.000149999999,2174.000149999999,0.0,0.800769293,17.253340005874634,11.147982600000002,8.800455283,65,63,1932,2934,3198,2822,3157,375.0,3156,373
dd_w250,mcp4-n070-r16-05,27.471997133557984,1872.000100000001,1872.000100000001,0.0,0.883236996,26.588760137557983,20.755724621,16.42812835699999,120,111,1505,3056,3312,2944,3316,411.0,3316,411
dd_w250,mcp4-n070-r16-06,33.782759196598754,1821.2501250000028,1821.2501250000028,0.0,0.940690286,32.842068910598755,25.640837342000005,21.379415815000012,132,123,1784,2952,3218,2840,3238,492.0,3237,490
dd_w250,mcp4-n070-r16-07,32.232373724914915,1802.5001499999994,1802.5001499999994,0.0,1.558836709,30.673537015914917,20.47103744200001,16.601933623,116,112,3943,2972,3241,2860,3247,465.0,3246,461
dd_w250,mcp4-n070-r16-08,13.2306160276698,1836.0001000000016,1836.0001000000016,0.0,0.982309038,12.2483069896698,11.287272138999995,8.701488185000002,66,62,68,3000,3256,2888,3213,350.0,3213,350
dd_w250,mcp4-n070-r16-09,11.95078376506543,1988.0000999999997,1988.0001,0.0,1.083338773,10.86744499206543,10.108013592,8.194879335,55,49,47,3048,3308,2936,3251,356.0,3251,356
dd_w250,mcp4-n070-r16-10,27.53081619002881,1810.0001666666676,1810.0001666666676,0.0,0.660425298,26.87039089202881,24.43948628599999,18.731210812999997,129,121,578,3028,3289,2916,3306,442.0,3305,440
dd_w250,mcp4-n080-r08-01,371.3614832366255,4810.833483333339,4810.833483333339,0.0,5.278127333,366.0833559036255,213.20072495000005,190.43523474300002,335,328,33942,3851,4154,3723,4313,627.0,4312,624
dd_w250,mcp4-n080-r08-02,155.67741294688844,5122.000300000003,5122.000300000003,0.0,4.74169298,150.93571996688843,141.76366511400005,125.64794207199998,225,216,1026,3799,4101,3671,4146,494.0,4146,494
dd_w250,mcp4-n080-r08-03,203.74970685549732,6000.000100000015,6000.000100000015,0.0,4.790805927,198.95890092849731,189.331599909,174.174038469,220,215,1798,3833,4130,3705,4173,481.0,4173,481
dd_w250,mcp4-n080-r08-04,111.59378993679736,5927.111266666667,5927.111266666667,0.0,4.216030957,107.37775897979736,104.91898703100001,97.74120993500003,116,110,402,3766,4066,3638,4005,383.0,4005,383
dd_w250,mcp4-n080-r08-05,69.00604078201233,5400.0001,5400.0001,0.0,5.56518361,63.44085717201233,61.24607558,56.77817591700001,70,67,185,3793,4092,3665,3987,335.0,3987,335
dd_w250,mcp4-n080-r08-06,391.68621178468163,4848.0002,4848.252031993818,5.1945541136152826e-5,5.115315636,386.57089614868164,246.53123191299994,225.59794241400007,328,318,47118,3758,4058,3630,4205,592.0,4205,592
dd_w250,mcp4-n080-r08-07,181.81635999097168,4926.0001500000035,4926.0191939617935,3.866009177846974e-6,4.898560995,176.91779899597168,153.717053918,136.93421080899998,230,225,4814,3831,4131,3703,4184,495.0,4184,495
dd_w250,mcp4-n080-r08-08,201.25348527077418,5168.000100000013,5168.000100000013,0.0,5.301074096,195.95241117477417,190.25366096500008,178.0254802949999,190,182,855,3783,4089,3655,4100,469.0,4100,469
dd_w250,mcp4-n080-r08-09,435.01649839728236,5038.500150000005,5038.500150000005,0.0,5.882414411,429.13408398628235,363.51019220300026,341.03061169299997,350,338,22513,3774,4079,3646,4247,632.0,4246,629
dd_w250,mcp4-n080-r08-10,224.9746032212578,4610.000100000001,4610.000100000001,0.0,6.165811107,218.8087921142578,206.80548383400006,190.46981269100004,224,218,2392,3854,4149,3726,4195,474.0,4195,474
dd_w250,mcp4-n080-r10-01,104.51519708752808,3691.0001500000008,3691.0001500000008,0.0,3.912051965,100.60314512252808,98.63016174600004,88.110668982,171,164,214,3749,4029,3621,4045,442.0,4045,442
dd_w250,mcp4-n080-r10-02,155.4729615213041,3995.250149999998,3995.250149999998,0.0,3.985130644,151.48783087730408,132.41527960899998,116.61751528999999,243,237,3897,3706,3996,3578,4082,535.0,4082,535
dd_w250,mcp4-n080-r10-03,101.4954854352323,4124.0001,4124.0001,0.0,3.691880594,97.8036048412323,89.31968405100001,77.69887666200002,177,166,1252,3770,4049,3642,4065,441.0,4065,441
dd_w250,mcp4-n080-r10-04,84.19557682933277,4292.000199999999,4292.000199999999,0.0,2.665261907,81.53031492233276,79.60236076799998,70.73556561699999,128,123,193,3786,4071,3658,4043,424.0,4043,424
dd_w250,mcp4-n080-r10-05,183.62440677104638,3823.000200000002,3823.000200000002,0.0,3.939726786,179.6846799850464,159.13602078400007,141.46728644000004,272,261,3889,3745,4032,3617,4143,577.0,4142,575
dd_w250,mcp4-n080-r10-06,100.95709829375866,4038.000100000013,4038.000100000013,0.0,3.689872313,97.26722598075867,91.183982441,78.21554335900001,197,191,687,3718,4004,3590,4044,485.0,4044,485
dd_w250,mcp4-n080-r10-07,32.15495952722839,3943.0000999999997,3943.0000999999997,0.0,3.04359254,29.111366987228394,27.989553212,23.655054946,68,65,93,3766,4052,3638,3966,368.0,3966,368
dd_w250,mcp4-n080-r10-08,115.55045289561816,4339.000100000019,4339.000100000019,0.0,3.364164062,112.18628883361816,109.80287649999991,96.940175661,214,207,310,3727,4013,3599,4071,493.0,4071,493
dd_w250,mcp4-n080-r10-09,103.71500730072509,3860.000100000001,3860.000100000001,0.0,4.294039245,99.4209680557251,96.25664591500001,84.79995273,178,170,472,3757,4038,3629,4056,444.0,4056,444
dd_w250,mcp4-n080-r10-10,77.84080115700708,4385.500150000002,4385.500150000002,0.0,3.417907156,74.42289400100708,69.29539469299999,60.15766518700001,138,135,739,3815,4094,3687,4078,406.0,4078,406
dd_w250,mcp4-n080-r12-01,41.056418393335086,3733.0000999999997,3733.0000999999997,0.0,1.454076503,39.60234189033508,38.319208463,33.055967702000004,83,77,113,3673,3940,3545,3879,350.0,3879,350
dd_w250,mcp4-n080-r12-02,110.00827783574145,3525.500149999996,3525.500149999996,0.0,2.423182907,107.58509492874146,83.36537844999998,69.620909078,238,235,6749,3588,3867,3460,3963,572.0,3963,572
dd_w250,mcp4-n080-r12-03,79.73160851061132,3056.000100000001,3056.000100000001,0.0,2.990134359,76.74147415161133,73.133709934,61.131828191000075,185,174,448,3686,3963,3558,4000,498.0,4000,498
dd_w250,mcp4-n080-r12-04,46.73305106257898,3247.000199999996,3247.000199999996,0.0,2.162281991,44.57076907157898,35.732533831,30.04211151699999,90,87,2168,3740,4006,3612,3955,357.0,3955,357
dd_w250,mcp4-n080-r12-05,81.54011157945666,3280.0000999999984,3280.0000999999984,0.0,2.895284452,78.64482712745667,74.99985145700003,61.86704928299999,206,203,717,3657,3934,3529,4002,518.0,4002,518
dd_w250,mcp4-n080-r12-06,107.30987919787414,3081.3334666666706,3081.3334666666706,0.0,2.40722908,104.90265011787415,66.881245585,54.935780984000004,183,175,7377,3687,3964,3559,4003,514.0,4002,511
dd_w250,mcp4-n080-r12-07,52.50868799000671,2996.0001999999986,2996.0001999999986,0.0,2.95232703,49.556360960006714,47.01108781600001,38.791297799999995,126,116,396,3679,3960,3551,3938,465.0,3938,465
dd_w250,mcp4-n080-r12-08,103.7919919604032,2750.0001000000047,2750.0001000000047,0.0,3.850441944,99.9415500164032,90.80482917300002,76.35793422699997,231,221,1177,3695,3967,3567,4052,543.0,4051,538
dd_w250,mcp4-n080-r12-09,17.841931322699217,3034.0001,3034.0001,0.0,2.116902331,15.725028991699219,14.683238985000003,12.469263341999998,39,35,84,3688,3968,3560,3864,336.0,3864,336
dd_w250,mcp4-n080-r12-10,85.18060976717737,3249.0001000000047,3249.0001000000047,0.0,2.823757951,82.35685181617737,75.49392395599996,64.80601792699998,172,163,1210,3667,3936,3539,3963,452.0,3963,452
dd_w250,mcp4-n080-r14-01,49.194774328567995,2692.000100000009,2692.000100000009,0.0,2.026246487,47.16852784156799,45.41339001200003,37.287732465999994,131,125,365,3576,3848,3448,3845,461.0,3844,457
dd_w250,mcp4-n080-r14-02,43.978876810009275,2471.0001999999986,2471.0001999999986,0.0,2.061862688,41.91701412200928,38.57459440800001,30.931767831,118,114,596,3588,3860,3460,3844,444.0,3844,444
dd_w250,mcp4-n080-r14-03,65.38390395780054,2417.5001500000008,2417.5001500000008,0.0,1.730566956,63.65333700180054,61.01568233899999,50.83924336499998,183,173,566,3540,3806,3412,3852,478.0,3851,475
dd_w250,mcp4-n080-r14-04,66.8533995062754,2289.0001000000007,2289.0001000000007,0.0,1.935396424,64.91800308227539,54.28009853899995,44.59682953899999,158,154,2481,3508,3770,3380,3799,466.0,3798,464
dd_w250,mcp4-n080-r14-05,21.770417369816283,2817.000100000011,2817.000100000011,0.0,1.49483148,20.275585889816284,18.992702286,15.976517663999998,54,50,60,3533,3804,3405,3725,357.0,3725,357
dd_w250,mcp4-n080-r14-06,28.32637379098694,2750.5001500000035,2750.5001500000035,0.0,1.621390795,26.70498299598694,25.53853851100001,20.310906174000003,81,76,129,3628,3891,3500,3837,362.0,3837,362
dd_w250,mcp4-n080-r14-07,30.678242063709593,2926.0001000000057,2926.0001000000057,0.0,1.485427952,29.192814111709595,27.491270284000002,21.90654463899999,89,85,251,3586,3857,3458,3814,416.0,3813,413
dd_w250,mcp4-n080-r14-08,47.827272505547604,2455.50015,2455.50015,0.0,1.753172488,46.07410001754761,43.50312281800001,35.73555773700002,125,120,614,3590,3852,3462,3844,407.0,3844,407
dd_w250,mcp4-n080-r14-09,48.66877021572986,2462.5001500000058,2462.5001500000058,0.0,2.131310127,46.53746008872986,40.545063659,32.06895239099999,143,139,739,3560,3831,3432,3841,474.0,3840,472
dd_w250,mcp4-n080-r14-10,28.844272762933716,2858.000133333335,2858.000133333335,0.0,1.071518809,27.772753953933716,25.651532476000003,21.463371561999995,80,75,425,3440,3711,3312,3658,411.0,3657,407
dd_w250,mcp4-n080-r16-01,10.826065617167847,2328.0001,2328.0001,0.0,1.151416617,9.674649000167847,9.056021730000001,7.194231814000001,30,27,42,3475,3740,3347,3645,380.0,3645,380
dd_w250,mcp4-n080-r16-02,53.060590987559934,2142.50015,2142.50015,0.0,1.408915048,51.65167593955994,39.41997963399998,32.143187763000014,135,129,3360,3432,3685,3304,3694,416.0,3693,414
dd_w250,mcp4-n080-r16-03,13.206216842483032,1936.5001499999973,1936.5001499999971,0.0,1.184682638,12.021534204483032,11.110384448000001,9.152056156999999,41,37,82,3560,3823,3432,3738,345.0,3738,345
dd_w250,mcp4-n080-r16-04,41.242369777936524,2156.7501499999994,2156.7501499999994,0.0,0.779320843,40.46304893493652,37.754583845,29.70864881900001,142,135,475,3504,3764,3376,3779,465.0,3778,463
dd_w250,mcp4-n080-r16-05,43.65916536476709,2229.0000999999966,2229.0000999999966,0.0,1.742929441,41.91623592376709,40.365711691999984,32.483900317999996,145,135,200,3558,3824,3430,3839,472.0,3839,472
dd_w250,mcp4-n080-r16-06,39.3395920638186,2299.000100000004,2299.000100000004,0.0,1.331822956,38.0077691078186,35.786111716000015,28.626986140999993,138,132,437,3503,3762,3375,3776,455.0,3776,455
dd_w250,mcp4-n080-r16-07,53.63166225355884,2319.6668333333337,2319.7319192336777,2.8058296738447648e-5,1.544429187,52.08723306655884,38.785578518000015,31.56220212699999,138,130,4871,3496,3757,3368,3765,444.0,3765,444
dd_w250,mcp4-n080-r16-08,29.01214606821338,1812.0001000000054,1812.0001000000054,0.0,1.495040012,27.51710605621338,26.349282866000003,21.440050715999995,90,84,86,3446,3704,3318,3666,384.0,3666,384
dd_w250,mcp4-n080-r16-09,42.887565799213625,1992.0001,1992.0001,0.0,1.740036674,41.14752912521362,35.19849284099998,27.051250634000013,138,129,1169,3557,3814,3429,3822,436.0,3822,436
dd_w250,mcp4-n080-r16-10,36.923570001266356,1627.0001000000034,1627.0001000000034,0.0,1.575361097,35.34820890426636,32.73949639000002,25.348489124999993,132,125,533,3521,3783,3393,3791,500.0,3789,486
dd_w250,mcp4-n090-r08-01,606.684328515511,6051.333466666654,6051.333466666654,0.0,8.230329473,598.453999042511,585.0548779920001,555.7611767289999,403,395,2689,3524,3826,3380,4027,654.0,4027,654
dd_w250,mcp4-n090-r08-02,357.12782412916323,6350.000100000003,6350.000100000003,0.0,6.84918219,350.2786419391632,341.21734052799974,320.6946407359998,299,294,1000,3441,3750,3297,3851,577.0,3851,577
dd_w250,mcp4-n090-r08-03,534.46708247402,6544.400120000002,6544.560285931598,2.4473737647272197e-5,7.690359566,526.77672290802,478.0684667309998,453.9486341740001,354,341,15737,3492,3796,3348,3944,608.0,3944,608
dd_w250,mcp4-n090-r08-04,620.636596979224,5604.0001999999995,5604.53963770498,9.625940145052602e-5,8.710735859,611.925861120224,474.2531149409999,453.62444326399986,300,292,53004,3470,3774,3326,3872,556.0,3872,556
dd_w250,mcp4-n090-r08-05,760.4378681939897,5733.500150000002,5733.500150000002,0.0,8.966418342,751.4714498519897,733.9786304390003,703.8224967669994,452,442,3349,3431,3736,3287,3986,712.0,3986,712
dd_w250,mcp4-n090-r08-06,625.2898241088069,6854.833483333328,6854.833483333328,0.0,8.772831063,616.5169930458069,608.5843368320004,587.8510930619998,317,307,1199,3454,3760,3310,3874,585.0,3874,585
dd_w250,mcp4-n090-r08-07,189.90822652758118,6628.500150000002,6628.500150000002,0.0,7.456618585,182.45160794258118,180.49712623299996,173.9315843280001,106,102,312,3398,3701,3254,3610,367.0,3610,367
dd_w250,mcp4-n090-r08-08,1103.4954398735101,5870.000149999996,5870.500200000005,8.51873913510448e-5,8.994991885,1094.5004479885101,784.6848028779989,747.5273076510001,542,537,111330,3478,3781,3334,4128,809.0,4128,809
dd_w250,mcp4-n090-r08-09,654.6429900283508,5690.500150000001,5690.500150000001,0.0,7.992618,646.6503720283508,606.4137630349999,577.3884831999994,438,428,10272,3472,3777,3328,4012,698.0,4012,698
dd_w250,mcp4-n090-r08-10,373.1560766408657,6615.000100000014,6615.632990925822,9.567511961309995e-5,8.933686466,364.2223901748657,340.85654791399986,327.33266937000013,195,191,7018,3487,3791,3343,3788,453.0,3788,453
dd_w250,mcp4-n090-r10-01,411.51637345220314,5127.500150000003,5128.0001,9.750365389996622e-5,6.836411294,404.6799621582031,318.284423048,301.28616470700007,326,324,24648,3379,3664,3235,3820,604.0,3820,604
dd_w250,mcp4-n090-r10-02,223.06283573985692,4945.000199999998,4945.000199999998,0.0,5.936066674,217.12676906585693,209.35804052999998,194.22533278999987,273,266,841,3458,3741,3314,3840,553.0,3840,553
dd_w250,mcp4-n090-r10-03,248.3596136021792,4279.000099999999,4279.000099999999,0.0,7.279471581,241.0801420211792,233.71722427700013,224.87287119400003,187,182,1222,3401,3692,3257,3703,497.0,3703,497
dd_w250,mcp4-n090-r10-04,153.50888887293286,4416.000100000001,4416.000100000002,0.0,6.500232848,147.00865602493286,144.73613645,136.257960602,167,162,342,3396,3678,3252,3671,435.0,3671,435
dd_w250,mcp4-n090-r10-05,323.9871040749481,4297.000100000001,4297.000100000001,0.0,7.45688905,316.5302150249481,308.72327769200007,295.19158060499996,261,255,1321,3389,3672,3245,3756,522.0,3756,522
dd_w250,mcp4-n090-r10-06,291.3988339213518,4412.0002,4412.0002,0.0,6.838097742,284.5607361793518,278.7889480299999,268.85338587199993,208,203,940,3402,3684,3258,3717,477.0,3717,477
dd_w250,mcp4-n090-r10-07,264.2722323590354,4309.000100000008,4309.000100000008,0.0,6.064012354,258.2082200050354,243.91682971700018,231.42714000299995,261,253,3491,3353,3641,3209,3724,545.0,3723,543
dd_w250,mcp4-n090-r10-08,303.77191831042506,4828.000133333333,4828.000133333333,0.0,4.818636431,298.95328187942505,283.7629859990001,263.190694763,373,361,3379,3427,3715,3283,3908,663.0,3907,661
dd_w250,mcp4-n090-r10-09,100.9630636812334,5061.0001,5061.0001,0.0,5.856734717,95.1063289642334,92.91306408600003,87.06389510200005,117,113,363,3401,3690,3257,3633,403.0,3632,400
dd_w250,mcp4-n090-r10-10,369.55930935266554,4562.400140000001,4562.512148192769,2.455027821570498e-5,6.307273258,363.2520360946655,350.2050925320001,332.16202484400003,365,356,2251,3440,3727,3296,3915,645.0,3915,645
dd_w250,mcp4-n090-r12-01,224.2128795045902,3706.400139999995,3706.400139999995,0.0,4.662180509,219.5506989955902,206.0084141309999,188.95365498799995,289,282,2884,3317,3587,3173,3716,566.0,3716,566
dd_w250,mcp4-n090-r12-02,156.80036767723266,3871.0001500000053,3871.3364388188525,8.687388422011585e-5,4.48765167,152.31271600723267,132.833577883,121.32519898,193,188,5461,3255,3531,3111,3563,485.0,3563,485
dd_w250,mcp4-n090-r12-03,247.71871028332814,3755.000100000001,3755.000100000001,0.0,5.113699297,242.60501098632812,238.70203870900022,216.6540620110001,376,368,640,3280,3548,3136,3764,653.0,3764,653
dd_w250,mcp4-n090-r12-04,176.4650572549701,3608.0001499999994,3608.0001499999994,0.0,5.26317227,171.2018849849701,166.902431199,149.85920074599994,279,274,899,3347,3609,3203,3729,532.0,3729,532
dd_w250,mcp4-n090-r12-05,54.16683475157349,3550.000100000011,3550.000100000011,0.0,4.914373795,49.252460956573486,47.57169805299999,42.744104854,86,83,305,3302,3578,3158,3505,396.0,3505,396
dd_w250,mcp4-n090-r12-06,189.31241258010292,3339.0002000000013,3339.0002000000013,0.0,4.904518684,184.4078938961029,181.27584235200013,164.08897218699994,275,264,536,3337,3612,3193,3727,583.0,3724,576
dd_w250,mcp4-n090-r12-07,211.50582926957372,3782.5001499999976,3782.5001499999976,0.0,4.013570244,207.49225902557373,152.58042669900007,136.530577022,256,252,14734,3401,3675,3257,3772,542.0,3772,542
dd_w250,mcp4-n090-r12-08,162.5647142491554,3672.0001,3672.0001,0.0,5.955704268,156.6090099811554,152.95710720199986,138.15048821800008,250,243,706,3348,3617,3204,3706,531.0,3706,531
dd_w250,mcp4-n090-r12-09,190.0494521681454,4184.000100000003,4184.000100000003,0.0,3.256538016,186.79291415214539,169.56578427600007,150.79761725399987,308,299,3667,3343,3613,3199,3761,595.0,3760,593
dd_w250,mcp4-n090-r12-10,164.24602843766004,3350.333466666663,3350.333466666663,0.0,5.140425458,159.10560297966003,154.43448689300007,141.56500992,212,207,865,3315,3583,3171,3639,492.0,3639,492
dd_w250,mcp4-n090-r14-01,119.83962890697767,3413.000100000001,3413.000100000001,0.0,3.143456908,116.69617199897766,107.13584926699997,97.50597516600006,183,175,2298,3350,3617,3206,3647,496.0,3647,496
dd_w250,mcp4-n090-r14-02,108.19551479540625,3182.00015,3182.00015,0.0,3.823871729,104.37164306640625,90.656345194,81.89631332899994,166,163,4237,3232,3493,3088,3512,451.0,3511,449
dd_w250,mcp4-n090-r14-03,95.28824482102344,3149.0001999999995,3149.0001999999995,0.0,4.418020822,90.87022399902344,89.24484726700001,80.54257585299996,164,161,213,3302,3556,3158,3571,421.0,3571,421
dd_w250,mcp4-n090-r14-04,94.78894581789918,3646.0001000000025,3646.0001000000025,0.0,3.40953269,91.37941312789917,89.34807356300001,80.20863710399999,176,169,221,3156,3418,3012,3443,459.0,3443,459
dd_w250,mcp4-n090-r14-05,188.40710418458178,3044.000100000001,3044.000100000001,0.0,4.382368257,184.0247359275818,175.38411161299993,158.40828092699994,313,305,1529,3273,3533,3129,3696,589.0,3696,589
dd_w250,mcp4-n090-r14-06,122.7038116361969,3399.333466666668,3399.333466666668,0.0,3.715848675,118.9879629611969,116.15569074400005,106.71626586500003,180,171,461,3292,3556,3148,3584,474.0,3583,468
dd_w250,mcp4-n090-r14-07,111.91726422843408,2659.6668333333346,2659.6668333333346,0.0,3.568016296,108.34924793243408,103.57312902900003,92.39937068600003,202,197,974,3292,3548,3148,3600,464.0,3600,464
dd_w250,mcp4-n090-r14-08,100.90954705686487,2623.5001333333284,2623.5001333333284,0.0,4.627036061,96.28251099586487,93.53109462399998,82.75169747000001,168,162,369,3360,3626,3216,3646,476.0,3646,476
dd_w250,mcp4-n090-r14-09,126.4358287514646,2984.0002000000004,2984.0002000000004,0.0,4.367681569,122.0681471824646,92.52697595299989,81.43551002699999,194,191,8135,3310,3575,3166,3622,502.0,3621,497
dd_w250,mcp4-n090-r14-10,69.66521528596435,2664.0001000000084,2664.0001000000084,0.0,3.87495211,65.79026317596436,60.022707079999975,52.87573620600001,136,130,672,3233,3501,3089,3487,457.0,3487,457
dd_w250,mcp4-n090-r16-01,88.79575412957568,2082.3334666666674,2082.3334666666674,0.0,3.365579302,85.43017482757568,80.371746326,69.32700817099997,196,186,819,3270,3523,3126,3575,489.0,3574,486
dd_w250,mcp4-n090-r16-02,140.10619726558141,2594.0001500000017,2594.0001500000017,0.0,2.979244379,137.12695288658142,119.71224244200003,104.43145003099994,338,326,4436,3241,3501,3097,3693,644.0,3693,644
dd_w250,mcp4-n090-r16-03,124.85763508891503,2573.33346666667,2573.4651957626184,5.119006053998281e-5,2.885488101,121.97214698791504,91.70702488700003,80.82227545900001,248,242,9402,3225,3490,3081,3596,586.0,3596,586
dd_w250,mcp4-n090-r16-04,95.93551119731605,2174.000140000003,2174.0003,7.359705014660297e-8,3.232731189,92.70278000831604,81.55097485499998,73.14877333499999,193,187,4125,3222,3481,3078,3531,515.0,3531,515
dd_w250,mcp4-n090-r16-05,62.70048372775281,2710.000149999999,2710.000149999999,0.0,2.299739528,60.40074419975281,56.723224918000014,49.42861179199997,153,150,925,3179,3437,3035,3450,459.0,3450,459
dd_w250,mcp4-n090-r16-06,16.734989179654175,2677.000100000004,2677.000100000004,0.0,3.204852356,13.530136823654175,12.737208318000002,11.315654483999998,32,29,74,3263,3519,3119,3410,321.0,3410,321
dd_w250,mcp4-n090-r16-07,71.16360239853064,2343.0001500000008,2343.0001500000008,0.0,2.363866614,68.79973578453064,67.277264644,60.17133849299997,171,162,204,3242,3494,3098,3524,455.0,3524,455
dd_w250,mcp4-n090-r16-08,26.188160380422975,2537.0001000000093,2537.0001000000093,0.0,1.9889824,24.199177980422974,23.284289948000005,20.044518641000003,71,69,73,3216,3478,3072,3410,371.0,3410,371
dd_w250,mcp4-n090-r16-09,74.04190427532947,2431.0001999999986,2431.0001999999986,0.0,3.615074222,70.42683005332947,57.444178132999994,50.34186514599998,148,144,2989,3259,3516,3115,3522,446.0,3522,446
dd_w250,mcp4-n090-r16-10,81.59754673021838,2754.0001,2754.0001,0.0,2.179228697,79.41831803321838,77.61785583899994,68.63199555600002,180,172,216,3191,3445,3047,3481,470.0,3481,470
dd_w250,mcp4-n100-r08-01,2151.6688617857094,6727.000200000002,6727.6577354679785,9.774571851153372e-5,12.123830715,2139.5450310707092,2019.8081094879997,1938.7411027140008,1094,1076,29672,3964,4271,3804,5135,1341.0,5135,1341
dd_w250,mcp4-n100-r08-02,616.0068339638691,7489.764852941191,7490.500100000009,9.816690820803689e-5,10.353052073,605.6537818908691,572.697243405,553.5776114890002,258,256,8775,3895,4205,3735,4247,533.0,4247,533
dd_w250,mcp4-n100-r08-03,1465.145402150295,7652.5001500000035,7652.5001500000035,0.0,11.207616048,1453.937786102295,1410.1563123859999,1372.0129878569999,531,522,9825,3904,4211,3744,4520,784.0,4520,784
dd_w250,mcp4-n100-r08-04,894.1314276588885,6973.666800000003,6974.030522091133,5.215650554605104e-5,10.914457692,883.2169699668884,824.0400326509997,784.4007850020006,512,503,17160,3967,4276,3807,4565,776.0,4565,776
dd_w250,mcp4-n100-r08-05,632.5310366586372,7837.000100000003,7837.000100000003,0.0,10.251826568,622.2792100906372,618.2951654739999,600.7110696979998,247,238,469,3934,4244,3774,4268,515.0,4267,511
dd_w250,mcp4-n100-r08-06,1504.3336531266093,6773.400139999997,6773.400139999997,0.0,13.801360999,1490.5322921276093,1412.723539800001,1376.438387104,491,483,17928,3940,4250,3780,4524,767.0,4524,765
dd_w250,mcp4-n100-r08-07,1165.0957999023099,7155.000150000002,7155.406660636215,5.681490254240875e-5,14.157502869,1150.93829703331,1074.2736355619998,1038.9597834300007,492,484,20107,3930,4240,3770,4514,766.0,4514,766
dd_w250,mcp4-n100-r08-08,2272.297518988004,7455.0001666666685,7455.233248420865,3.126515747621791e-5,12.398249884,2259.899269104004,1408.707339525,1342.1287342470025,894,891,168175,3910,4219,3750,4899,1161.0,4899,1161
dd_w250,mcp4-n100-r08-09,101.64247931428919,8006.000100000003,8006.000100000003,0.0,11.307721271,90.33475804328918,88.69329829700001,86.44134676799999,33,31,196,3911,4222,3751,4038,300.0,4038,300
dd_w250,mcp4-n100-r08-10,782.0799950004755,7545.000100000005,7545.000100000005,0.0,10.902357185,771.1776378154755,767.2884408389998,746.1451814369997,316,306,485,3829,4142,3669,4235,583.0,4235,583
dd_w250,mcp4-n100-r10-01,557.150740795776,5748.000100000003,5748.45600297158,7.931505978530092e-5,9.090273791,548.060467004776,531.6866235939998,505.6778651329999,401,391,3793,3816,4104,3656,4308,678.0,4308,678
dd_w250,mcp4-n100-r10-02,631.2940264344268,5565.5001500000035,5565.555774518206,9.994522810752467e-6,8.732470572,622.5615558624268,536.6055009040001,510.1465956079997,384,379,25369,3789,4081,3629,4273,669.0,4273,669
dd_w250,mcp4-n100-r10-03,1050.4959383597256,5742.000199999999,5742.000199999999,0.0,8.486217319,1042.0097210407257,750.8984149640005,709.5136433279998,589,583,67053,3845,4133,3685,4530,866.0,4529,862
dd_w250,mcp4-n100-r10-04,642.7847590543952,5337.000100000001,5337.406400000002,7.612890994709852e-5,8.86006094,633.9246981143951,592.1528054990001,562.515191316,421,412,12398,3864,4154,3704,4378,700.0,4378,700
dd_w250,mcp4-n100-r10-05,1034.5290762183483,5641.600120000001,5641.860731068016,4.6194530358764696e-5,8.45246613,1026.0766100883484,662.5761898400002,627.7262367920003,474,467,100438,3897,4183,3737,4464,750.0,4463,748
dd_w250,mcp4-n100-r10-06,519.7671049780815,4740.285857142852,4740.285857142853,0.0,9.205799932,510.56130504608154,495.49214526800006,469.00407673999985,357,350,2626,3930,4212,3770,4372,612.0,4372,612
dd_w250,mcp4-n100-r10-07,275.63947079681225,4962.0001,4962.0001,0.0,9.249263983,266.39020681381226,253.43052670499992,235.41366611700008,252,248,1314,3866,4158,3706,4220,544.0,4219,542
dd_w250,mcp4-n100-r10-08,682.4462724644205,5207.20024,5207.20024,0.0,10.572809549,671.8734629154205,622.2314036740001,597.1017616499998,360,349,16793,3873,4157,3713,4318,624.0,4317,622
dd_w250,mcp4-n100-r10-09,831.8007803805328,5493.000200000002,5493.000200000002,0.0,9.77059635,822.0301840305328,773.6805665129999,731.9161952810003,575,563,11642,3844,4130,3684,4508,858.0,4508,858
dd_w250,mcp4-n100-r10-10,287.20651838860545,5179.000099999999,5179.000099999999,0.0,8.132307268,279.07421112060547,276.2693858060001,260.21194964800003,225,219,350,3888,4174,3728,4205,493.0,4205,493
dd_w250,mcp4-n100-r12-01,345.4752842607379,4715.0001000000175,4715.0001000000175,0.0,6.219800395,339.2554838657379,335.049811498,312.2529236490002,312,303,534,3819,4088,3659,4219,574.0,4219,574
dd_w250,mcp4-n100-r12-02,256.41192261230077,4416.750150000002,4416.750150000002,0.0,8.277576604,248.13434600830078,244.84172751799997,231.92571246900008,187,180,404,3835,4118,3675,4126,495.0,4126,495
dd_w250,mcp4-n100-r12-03,345.9581692412118,4371.000100000001,4371.000100000001,0.0,6.438227196,339.5199420452118,333.6560488090002,312.7749284299999,311,302,773,3782,4049,3622,4180,568.0,4179,566
dd_w250,mcp4-n100-r12-04,721.087328600711,4026.0001000000007,4026.113472093027,2.8159982665314726e-5,8.467226672,712.6201019287109,618.2993114289998,574.995966783,607,597,26194,3846,4119,3686,4545,886.0,4544,882
dd_w250,mcp4-n100-r12-05,384.91990184661864,4321.000100000002,4321.000100000002,0.0,7.08018875,377.83971309661865,371.153742623,344.09783035299967,389,379,1143,3854,4122,3694,4332,662.0,4331,656
dd_w250,mcp4-n100-r12-06,260.47511949327134,4808.000100000001,4808.000100000001,0.0,7.020620487,253.45449900627136,244.49295566300003,226.89751825399998,265,256,1671,3798,4072,3638,4154,543.0,4154,543
dd_w250,mcp4-n100-r12-07,295.20371523778016,4274.000199999999,4274.000199999999,0.0,6.56668106,288.63703417778015,279.58872968199984,254.57237742399997,346,338,807,3918,4185,3758,4351,607.0,4351,607
dd_w250,mcp4-n100-r12-08,543.6506174225767,4097.000133333335,4097.000133333335,0.0,6.605000319,537.0456171035767,513.433883693,482.11103113799993,468,455,6250,3742,4016,3582,4300,745.0,4300,745
dd_w250,mcp4-n100-r12-09,285.77352152196363,4716.000099999999,4716.000099999999,0.0,8.468277553,277.3052439689636,270.05681682499994,252.64857420200022,271,264,842,3708,3979,3548,4070,540.0,4070,540
dd_w250,mcp4-n100-r12-10,103.33815114914637,3990.0001,3990.0001,0.0,6.529404096,96.80874705314636,95.24876173899997,87.69858244100001,118,115,153,3799,4069,3639,4011,391.0,4011,391
dd_w250,mcp4-n100-r14-01,173.6744956863457,3127.0000999999997,3127.0000999999997,0.0,7.411445607,166.2630500793457,162.62283171599992,146.647840427,245,239,715,3715,3978,3555,4056,529.0,4056,529
dd_w250,mcp4-n100-r14-02,177.12314895754358,3279.0000999999997,3279.0000999999997,0.0,6.557474891,170.56567406654358,166.000601228,154.23580711799997,189,179,745,3762,4028,3602,4045,469.0,4045,469
dd_w250,mcp4-n100-r14-03,73.87783015981323,3916.000100000004,3916.000100000004,0.0,5.624134195,68.25369596481323,66.80976830499999,59.942262221,103,96,160,3721,3983,3561,3919,386.0,3919,386
dd_w250,mcp4-n100-r14-04,162.11262964236718,3715.000100000001,3715.000100000001,0.0,5.669224491,156.4434051513672,150.08920559000003,138.32922531399996,181,172,776,3761,4019,3601,4031,450.0,4031,450
dd_w250,mcp4-n100-r14-05,309.1612576958768,3551.0001000000047,3551.000100000005,0.0,4.306375694,304.85488200187683,296.07515223,271.0365919989998,389,379,1115,3727,3987,3567,4209,663.0,4209,663
dd_w250,mcp4-n100-r14-06,229.8027983304602,3210.00015,3210.00015,0.0,7.51976639,222.2830319404602,205.91278144600005,188.69077430899998,270,264,3622,3762,4020,3602,4124,537.0,4124,537
dd_w250,mcp4-n100-r14-07,136.8646971065387,3198.0002000000004,3198.0002000000004,0.0,5.64967192,131.2150251865387,128.09787108100005,113.24117181900002,189,182,478,3839,4101,3679,4121,471.0,4121,471
dd_w250,mcp4-n100-r14-08,143.2525008433899,3560.0001000000148,3560.0001000000148,0.0,4.6270159,138.6254849433899,135.48120750999996,125.018660146,167,160,400,3741,4007,3581,4006,450.0,4006,450
dd_w250,mcp4-n100-r14-09,251.90149649101818,3627.7501625,3627.7501625,0.0,4.719157538,247.1823389530182,218.746823048,198.22918361800006,337,327,5975,3731,3994,3571,4162,621.0,4161,617
dd_w250,mcp4-n100-r14-10,183.14551090867894,3540.6001400000014,3540.6001400000014,0.0,6.138174769,177.00733613967896,167.12561627099998,150.23978457499996,274,268,1141,3722,3987,3562,4099,586.0,4098,584
dd_w250,mcp4-n100-r16-01,98.10612177046949,3241.000100000004,3241.000100000004,0.0,3.425606958,94.68051481246948,91.99519670100003,80.0105927,185,179,538,3756,4007,3596,4035,464.0,4035,464
dd_w250,mcp4-n100-r16-02,96.50272043764417,2910.0001499999994,2910.0001499999994,0.0,4.069929443,92.43279099464417,90.40466230500002,79.73120256600001,171,165,268,3662,3912,3502,3925,449.0,3925,449
dd_w250,mcp4-n100-r16-03,96.42315334642883,3159.0001000000007,3159.0001000000007,0.0,3.275462335,93.14769101142883,91.42487604000007,81.25903352999998,157,150,198,3710,3963,3550,3961,432.0,3961,432
dd_w250,mcp4-n100-r16-04,68.04488212155078,3067.000100000013,3067.000100000013,0.0,4.757704082,63.28717803955078,61.903503577999984,55.715657991000015,94,89,105,3688,3939,3528,3875,364.0,3875,364
dd_w250,mcp4-n100-r16-05,35.137624711090695,2811.0001,2811.0001,0.0,5.071196765,30.0664279460907,28.854743874,25.947555201,49,46,172,3603,3857,3443,3752,335.0,3752,335
dd_w250,mcp4-n100-r16-06,101.03200102468224,2984.0001,2984.0001,0.0,4.298133141,96.73386788368225,94.47793918,83.72522584,176,167,324,3593,3850,3433,3870,495.0,3870,495
dd_w250,mcp4-n100-r16-07,22.627431314398315,2678.0001000000057,2678.0001000000057,0.0,5.335358303,17.292073011398315,16.136570025000005,14.046423577000004,34,31,133,3715,3965,3555,3843,313.0,3843,313
dd_w250,mcp4-n100-r16-08,162.47418602906666,3016.0002000000013,3016.0002000000013,0.0,4.286656942,158.18752908706665,150.24534137899994,135.0524178470001,254,243,938,3631,3885,3471,3978,543.0,3978,543
dd_w250,mcp4-n100-r16-09,224.24558005196008,2889.0001600000014,2889.071528571432,2.4703553990253825e-5,4.769947146,219.47563290596008,206.53483513399993,182.72409083700012,367,355,2884,3710,3962,3550,4166,632.0,4166,632
dd_w250,mcp4-n100-r16-10,30.211089931509644,2992.0001,2992.0001,0.0,3.405081831,26.806008100509644,25.870225838,23.683598651000004,39,36,49,3657,3915,3497,3798,337.0,3798,337
dd_w250,mcp4-n110-r08-01,3884.379336128168,7186.000100000001,14763.372787432696,1.0544632037275776,21.2689221,3863.1104140281677,3841.0192044609967,3808.6438381880034,541,533,3913,3675,3987,3501,4287,793.0,4287,793
dd_w250,mcp4-n110-r08-02,2361.547109049274,7522.000099999997,7522.000099999997,0.0,23.187035006,2338.360074043274,2304.191368946001,2261.148870306997,692,686,8528,3681,3992,3507,4445,945.0,4445,945
dd_w250,mcp4-n110-r08-03,2778.58784771072,8261.000149999998,8261.432052662722,5.228212745203584e-5,21.061577798,2757.5262699127197,2398.211868402999,2365.5999928079996,525,520,112744,3658,3978,3484,4266,804.0,4266,804
dd_w250,mcp4-n110-r08-04,2466.7247704450497,8120.000100000013,8120.575888189229,7.090987464592847e-5,21.032090563,2445.6926798820496,2355.6437622929993,2325.175063793,528,520,26187,3687,4001,3513,4287,787.0,4287,787
dd_w250,mcp4-n110-r08-05,3600.0003119380885,7733.333499999997,11655.497527636027,0.5071763719534443,23.408691016,3576.5916209220886,2905.259765011,2852.699454546997,886,884,147058,3675,3989,3501,4641,1154.0,4641,1154
dd_w250,mcp4-n110-r08-06,3615.116637870761,7215.333485714293,14029.416376925494,0.9443891823853282,24.76002495,3590.356612920761,3450.5093181879984,3411.2896217179973,682,671,34044,3638,3953,3464,4394,950.0,4394,950
dd_w250,mcp4-n110-r08-07,3609.4259218730576,6841.238242857142,12076.959716980353,0.7653178106448445,28.740263895,3580.685657978058,3340.0141548630017,3300.7120463490046,679,671,55406,3725,4042,3551,4483,956.0,4480,945
dd_w250,mcp4-n110-r08-08,1362.3854919913756,8720.3335,8720.3335,0.0,23.734264994,1338.6512269973755,1335.0691090159996,1323.1676317969996,211,206,762,3671,3986,3497,3958,475.0,3958,475
dd_w250,mcp4-n110-r08-09,3706.6562496038127,7493.666800000012,15338.589058963684,1.0468736425488867,24.751508555,3681.904741048813,3658.888936089,3622.7499230899994,610,601,4382,3690,4002,3516,4370,862.0,4370,862
dd_w250,mcp4-n110-r08-10,3630.524875369404,7896.000200000001,10972.12734421157,0.3895804288621433,23.53450748,3606.9903678894043,3335.083357627001,3259.386004560998,1224,1216,66511,3662,3975,3488,4958,1480.0,4958,1480
dd_w250,mcp4-n110-r10-01,1009.375437427891,5975.000100000001,5975.2501,4.184100348368035e-5,15.188439299,994.186998128891,988.232103908,969.1217211169999,324,316,1230,3610,3897,3436,4009,589.0,4009,589
dd_w250,mcp4-n110-r10-02,1148.7997183306843,5588.0001,5588.0001,0.0,15.559793423,1133.2399249076843,1105.218435855,1076.4368301929997,478,469,6584,3591,3876,3417,4141,733.0,4141,733
dd_w250,mcp4-n110-r10-03,2922.468275533654,6293.20014,6293.76946867964,9.046727689808081e-5,15.253890501,2907.214385032654,2003.0226914219993,1944.6009278649994,1024,1016,215582,3597,3883,3423,4697,1290.0,4696,1288
dd_w250,mcp4-n110-r10-04,2643.9645066227285,5736.00010000001,5736.294150177987,5.1263977135689745e-5,15.092615601,2628.8718910217285,2246.6780601419996,2200.349186817,749,735,115853,3678,3960,3504,4493,999.0,4493,999
dd_w250,mcp4-n110-r10-05,266.3681362770946,6081.666800000001,6081.666800000001,0.0,15.984470477,250.3836658000946,247.86726817500002,244.809549981,55,51,488,3673,3962,3499,3807,324.0,3807,324
dd_w250,mcp4-n110-r10-06,363.93453533568885,6171.0001000000175,6171.0001000000175,0.0,12.317916464,351.61661887168884,348.5899539660001,337.59250399199993,188,184,385,3625,3915,3451,3894,467.0,3894,467
dd_w250,mcp4-n110-r10-07,2919.2879650718214,6631.000099999999,6631.100496301191,1.5140446339568321e-5,15.064292205,2904.2236728668213,2416.7285049900006,2366.1162046989994,857,846,151005,3617,3900,3443,4540,1102.0,4540,1102
dd_w250,mcp4-n110-r10-08,1166.2259000340712,6140.000150000001,6140.137047218262,2.229596334144322e-5,18.038630108,1148.1872699260712,1102.916065723,1074.119231271001,498,493,14965,3600,3884,3426,4171,751.0,4171,751
dd_w250,mcp4-n110-r10-09,1705.5282804380095,6376.000149999994,6376.000149999994,0.0,16.783359469,1688.7449209690094,1603.1098303030003,1575.893776585001,457,452,24394,3702,3984,3528,4230,708.0,4230,708
dd_w250,mcp4-n110-r10-10,1367.5255037040608,6065.00014,6065.000140000001,0.0,17.349205801,1350.176297903061,1329.6521471319993,1298.2583926110003,506,499,2955,3685,3972,3511,4269,775.0,4268,770
dd_w250,mcp4-n110-r12-01,582.4668168961422,5279.500150000002,5279.7511914196875,4.755022493670387e-5,8.359637016,574.1071798801422,557.5444158710006,537.5940385599996,360,352,4027,3557,3827,3383,3992,626.0,3992,626
dd_w250,mcp4-n110-r12-02,360.21956388742336,4376.000100000001,4376.000100000001,0.0,12.218305991,348.00125789642334,344.36986062300014,331.950185477,223,218,571,3536,3807,3362,3838,494.0,3838,494
dd_w250,mcp4-n110-r12-03,86.95639381311645,5184.000099999997,5184.000099999997,0.0,11.80318365,75.15321016311646,73.771356335,71.87347948099999,35,32,197,3567,3840,3393,3684,315.0,3684,315
dd_w250,mcp4-n110-r12-04,483.6881098648407,4269.000100000005,4269.000100000005,0.0,11.506935825,472.1811740398407,465.9278821229998,447.88439417100005,312,306,798,3557,3830,3383,3949,590.0,3949,590
dd_w250,mcp4-n110-r12-05,442.21209722796937,4786.500149999994,4786.846253846156,7.230833287697606e-5,13.27648145,428.93561577796936,386.26635070699984,369.359422862,306,301,14399,3557,3829,3383,3944,589.0,3944,589
dd_w250,mcp4-n110-r12-06,885.4635245235891,4867.666800000001,4868.042743923241,7.723287946494237e-5,12.182346526,873.2811779975891,856.0625402380001,824.8931072389998,542,530,3163,3573,3844,3399,4190,811.0,4189,809
dd_w250,mcp4-n110-r12-07,875.4275496708337,5195.500149999998,5195.872056614836,7.15824471370338e-5,11.435112785,863.9924368858337,784.1250362139998,749.5611797570002,592,585,19374,3598,3866,3424,4267,866.0,4267,866
dd_w250,mcp4-n110-r12-08,607.4597726468517,4649.555699999996,4649.555699999996,0.0,13.364638627,594.0951340198517,589.5607217869996,573.884507954,293,286,863,3536,3801,3362,3899,542.0,3899,542
dd_w250,mcp4-n110-r12-09,1022.2560697407388,4766.0001666666685,4766.09864482723,2.0662643121568956e-5,11.607581696,1010.6484880447388,784.4125845240003,756.9817296750005,474,466,75657,3633,3899,3459,4180,734.0,4178,729
dd_w250,mcp4-n110-r12-10,429.142199503204,4922.000100000005,4922.000100000005,0.0,12.481342541,416.660856962204,413.6029622939998,401.86646908900013,207,197,555,3556,3830,3382,3839,474.0,3839,474
dd_w250,mcp4-n110-r14-01,285.9173208271139,4101.800180000001,4101.800180000001,0.0,6.609138826,279.3081820011139,270.935449511,251.795992559,313,307,1126,3539,3797,3365,3930,579.0,3930,579
dd_w250,mcp4-n110-r14-02,475.19533359920973,4067.000133333334,4067.35729285714,8.781891126055766e-5,9.447073578,465.7482600212097,439.87892932100027,420.4344018190001,344,337,8692,3534,3790,3360,3953,604.0,3953,604
dd_w250,mcp4-n110-r14-03,210.78482722593495,4554.000100000005,4554.000100000005,0.0,7.815036052,202.96979117393494,197.0897784299999,182.5152955320002,286,276,678,3472,3735,3298,3843,584.0,3842,580
dd_w250,mcp4-n110-r14-04,269.9957500037283,4383.000099999998,4383.000099999998,0.0,7.049203926,262.94654607772827,260.64980491299997,246.9503691929999,273,265,335,3457,3716,3283,3808,542.0,3808,542
dd_w250,mcp4-n110-r14-05,605.1125998214634,3578.000100000004,3578.0001000000034,0.0,9.569614859,595.5429849624634,583.8247422989995,553.9687552689996,529,521,1402,3527,3784,3353,4133,801.0,4133,801
dd_w250,mcp4-n110-r14-06,463.90598311632607,3597.000200000002,3597.000200000002,0.0,10.619529154,453.28645396232605,440.29881418799994,420.8196553549999,331,321,2046,3562,3817,3388,3963,586.0,3963,586
dd_w250,mcp4-n110-r14-07,338.1493679737311,4315.166800000003,4315.166800000003,0.0,8.71760504,329.4317629337311,239.2155694160001,225.612659854,230,226,23832,3586,3842,3412,3895,506.0,3895,506
dd_w250,mcp4-n110-r14-08,438.1730211129365,4166.6668,4166.6668,0.0,7.977550303,430.1954708099365,406.9627593599999,383.819288582,401,394,5039,3503,3760,3329,3982,676.0,3982,676
dd_w250,mcp4-n110-r14-09,243.01616615145252,4067.0002000000004,4067.0002000000004,0.0,7.633453072,235.38271307945251,228.56838675799983,215.342855168,246,240,994,3521,3780,3347,3846,524.0,3846,524
dd_w250,mcp4-n110-r14-10,622.1188311528364,3643.0002,3643.1924076923074,5.276082397893365e-5,11.121428008,610.9974031448364,562.5966720370001,536.0064027380002,476,465,15226,3582,3838,3408,4128,732.0,4128,732
dd_w250,mcp4-n110-r16-01,332.0218756208237,3365.0001,3365.0001,0.0,5.314284564,326.70759105682373,316.40985025300006,299.6162338110001,320,310,2340,3484,3734,3310,3881,608.0,3881,608
dd_w250,mcp4-n110-r16-02,250.87626293350928,3295.000100000001,3295.000100000001,0.0,6.030537874,244.84572505950928,237.53949918899994,220.2477892750001,323,314,754,3466,3712,3292,3863,589.0,3863,589
dd_w250,mcp4-n110-r16-03,199.8121287531676,3681.0001999999954,3681.0001999999954,0.0,6.295246572,193.5168821811676,173.01151578900004,161.2631092330001,200,196,4930,3527,3777,3353,3810,542.0,3810,542
dd_w250,mcp4-n110-r16-04,423.19253348804955,3299.3335000000006,3299.5000999999997,5.049504695390969e-5,7.402197356,415.79033613204956,388.62610773499995,368.15441919299985,380,369,6617,3568,3817,3394,4027,675.0,4027,675
dd_w250,mcp4-n110-r16-05,208.86238779197657,3513.0001000000007,3513.0001000000007,0.0,5.045111791,203.81727600097656,201.78929035599998,193.092570101,184,180,306,3462,3714,3288,3729,461.0,3729,461
dd_w250,mcp4-n110-r16-06,432.51787428721593,3310.5001500000003,3310.579607092707,2.4001537262243876e-5,5.644021319,426.87385296821594,298.13204383700014,273.15536438200024,462,452,36668,3552,3804,3378,4095,750.0,4094,747
dd_w250,mcp4-n110-r16-07,133.34195447975415,3346.000100000001,3346.000100000001,0.0,5.828375588,127.51357889175415,125.68944690900005,119.41840747000002,117,111,243,3554,3807,3380,3755,411.0,3755,411
dd_w250,mcp4-n110-r16-08,249.8234537949199,3322.0001500000017,3322.0001500000017,0.0,5.404954802,244.41849899291992,229.27372714299997,212.68408541200003,323,316,3485,3497,3756,3323,3910,647.0,3909,643
dd_w250,mcp4-n110-r16-09,285.41439219861695,3576.0001000000047,3576.0001000000047,0.0,6.45053121,278.96386098861694,271.703764607,257.3043582270001,277,266,1160,3530,3784,3356,3885,556.0,3885,556
dd_w250,mcp4-n110-r16-10,303.0092691874105,3257.0001,3257.0001,0.0,7.563230226,295.4460389614105,291.0125482340003,272.15320488099997,365,357,727,3497,3746,3323,3941,638.0,3940,634
dd_w250,mcp4-n120-r08-01,3863.2420459948016,8099.000100000004,17194.577574754734,1.1230494335658454,36.78598487,3826.4560611248016,3794.6773241379965,3746.8590952169993,611,604,4400,4060,4378,3870,4729,869.0,4729,869
dd_w250,mcp4-n120-r08-02,3770.5141370627985,8444.50015555556,16328.94482754222,0.9336780776538393,38.087342057,3732.4267950057983,3712.609885772999,3665.8910977630007,576,571,2661,4059,4380,3869,4701,851.0,4700,849
dd_w250,mcp4-n120-r08-03,3615.312063464604,8084.00013999999,13650.550530210336,0.6885886063592216,35.426204452,3579.8858590126038,3553.911118137999,3497.859820034001,717,710,4629,4065,4378,3875,4834,962.0,4834,962
dd_w250,mcp4-n120-r08-04,3627.714380193415,6818.875162500016,16865.49770013942,1.4733548126661988,39.176149059,3588.5382311344147,3564.299957170003,3521.997517728999,532,524,3809,4120,4440,3930,4711,794.0,4711,794
dd_w250,mcp4-n120-r08-05,3606.5733499547637,8154.333466666674,15330.723232241306,0.8800706759062913,35.68638015,3570.886969804764,3536.493777160001,3484.3369742009986,707,702,6842,4057,4376,3867,4826,971.0,4826,971
dd_w250,mcp4-n120-r08-06,3440.6542563213393,8997.857285714286,8997.857285714286,0.0,41.52395723,3399.130299091339,3388.162850525,3370.6759866230013,234,230,2361,4031,4349,3841,4324,490.0,4324,490
dd_w250,mcp4-n120-r08-07,3618.66278244245,7533.000150000008,14855.698697736196,0.9720826233802982,46.14267565,3572.52010679245,3533.434692091001,3485.151942499002,646,641,9176,4067,4385,3877,4775,909.0,4775,909
dd_w250,mcp4-n120-r08-08,3602.360751782777,7498.000200000002,16260.05038639716,1.1685849496772693,44.690483724,3557.670268058777,3507.3899954539997,3460.4237314160005,596,591,8750,4055,4374,3865,4711,857.0,4711,857
dd_w250,mcp4-n120-r08-09,3632.0269301350154,7001.000157142855,16642.69983533432,1.3771888961257062,53.189183038,3578.8377470970154,3542.3298740100013,3506.5635209120014,465,459,6174,4100,4415,3910,4620,717.0,4620,717
dd_w250,mcp4-n120-r08-10,4020.711183602745,7424.000100000008,16295.897296261674,1.1950292398651308,29.83619457,3990.8749890327454,3947.9537815610024,3898.251090743004,625,621,9462,4029,4346,3839,4712,883.0,4712,883
dd_w250,mcp4-n120-r10-01,3741.2222428331033,6709.50015,10161.838500358917,0.5145447906963557,22.068909646,3719.1533331871033,3477.602512263998,3418.472301010003,790,781,53846,4041,4328,3851,4887,1047.0,4887,1047
dd_w250,mcp4-n120-r10-02,1095.9464908049679,7276.000100000003,7276.000100000003,0.0,23.879132788,1072.0673580169678,1061.7956443780001,1049.356017946,179,173,767,4005,4292,3815,4241,437.0,4241,437
dd_w250,mcp4-n120-r10-03,2437.3251974193367,7147.000150000001,7147.000150000001,0.0,25.270831546,2412.054365873337,2382.350944524,2346.0923897700013,501,488,7406,3982,4276,3792,4540,767.0,4540,767
dd_w250,mcp4-n120-r10-04,2287.815061662163,7145.33346666667,7145.33346666667,0.0,22.602389667,2265.212671995163,2245.9908845759996,2201.1606348920004,607,597,2341,3978,4268,3788,4640,864.0,4640,864
dd_w250,mcp4-n120-r10-05,2588.2976980646877,6967.0000999999975,6967.0000999999975,0.0,24.167178913,2564.1305191516876,2548.9459460920007,2512.053520867003,502,493,2239,4037,4331,3847,4600,777.0,4600,777
dd_w250,mcp4-n120-r10-06,2000.921280395856,7058.000100000003,7058.000100000003,0.0,25.654094231,1975.267186164856,1962.788397341,1926.1907555050007,484,474,1513,3986,4273,3796,4523,734.0,4523,734
dd_w250,mcp4-n120-r10-07,3201.189558037204,7019.000100000001,7019.628771428565,8.956709212246668e-5,27.799749144,3173.3898088932037,3000.338393860001,2949.1971446939997,743,732,45254,3924,4210,3734,4720,997.0,4720,997
dd_w250,mcp4-n120-r10-08,2898.5185326779847,7300.000100000001,7300.000100000001,0.0,23.949811622,2874.5687210559845,2861.2881978839982,2819.079283938001,575,564,2028,3971,4256,3781,4596,821.0,4596,821
dd_w250,mcp4-n120-r10-09,3141.8191108449714,6495.000099999998,6495.000099999998,0.0,24.311249946,3117.5078608989716,3104.001559436001,3070.232871917998,477,466,2460,4010,4302,3820,4545,741.0,4545,741
dd_w250,mcp4-n120-r10-10,1934.6484692064334,6770.6668,6770.6668,0.0,24.089146134,1910.5593230724335,1890.9950334609996,1854.3037269329998,513,507,3170,4033,4318,3843,4602,765.0,4602,765
dd_w250,mcp4-n120-r12-01,444.8055089256978,5697.0001000000075,5697.0001000000075,0.0,15.448955848,429.35655307769775,426.6861954549999,413.7993949789999,173,168,378,3990,4261,3800,4227,447.0,4227,447
dd_w250,mcp4-n120-r12-02,2956.2669504348855,5520.000200000001,5520.500166666662,9.057366821487415e-5,17.611587352,2938.6553630828857,2047.5986021339995,1965.5038508950004,1142,1133,216126,3949,4222,3759,5157,1424.0,5155,1419
dd_w250,mcp4-n120-r12-03,292.58489305058583,5226.000149999993,5226.000149999993,0.0,17.864231172,274.7206618785858,272.687785121,265.36438039499996,106,102,267,3953,4226,3763,4124,389.0,4124,389
dd_w250,mcp4-n120-r12-04,1877.7911955977042,5197.000149999999,5197.329619276952,6.339604915216423e-5,18.286266532,1859.5049290657043,1778.711973557999,1738.7749393459997,562,554,21630,3977,4245,3787,4594,815.0,4594,815
dd_w250,mcp4-n120-r12-05,1506.4343318850736,5477.000099999999,5477.000099999999,0.0,18.844956866,1487.5893750190735,1437.1754433850006,1403.3480233970006,497,486,13600,3902,4179,3712,4462,776.0,4462,776
dd_w250,mcp4-n120-r12-06,2569.866197387837,5150.300150000005,5150.813253847206,9.962600863210245e-5,18.313462536,2551.552734851837,2380.432920461001,2330.768524539999,722,706,47619,3953,4222,3763,4724,975.0,4724,975
dd_w250,mcp4-n120-r12-07,1289.3621561177904,5552.000099999999,5552.425099999998,7.654898997540778e-5,18.971744264,1270.3904118537903,1259.2708013250003,1227.7573285620008,425,417,1269,3908,4180,3718,4395,695.0,4395,695
dd_w250,mcp4-n120-r12-08,2104.6633961330813,5772.666800000001,5772.930080540303,4.560813042280926e-5,18.640499128,2086.022897005081,1784.7838841449998,1747.3222178550004,547,535,99514,3962,4233,3772,4569,822.0,4569,822
dd_w250,mcp4-n120-r12-09,1163.4251673206224,5736.000099999999,5736.000099999999,0.0,18.611748217,1144.8134191036224,1132.680592167001,1110.4205717070001,332,326,2179,3918,4189,3728,4310,597.0,4310,597
dd_w250,mcp4-n120-r12-10,1700.2995865565085,5593.000099999999,5593.37622238122,6.72487706947724e-5,18.378115676,1681.9214708805084,1383.1797364429988,1340.3684603530003,565,556,91808,4000,4270,3810,4623,833.0,4623,833
dd_w250,mcp4-n120-r14-01,102.37937859468445,4963.000100000008,4963.000100000008,0.0,14.903343715,87.47603487968445,86.26223789000002,83.730590744,36,33,82,3844,4098,3654,3940,297.0,3940,297
dd_w250,mcp4-n120-r14-02,1280.414172405511,4841.000149999997,4841.411383763687,8.494809976194266e-5,12.024408335,1268.3897640705109,953.0862970689999,895.6901016609995,872,864,71399,3889,4151,3699,4832,1172.0,4830,1168
dd_w250,mcp4-n120-r14-03,770.1250836824333,4269.333466666671,4269.333466666671,0.0,15.352651832,754.7724318504333,746.1934704470002,720.4185811439995,375,368,1579,3881,4143,3691,4325,680.0,4325,680
dd_w250,mcp4-n120-r14-04,1603.3811908080531,4003.00015,4003.374880444969,9.36123984330535e-5,18.437024863,1584.944165945053,1433.6466865769999,1393.704868793999,614,601,52410,3867,4127,3677,4540,891.0,4540,891
dd_w250,mcp4-n120-r14-05,494.9311587680087,4559.000100000006,4559.000100000006,0.0,13.573600756,481.35755801200867,479.0657490550001,463.6085782110002,252,243,236,3832,4098,3642,4156,553.0,4155,549
dd_w250,mcp4-n120-r14-06,1232.0303552793428,4695.000119999999,4695.246741460497,5.2528531244918894e-5,14.398788278,1217.6315670013428,890.5499861590009,853.2375790200002,518,513,100392,3957,4216,3767,4541,807.0,4541,807
dd_w250,mcp4-n120-r14-07,1396.8639855367428,4324.3334666666715,4324.726719650715,9.093956029858008e-5,14.503946541,1382.3600389957428,1120.6224483019996,1079.218038488001,635,628,66711,3833,4090,3643,4532,912.0,4532,912
dd_w250,mcp4-n120-r14-08,663.4610933398887,4333.000199999984,4333.000199999984,0.0,13.000637207,650.4604561328888,638.578444235,616.733943846,286,280,1541,3906,4163,3716,4252,550.0,4252,550
dd_w250,mcp4-n120-r14-09,707.3420164252469,4077.0000999999997,4077.0000999999997,0.0,14.117324319,693.224692106247,679.9310665360002,654.7115365629998,357,348,2571,3945,4200,3755,4359,617.0,4359,617
dd_w250,mcp4-n120-r14-10,878.5178244276934,4344.000099999999,4344.000099999999,0.0,12.505198495,866.0126259326935,855.9930385630001,818.4648145760002,538,526,1016,3914,4172,3724,4510,809.0,4510,809
dd_w250,mcp4-n120-r16-01,325.9855272868811,3533.000100000011,3533.000100000011,0.0,9.632421265,316.3531060218811,312.6032435899999,295.0962397820001,276,268,701,3819,4067,3629,4158,555.0,4158,555
dd_w250,mcp4-n120-r16-02,561.2029482346433,4065.000150000001,4065.000150000001,0.0,9.596755169,551.6061930656433,486.19574807400016,454.9855192080002,453,445,17130,3818,4068,3628,4334,725.0,4334,725
dd_w250,mcp4-n120-r16-03,742.1066697007268,4025.400140000002,4025.5941295324524,4.8191366250203254e-5,7.296177662,734.8104920387268,693.0536588319997,653.058708331,591,578,7973,3879,4133,3689,4534,895.0,4534,895
dd_w250,mcp4-n120-r16-04,834.2432157274678,3979.0001,3979.3126999999986,7.856245090277411e-5,11.854568648,822.3886470794678,584.5434315999994,552.5571725469997,468,460,81543,3873,4124,3683,4407,755.0,4407,755
dd_w250,mcp4-n120-r16-05,72.65240199889185,3748.000100000004,3748.000100000004,0.0,9.343884066,63.308517932891846,62.16383703499999,58.37509179,56,53,81,3873,4118,3683,3992,324.0,3992,324
dd_w250,mcp4-n120-r16-06,384.8128421906117,3716.000149999996,3716.000149999996,0.0,12.722413123,372.0904290676117,367.6355080299998,350.75283087700006,263,257,641,3866,4114,3676,4195,559.0,4195,557
dd_w250,mcp4-n120-r16-07,301.88937967675133,3743.500199999997,3743.500199999997,0.0,10.066095766,291.82328391075134,287.7642287940001,272.618986809,229,224,646,3873,4122,3683,4168,519.0,4168,519
dd_w250,mcp4-n120-r16-08,650.1606321781874,3480.3334666666647,3480.3334666666647,0.0,12.966200158,637.1944320201874,631.0166746899998,608.3299362609997,389,380,1145,3816,4076,3626,4280,722.0,4280,722
dd_w250,mcp4-n120-r16-09,553.7986908840836,3623.0001000000007,3623.0001000000007,0.0,9.280156939,544.5185339450836,539.1150962409998,513.1727434450003,418,406,614,3798,4055,3608,4281,714.0,4281,714
dd_w250,mcp4-n120-r16-10,696.5508666974592,3788.000133333332,3788.1632632911396,4.306492926756886e-5,12.207495783,684.3433709144592,644.8208663719995,614.4036000440001,491,480,10126,3768,4022,3578,4326,794.0,4325,791
dd_w300,mcp4-n070-r08-01,66.50899712508509,4283.000133333335,4283.000133333335,0.0,3.370034141,63.13896298408508,55.180539259000014,43.97149274599999,146,138,659,3842,4194,3730,4182,487.0,4181,484
dd_w300,mcp4-n070-r08-02,138.58758146331348,4517.500150000004,4517.800100000001,6.639734145817289e-5,3.257173367,135.33040809631348,107.88380187200005,94.43451316299996,198,185,7858,3734,4092,3622,4129,570.0,4127,561
dd_w300,mcp4-n070-r08-03,125.26497648633337,3691.000200000002,3691.000200000002,0.0,3.331455454,121.93352103233337,90.24080613100004,75.77604549599998,213,202,7428,3818,4173,3706,4225,561.0,4224,559
dd_w300,mcp4-n070-r08-04,87.9705740075697,4690.000100000001,4690.000100000001,0.0,2.443772183,85.5268018245697,79.02366245900002,67.56121037300002,177,171,1114,3794,4147,3682,4168,519.0,4168,519
dd_w300,mcp4-n070-r08-05,80.23538961430981,3845.000100000002,3845.000100000002,0.0,3.658202553,76.57718706130981,66.718276978,54.36351774999998,163,154,1508,3940,4292,3828,4296,499.0,4296,499
dd_w300,mcp4-n070-r08-06,54.83221777564941,4825.0001499999935,4825.0001499999935,0.0,3.19786986,51.634347915649414,49.98496447400001,44.25406882199999,90,82,167,3888,4240,3776,4172,428.0,4172,428
dd_w300,mcp4-n070-r08-07,54.57633823854114,3732.000100000009,3732.000100000009,0.0,3.822707362,50.75363087654114,47.94339973300001,40.403262755000014,100,96,544,3902,4246,3790,4192,416.0,4192,416
dd_w300,mcp4-n070-r08-08,82.1599471432577,4167.000099999999,4167.000099999999,0.0,3.622421251,78.53752589225769,73.891335415,61.87967452999997,166,156,662,3903,4251,3791,4257,502.0,4257,502
dd_w300,mcp4-n070-r08-09,131.858659572687,4190.0001,4190.0001,0.0,3.227049656,128.631609916687,121.17515961000001,103.83185963599998,233,225,991,3922,4266,3810,4343,562.0,4343,562
dd_w300,mcp4-n070-r08-10,42.35717608470068,4291.000099999999,4291.000099999999,0.0,2.996093054,39.361083030700684,34.615801489999996,27.438420787,104,100,549,3769,4121,3657,4071,443.0,4071,443
dd_w300,mcp4-n070-r10-01,66.69530599977381,3716.0002000000013,3716.0002000000013,0.0,1.908255991,64.7870500087738,39.944330402999995,30.64522168299999,143,139,5706,3651,3989,3539,3996,511.0,3996,511
dd_w300,mcp4-n070-r10-02,45.79164081823169,3023.000149999999,3023.000149999999,0.0,2.527960837,43.26367998123169,40.238740873,32.75992182200001,111,103,533,3773,4106,3661,4077,441.0,4077,441
dd_w300,mcp4-n070-r10-03,81.88806981294226,3403.000100000001,3403.000100000001,0.0,2.683320944,79.20474886894226,70.33395625500002,56.37007608699999,205,194,1240,3784,4120,3672,4185,572.0,4183,564
dd_w300,mcp4-n070-r10-04,68.63003471802637,3412.250150000004,3412.2501500000035,0.0,1.724030766,66.90600395202637,38.83143095100001,30.496787122999994,137,131,8499,3602,3938,3490,3936,489.0,3936,489
dd_w300,mcp4-n070-r10-05,29.086875998006835,3104.0001000000007,3104.0001000000007,0.0,1.872530066,27.214345932006836,24.82471870399999,19.187154475,82,78,383,3762,4095,3650,4043,425.0,4042,423
dd_w300,mcp4-n070-r10-06,37.948070155786745,3933.0001999999995,3933.0001999999995,0.0,0.555238115,37.39283204078674,33.844867287,26.516200613000002,105,99,513,3702,4037,3590,4003,473.0,4003,473
dd_w300,mcp4-n070-r10-07,36.55676854644531,3412.0001000000016,3412.000100000001,0.0,1.381887565,35.17488098144531,32.469478791000014,25.364153990000002,101,97,502,3772,4111,3660,4076,451.0,4076,451
dd_w300,mcp4-n070-r10-08,18.957935321915283,3314.000150000002,3314.000150000002,0.0,1.558490265,17.399445056915283,16.064541258,12.853473029,52,49,145,3721,4051,3609,3967,381.0,3967,381
dd_w300,mcp4-n070-r10-09,59.947140243626464,3319.6668000000036,3319.6668000000036,0.0,2.924123314,57.023016929626465,44.991655927000004,36.01418610999999,131,123,1990,3689,4029,3577,4024,513.0,4022,508
dd_w300,mcp4-n070-r10-10,47.05455482454688,4003.500150000001,4003.500150000001,0.0,1.178364639,45.876190185546875,39.65020618599999,31.067398383000004,118,110,636,3871,4203,3759,4183,460.0,4183,460
dd_w300,mcp4-n070-r12-01,44.25227211998584,2717.0001800000045,2717.0001800000045,0.0,1.582435122,42.66983699798584,35.416508769,26.95805689300001,136,129,715,3706,4031,3594,4042,489.0,4042,489
dd_w300,mcp4-n070-r12-02,21.038072743335082,2701.3334666666674,2701.3334666666674,0.0,1.406433978,19.631638765335083,18.432091777,13.029069357999997,73,69,79,3800,4123,3688,4071,425.0,4071,425
dd_w300,mcp4-n070-r12-03,29.39139783877551,2729.000100000008,2729.000100000008,0.0,1.165995722,28.225402116775513,26.66432644400001,19.587660687000003,98,91,148,3772,4098,3660,4069,462.0,4068,460
dd_w300,mcp4-n070-r12-04,26.069542461601074,2555.000100000001,2555.000100000001,0.0,2.028493458,24.041049003601074,22.736722852,17.836996443000007,81,76,90,3560,3887,3448,3843,442.0,3843,442
dd_w300,mcp4-n070-r12-05,36.787079595616824,2196.000139999997,2196.000139999997,0.0,2.604250454,34.18282914161682,32.446357289999995,26.311536990000008,101,96,274,3628,3952,3516,3930,463.0,3930,463
dd_w300,mcp4-n070-r12-06,35.387870485554686,2249.000100000003,2249.000100000003,0.0,1.562751467,33.82511901855469,30.656666111,23.26134228300001,109,99,649,3660,3991,3548,3970,543.0,3969,534
dd_w300,mcp4-n070-r12-07,41.55455136543897,2338.500200000003,2338.500200000003,0.0,2.071451428,39.483099937438965,36.018774055000016,27.09037847200001,129,121,497,3737,4062,3625,4065,507.0,4062,496
dd_w300,mcp4-n070-r12-08,51.599026755207156,2860.333466666667,2860.333466666667,0.0,1.551263646,50.04776310920715,42.962061252000005,34.302758700000005,151,141,923,3559,3889,3447,3910,509.0,3908,503
dd_w300,mcp4-n070-r12-09,52.232166117497435,2674.0001,2674.0001,0.0,1.351608342,50.88055777549744,43.741249205,35.039262101,137,127,1519,3733,4058,3621,4063,480.0,4063,480
dd_w300,mcp4-n070-r12-10,27.74101094222705,2880.0001999999995,2880.0001999999995,0.0,1.291306772,26.44970417022705,23.428689091000003,17.979366109,86,82,542,3664,3985,3552,3946,429.0,3946,429
dd_w300,mcp4-n070-r14-01,31.314083585991334,2391.666799999999,2391.7648558823566,4.0998972916120595e-5,1.484141598,29.829941987991333,20.285755142999996,14.503725228999999,101,97,1794,3602,3921,3490,3907,502.0,3906,500
dd_w300,mcp4-n070-r14-02,29.729409922781738,1915.5001500000008,1915.5001500000008,0.0,1.257321109,28.47208881378174,26.310845164999993,18.79349596100001,114,107,347,3530,3854,3418,3849,499.0,3848,495
dd_w300,mcp4-n070-r14-03,19.488010056639894,2035.5715714285707,2035.5715714285705,0.0,0.895239957,18.592770099639893,17.28157456,13.985860753999996,75,70,215,3308,3643,3196,3600,508.0,3600,508
dd_w300,mcp4-n070-r14-04,11.257911807578857,2220.0001500000008,2220.0001500000008,0.0,0.487705833,10.770205974578857,9.601389208999999,6.8073512979999995,44,41,100,3670,3990,3558,3920,425.0,3919,423
dd_w300,mcp4-n070-r14-05,38.9803200853346,1797.5001499999998,1797.5001499999998,0.0,1.699371208,37.280948877334595,33.513923747999996,24.484928600999993,153,140,798,3464,3784,3352,3812,520.0,3812,520
dd_w300,mcp4-n070-r14-06,28.479775455177247,2060.0002000000027,2060.0002000000027,0.0,1.839502361,26.640273094177246,21.876262257,15.827135653999994,99,94,1118,3568,3884,3456,3869,462.0,3868,460
dd_w300,mcp4-n070-r14-07,27.724730640421264,2126.000100000001,2126.000100000001,0.0,0.977576643,26.747153997421265,25.152135218000005,18.75060552,111,104,180,3519,3841,3407,3832,513.0,3832,513
dd_w300,mcp4-n070-r14-08,26.55440657889734,1959.0001000000002,1959.0001000000002,0.0,1.288908656,25.26549792289734,23.235858025000006,17.388806631999998,92,86,402,3642,3954,3530,3928,463.0,3928,463
dd_w300,mcp4-n070-r14-09,32.543770184146,1995.0001000000002,1995.0001000000002,0.0,1.056634297,31.487135887145996,27.77020134699998,21.116366967,118,109,755,3585,3913,3473,3913,562.0,3913,562
dd_w300,mcp4-n070-r14-10,21.612522357089478,2080.0001,2080.0001,0.0,1.581022256,20.031500101089478,18.64616892900001,13.866410556000003,82,74,206,3488,3811,3376,3773,468.0,3773,468
dd_w300,mcp4-n070-r16-01,23.391741690289184,2000.000100000004,2000.000100000004,0.0,0.637061772,22.754679918289185,20.011495746,14.416128608999998,91,84,560,3572,3887,3460,3867,483.0,3865,472
dd_w300,mcp4-n070-r16-02,25.96673693279077,1713.0001000000022,1713.0001000000022,0.0,0.489307066,25.47742986679077,21.177453443000008,14.875686525999999,105,99,864,3545,3855,3433,3849,463.0,3848,459
dd_w300,mcp4-n070-r16-03,26.487447959948607,1780.000133333336,1780.000133333336,0.0,0.967871172,25.51957678794861,23.039835204,17.19007098099999,109,98,490,3446,3760,3334,3753,471.0,3753,471
dd_w300,mcp4-n070-r16-04,29.971114338781007,2174.0001499999967,2174.0001499999967,0.0,0.853185357,29.117928981781006,18.622493336999998,13.354260637000001,99,95,2415,3455,3776,3343,3769,491.0,3767,486
dd_w300,mcp4-n070-r16-05,17.688887320492555,1872.000100000007,1872.000100000007,0.0,0.8757753,16.813112020492554,15.300195412,10.557704996999998,81,75,221,3612,3921,3500,3894,457.0,3893,446
dd_w300,mcp4-n070-r16-06,32.365828953750366,1821.2501249999996,1821.2501249999996,0.0,0.949002944,31.416826009750366,22.101096276000007,17.101342052,103,94,2313,3456,3779,3344,3769,557.0,3768,542
dd_w300,mcp4-n070-r16-07,26.434001519917846,1802.5001499999994,1802.5001499999994,0.0,1.599684551,24.834316968917847,21.259074046000002,15.62264586,106,101,880,3480,3807,3368,3803,529.0,3802,526
dd_w300,mcp4-n070-r16-08,15.533994901671143,1836.0001000000016,1836.0001000000016,0.0,1.073243845,14.460751056671143,13.667322447999998,9.803277498,60,57,46,3540,3855,3428,3807,426.0,3807,426
dd_w300,mcp4-n070-r16-09,21.63578577412268,1988.0001000000002,1988.0001000000002,0.0,1.108935789,20.52684998512268,19.091787656999998,14.086455840999994,86,81,157,3572,3890,3460,3867,474.0,3867,474
dd_w300,mcp4-n070-r16-10,25.002571354769408,1810.0001666666658,1810.0001666666658,0.0,0.682277213,24.32029414176941,22.055860215,15.019119237000005,110,103,384,3532,3847,3420,3843,481.0,3843,481
dd_w300,mcp4-n080-r08-01,321.01061905508726,4810.833483333339,4811.0400999999965,4.294820583025494e-5,5.176364075,315.8342549800873,222.118820333,177.036695351,320,313,17133,4563,4919,4435,5063,669.0,5063,669
dd_w300,mcp4-n080-r08-02,212.18235488112916,5122.000300000012,5122.000300000012,0.0,4.682692005,207.49966287612915,176.7395743029998,137.7129970100001,268,264,4787,4512,4865,4384,4959,598.0,4959,598
dd_w300,mcp4-n080-r08-03,335.1364670138467,6000.000100000012,6000.000100000012,0.0,4.803873096,330.3325939178467,264.226053727,227.42612635799992,266,259,19114,4496,4847,4368,4934,589.0,4934,589
dd_w300,mcp4-n080-r08-04,139.00265690970483,5927.111266666665,5927.111266666665,0.0,4.195866081,134.80679082870483,131.80595956200008,114.88434616000002,128,122,252,4454,4805,4326,4757,450.0,4757,450
dd_w300,mcp4-n080-r08-05,141.4542402085166,5400.000100000003,5400.5001,9.259259087740966e-5,5.586448079,135.8677921295166,132.077897158,109.20612026299997,169,163,353,4483,4837,4355,4829,499.0,4829,499
dd_w300,mcp4-n080-r08-06,277.86491380731945,4848.000200000002,4848.000200000002,0.0,5.150663958,272.71424984931946,207.29345421100015,167.63655611300013,300,294,19871,4439,4793,4311,4915,632.0,4915,632
dd_w300,mcp4-n080-r08-07,62.822785473876095,4926.000149999994,4926.000149999994,0.0,4.874797679,57.9479877948761,56.218798613000004,49.08892430299999,53,50,156,4496,4850,4368,4728,381.0,4728,381
dd_w300,mcp4-n080-r08-08,229.151715537411,5168.000100000005,5168.110100000003,2.1284829309088732e-5,5.306158563,223.845556974411,217.91246417300007,184.30378083799988,247,237,593,4469,4832,4341,4898,605.0,4898,605
dd_w300,mcp4-n080-r08-09,287.0777581465337,5038.500150000001,5038.868922992637,7.319102543560863e-5,5.926054312,281.1517038345337,266.708946262,228.4128711270001,289,282,1786,4473,4831,4345,4942,644.0,4941,641
dd_w300,mcp4-n080-r08-10,358.95994454035207,4610.000100000001,4610.000200000003,2.1691973937540914e-8,6.102769667,352.85717487335205,333.64106735200016,288.115172505,319,308,4416,4542,4888,4414,5025,618.0,5025,618
dd_w300,mcp4-n080-r10-01,97.75027809512842,3691.00015,3691.00015,0.0,3.903603176,93.84667491912842,89.32285240100005,74.40716031500001,156,152,696,4404,4738,4276,4740,489.0,4740,489
dd_w300,mcp4-n080-r10-02,97.06878538651183,3995.250149999997,3995.4254283709315,4.387168871876349e-5,4.00889154,93.05989384651184,89.28090157399998,71.35434222399999,179,173,381,4390,4733,4262,4755,535.0,4754,532
dd_w300,mcp4-n080-r10-03,130.48897593065294,4124.000099999999,4124.000099999999,0.0,3.773063827,126.71591210365295,121.41364630699998,97.42329751199999,234,226,521,4436,4769,4308,4846,567.0,4846,567
dd_w300,mcp4-n080-r10-04,107.35811933805762,4292.0001999999995,4292.0001999999995,0.0,2.785306304,104.57281303405762,101.79844245100003,86.47559614499998,140,133,223,4453,4791,4325,4772,506.0,4772,506
dd_w300,mcp4-n080-r10-05,142.05264168829504,3823.0002000000004,3823.0002000000004,0.0,4.066245614,137.98639607429504,117.25940995800003,100.09438643999994,173,164,2817,4428,4769,4300,4783,527.0,4782,524
dd_w300,mcp4-n080-r10-06,76.18424229916907,4038.0001000000016,4038.0001000000016,0.0,3.691462329,72.49277997016907,68.80674654500001,53.29079007099998,144,140,634,4385,4723,4257,4716,498.0,4716,498
dd_w300,mcp4-n080-r10-07,59.15634673034766,3943.0000999999997,3943.0000999999997,0.0,3.094052724,56.062294006347656,53.980370506,43.238407245,111,103,187,4449,4792,4321,4744,483.0,4744,483
dd_w300,mcp4-n080-r10-08,27.138338838768433,4339.000100000001,4339.000100000001,0.0,3.431533848,23.706804990768433,22.544162036999996,17.913387648,50,47,72,4423,4762,4295,4657,395.0,4657,395
dd_w300,mcp4-n080-r10-09,129.23689915481958,3860.0001,3860.0001,0.0,4.322672146,124.91422700881958,113.82860573500002,94.15830403900001,187,181,1227,4413,4747,4285,4778,523.0,4778,523
dd_w300,mcp4-n080-r10-10,95.72163643562952,4385.500150000002,4385.500150000002,0.0,3.534151456,92.18748497962952,85.81771704900001,71.87663432,129,124,674,4505,4837,4377,4811,453.0,4811,453
dd_w300,mcp4-n080-r12-01,21.186690090727417,3733.0001,3733.0001,0.0,1.492523192,19.694166898727417,18.687929426,15.453355023999999,33,31,37,4304,4626,4176,4518,362.0,4518,362
dd_w300,mcp4-n080-r12-02,112.15675279001867,3525.500149999997,3525.500149999997,0.0,2.371770824,109.78498196601868,87.68514784199996,66.46288090699997,231,228,3616,4247,4578,4119,4672,643.0,4672,643
dd_w300,mcp4-n080-r12-03,81.84505079217078,3056.0001,3056.0001,0.0,2.964699964,78.88035082817078,68.51722610499999,51.24211392,169,163,781,4349,4679,4221,4706,556.0,4706,556
dd_w300,mcp4-n080-r12-04,99.31594565401538,3247.000199999999,3247.000199999999,0.0,2.118823557,97.19712209701538,61.576138598,46.35543673200004,152,149,7318,4388,4707,4260,4718,479.0,4718,479
dd_w300,mcp4-n080-r12-05,134.42775551516613,3280.0001,3280.0001,0.0,2.939505498,131.48825001716614,127.90961876399997,102.62209829700002,268,254,394,4320,4647,4192,4763,608.0,4763,608
dd_w300,mcp4-n080-r12-06,83.62689176318982,3081.3334666666724,3081.3334666666724,0.0,2.343072803,81.28381896018982,54.57382038399998,40.66161225800002,139,136,5686,4341,4675,4213,4674,535.0,4674,535
dd_w300,mcp4-n080-r12-07,109.97829877507507,2996.0002000000004,2996.0002000000004,0.0,2.90933787,107.06896090507507,84.35985836900004,65.59121573100002,182,174,4465,4350,4685,4222,4720,587.0,4720,587
dd_w300,mcp4-n080-r12-08,108.40983447774401,2750.0001,2750.0001,0.0,3.903539512,104.50629496574402,91.87677683599999,71.96809966099998,210,200,1487,4361,4687,4233,4752,583.0,4751,579
dd_w300,mcp4-n080-r12-09,30.626474795626343,3034.0001,3034.0001,0.0,2.120817838,28.505656957626343,27.212997507999994,20.91011355599999,69,64,96,4324,4660,4196,4587,436.0,4586,432
dd_w300,mcp4-n080-r12-10,93.36558194024744,3249.0001000000075,3249.0001000000075,0.0,2.837074946,90.52850699424744,65.61771374499996,51.16067418100001,150,146,6229,4316,4641,4188,4650,499.0,4650,499
dd_w300,mcp4-n080-r14-01,48.18978905577942,2692.0001,2692.0001,0.0,1.975274085,46.21451497077942,44.445718576999994,35.239236971,105,99,194,4215,4544,4087,4514,516.0,4514,516
dd_w300,mcp4-n080-r14-02,54.02255258110425,2471.000200000001,2471.000200000001,0.0,2.038933368,51.98361921310425,48.41771146900001,36.383214578,128,119,583,4225,4552,4097,4541,515.0,4541,515
dd_w300,mcp4-n080-r14-03,65.08216943539404,2417.50015,2417.50015,0.0,1.741445444,63.34072399139404,56.66540605800002,44.053817575999986,159,152,1184,4145,4465,4017,4491,521.0,4490,517
dd_w300,mcp4-n080-r14-04,89.18592671106299,2289.0000999999993,2289.0000999999993,0.0,1.939118659,87.24680805206299,77.61979855100003,62.590387460999985,186,174,1198,4149,4466,4021,4514,548.0,4512,539
dd_w300,mcp4-n080-r14-05,49.8034742500481,2817.0001000000075,2817.0001000000075,0.0,1.494895282,48.308578968048096,45.137816973,34.119431481999996,132,125,422,4151,4481,4023,4479,525.0,4478,520
dd_w300,mcp4-n080-r14-06,99.99710563176208,2750.5001500000017,2750.5001500000017,0.0,1.575831685,98.42127394676208,85.495203212,65.11293367700002,228,215,2080,4250,4565,4122,4655,573.0,4655,573
dd_w300,mcp4-n080-r14-07,37.917290179304196,2926.000100000001,2926.000100000001,0.0,1.457021205,36.4602689743042,34.397901663000006,24.915493332999997,103,97,288,4216,4541,4088,4512,506.0,4510,501
dd_w300,mcp4-n080-r14-08,65.64638820494262,2455.5001499999994,2455.5001499999994,0.0,1.71377817,63.93261003494263,60.495928026,45.964523333,168,161,549,4234,4552,4106,4584,512.0,4584,512
dd_w300,mcp4-n080-r14-09,50.75374501745215,2462.5001500000017,2462.5001500000017,0.0,2.065689979,48.68805503845215,43.59961198100002,31.784339792999997,141,135,820,4179,4508,4051,4516,568.0,4516,568
dd_w300,mcp4-n080-r14-10,51.06852197914551,2858.000133333332,2858.000133333332,0.0,1.012154105,50.05636787414551,45.739641870000014,35.411259869999995,135,128,693,4018,4344,3890,4344,539.0,4343,530
dd_w300,mcp4-n080-r16-01,37.69303743587109,2328.000100000001,2328.000100000001,0.0,1.220480368,36.472557067871094,35.185525811000005,25.54101374099999,110,104,61,4098,4419,3970,4406,551.0,4405,547
dd_w300,mcp4-n080-r16-02,51.218999519204836,2142.5001499999994,2142.5001499999994,0.0,1.526466503,49.692533016204834,45.39523340100002,34.613481828999994,130,122,711,4065,4371,3937,4374,473.0,4373,471
dd_w300,mcp4-n080-r16-03,43.12785452648633,1936.500149999999,1936.500149999999,0.0,1.176663578,41.95119094848633,40.13457733299999,29.528262764000008,132,123,221,4191,4509,4063,4512,502.0,4511,499
dd_w300,mcp4-n080-r16-04,93.378187278349,2156.7501500000008,2156.7501500000008,0.0,0.79290233,92.585284948349,53.19233604499999,35.763389646000014,197,192,9314,4124,4436,3996,4509,587.0,4507,582
dd_w300,mcp4-n080-r16-05,29.632837180043335,2229.0000999999997,2229.0000999999997,0.0,1.82942212,27.803415060043335,26.397780839999992,19.42385459500001,80,74,102,4169,4491,4041,4446,486.0,4445,484
dd_w300,mcp4-n080-r16-06,18.107973942900756,2299.0000999999997,2299.0000999999997,0.0,1.356396804,16.751577138900757,15.624123663000008,11.787995134000003,51,45,40,4101,4420,3973,4345,456.0,4345,456
dd_w300,mcp4-n080-r16-07,61.81978335367139,2319.6668333333364,2319.6668333333364,0.0,1.685640478,60.13414287567139,46.57941228100001,33.82351937599999,149,144,3462,4100,4420,3972,4444,558.0,4443,551
dd_w300,mcp4-n080-r16-08,19.890952417395386,1812.0001000000009,1812.0001000000009,0.0,1.603409359,18.287543058395386,16.689181506999997,12.055063579999995,55,49,84,4088,4399,3960,4327,418.0,4326,416
dd_w300,mcp4-n080-r16-09,8.587727314748536,1992.000100000001,1992.000100000001,0.0,1.860988385,6.726738929748535,5.728024916,4.3552763379999995,18,15,53,4163,4480,4035,4373,410.0,4373,410
dd_w300,mcp4-n080-r16-10,45.22887223652393,1627.0001000000004,1627.0001000000004,0.0,1.624169287,43.604702949523926,40.22809340900001,27.969240479000007,148,138,329,4132,4448,4004,4465,560.0,4464,556
dd_w300,mcp4-n090-r08-01,619.1012828220929,6051.333466666671,6051.36216896552,4.743136204221921e-6,8.33956288,610.7617199420929,471.207585002,445.70595905199997,295,288,39278,4159,4516,4015,4610,613.0,4610,613
dd_w300,mcp4-n090-r08-02,144.46337795024218,6350.000099999999,6350.000099999999,0.0,7.046584127,137.4167938232422,134.88774357600002,123.52287478299998,133,127,239,4068,4433,3924,4366,474.0,4366,474
dd_w300,mcp4-n090-r08-03,805.6232703001946,6544.4001199999975,6544.736145403603,5.134548582661584e-5,8.082334307,797.5409359931946,725.9789063820009,688.6238808130003,448,435,19176,4129,4484,3985,4727,764.0,4727,764
dd_w300,mcp4-n090-r08-04,756.8943922755847,5604.000200000004,5604.554198056054,9.885760818669302e-5,8.67567327,748.2187190055847,628.1827157529999,592.3654986320001,426,416,44237,4102,4457,3958,4680,734.0,4680,734
dd_w300,mcp4-n090-r08-05,752.0940182141322,5733.500150000012,5733.500150000011,0.0,9.244340413,742.8496778011322,722.7314383700003,686.9409189369998,437,426,2597,4055,4411,3911,4645,750.0,4645,750
dd_w300,mcp4-n090-r08-06,730.7643884489456,6854.833483333328,6855.166816666667,4.8627488056266503e-5,9.229810364,721.5345780849457,694.0737963470001,664.283559568,389,376,5104,4084,4441,3940,4625,711.0,4625,711
dd_w300,mcp4-n090-r08-07,303.3647932902814,6628.5001500000035,6628.810917694041,4.688356143993862e-5,7.730917205,295.6338760852814,291.60295275999994,277.320328585,180,175,702,4037,4394,3893,4378,505.0,4377,503
dd_w300,mcp4-n090-r08-08,1086.9485798666701,5870.000149999996,5870.323629411757,5.510722376398453e-5,9.302489836,1077.6460900306702,646.7438593050007,607.6608618490004,456,453,114359,4116,4474,3972,4737,792.0,4734,784
dd_w300,mcp4-n090-r08-09,590.8007887764547,5690.500150000002,5690.600100000005,1.7564361193004427e-5,8.367314951,582.4334738254547,550.56819246,516.2151323410008,426,420,7015,4102,4464,3958,4691,757.0,4691,757
dd_w300,mcp4-n090-r08-10,426.36096340454117,6615.000100000002,6615.42867142857,6.478781890992268e-5,9.185457528,417.17550587654114,412.9834736279997,393.31003953000015,225,219,378,4112,4468,3968,4494,538.0,4493,536
dd_w300,mcp4-n090-r10-01,369.2279558882434,5127.500150000003,5127.500150000003,0.0,6.770374845,362.4575810432434,329.0396388819999,303.628562486,325,317,8426,3980,4322,3836,4469,658.0,4469,658
dd_w300,mcp4-n090-r10-02,258.89125893278197,4945.000200000002,4945.000200000002,0.0,6.052418925,252.83884000778198,242.48288146500008,215.9987724060001,308,301,1039,4104,4439,3960,4570,636.0,4570,636
dd_w300,mcp4-n090-r10-03,259.51021746177366,4279.0000999999975,4279.138031034484,3.223440786702203e-5,7.349902425,252.16031503677368,243.2328429339999,227.33365281599976,206,202,903,4016,4359,3872,4392,598.0,4390,588
dd_w300,mcp4-n090-r10-04,214.3434703550404,4416.0001,4416.0001,0.0,6.655913373,207.6875569820404,199.61008163699992,183.33537190599986,201,194,901,4018,4354,3874,4377,533.0,4377,533
dd_w300,mcp4-n090-r10-05,379.02266202013857,4297.000100000001,4297.000100000001,0.0,7.571046925,371.45161509513855,355.8137862789999,332.39408010400007,297,283,2841,3998,4335,3854,4448,612.0,4448,612
dd_w300,mcp4-n090-r10-06,541.0908659778731,4412.000200000002,4412.000200000002,0.0,7.034126886,534.0567390918732,494.98702866299976,467.8536869040002,362,351,11787,3999,4336,3855,4518,699.0,4518,699
dd_w300,mcp4-n090-r10-07,202.49218001385768,4309.000100000002,4309.000100000002,0.0,6.245626116,196.24655389785767,183.6927366049999,166.56038853399997,219,214,1980,3957,4296,3813,4339,563.0,4339,563
dd_w300,mcp4-n090-r10-08,164.55828318191004,4828.000133333342,4828.000133333342,0.0,4.911176296,159.64710688591003,136.94792167499998,123.55386476200003,165,160,4780,4038,4377,3894,4367,508.0,4367,508
dd_w300,mcp4-n090-r10-09,216.7553395304723,5061.0001,5061.0001,0.0,5.913826612,210.8415129184723,207.16068700899996,191.86122089800006,200,193,544,4028,4370,3884,4393,539.0,4393,539
dd_w300,mcp4-n090-r10-10,332.7689560817272,4562.400140000002,4562.508896816217,2.3837632140622758e-5,6.357556002,326.4114000797272,267.48325596699993,247.14390910900002,261,256,15576,4066,4407,3922,4493,602.0,4493,602
dd_w300,mcp4-n090-r12-01,221.40508322840233,3706.4001399999975,3706.4001399999975,0.0,4.682709266,216.72237396240234,188.7384315629998,166.250428491,309,306,6127,3904,4230,3760,4381,662.0,4381,662
dd_w300,mcp4-n090-r12-02,184.16036058713817,3871.0001500000017,3871.0001500000017,0.0,4.465903533,179.69445705413818,167.0468293529999,149.63079132199994,226,216,1480,3852,4180,3708,4240,570.0,4240,570
dd_w300,mcp4-n090-r12-03,196.61626763328272,3755.0001,3755.0001,0.0,5.148853731,191.46741390228271,181.15974452999993,160.142858419,290,284,1693,3866,4190,3722,4321,627.0,4321,627
dd_w300,mcp4-n090-r12-04,173.6714338613843,3608.0001500000017,3608.0001500000017,0.0,5.287867005,168.38356685638428,156.94260061200006,137.93765177599994,246,243,2131,3943,4262,3799,4353,576.0,4353,576
dd_w300,mcp4-n090-r12-05,127.61529398869604,3550.0001,3550.0001,0.0,5.007639894,122.60765409469604,116.678493682,104.17083869799995,179,173,651,3878,4206,3734,4223,549.0,4223,549
dd_w300,mcp4-n090-r12-06,158.96838773042785,3339.000200000001,3339.000200000001,0.0,4.885357745,154.08302998542786,150.91153647,133.181810372,233,223,337,3954,4282,3810,4353,595.0,4352,592
dd_w300,mcp4-n090-r12-07,149.38509923336244,3782.5001499999926,3782.5001499999926,0.0,3.999592365,145.38550686836243,141.76591070799995,125.47981215199994,210,200,625,4005,4336,3861,4380,560.0,4380,560
dd_w300,mcp4-n090-r12-08,205.32902397771826,3672.000100000002,3672.000100000002,0.0,6.016933104,199.31209087371826,178.8159443669999,157.60019337100005,281,273,5025,3956,4279,3812,4399,629.0,4399,629
dd_w300,mcp4-n090-r12-09,84.92268568560242,4184.0001000000075,4184.0001000000075,0.0,3.251223865,81.67146182060242,79.71141574800001,69.702955873,131,125,188,3947,4272,3803,4242,474.0,4242,474
dd_w300,mcp4-n090-r12-10,125.31282929973571,3350.3334666666633,3350.5828150979905,7.44249591296111e-5,5.172559305,120.14026999473572,104.41329736099993,92.74460894499998,158,154,2769,3909,4234,3765,4235,513.0,4235,513
dd_w300,mcp4-n090-r14-01,78.81878614228272,3413.0001000000198,3413.0001000000198,0.0,2.771294115,76.04749202728271,72.82706414299999,61.57294895400001,157,150,526,3961,4280,3817,4287,537.0,4286,532
dd_w300,mcp4-n090-r14-02,91.37829587718909,3182.000149999999,3182.000149999999,0.0,3.354886749,88.02340912818909,86.11988668200003,77.80963250899998,131,126,288,3798,4113,3654,4095,475.0,4095,472
dd_w300,mcp4-n090-r14-03,111.5699280905918,3149.0002000000004,3149.0002000000004,0.0,3.881440084,107.6884880065918,105.34762242699998,92.72966964599998,182,177,336,3878,4188,3734,4222,508.0,4222,508
dd_w300,mcp4-n090-r14-04,99.30213019305029,3646.000100000003,3646.000100000003,0.0,3.001384229,96.3007459640503,93.89672214699998,79.20873520300005,198,189,295,3711,4028,3567,4073,554.0,4073,554
dd_w300,mcp4-n090-r14-05,43.16480661636304,3044.0001000000007,3044.0001000000007,0.0,3.846796763,39.31800985336304,37.49317857,31.876643194000003,76,73,233,3872,4185,3728,4113,409.0,4113,409
dd_w300,mcp4-n090-r14-06,60.07817604783728,3399.3334666666683,3399.3334666666683,0.0,3.506128099,56.57204794883728,54.65150283900001,48.477077025000014,94,90,298,3888,4205,3744,4149,440.0,4149,440
dd_w300,mcp4-n090-r14-07,164.01625771299842,2659.6668333333323,2659.6668333333323,0.0,3.357171724,160.6590859889984,146.788407165,125.81809564699999,282,272,2125,3858,4173,3714,4304,630.0,4303,622
dd_w300,mcp4-n090-r14-08,180.65820506241053,2623.5001333333353,2623.5001333333357,0.0,4.272712976,176.38549208641052,161.67143678000005,138.04009491100004,305,295,2005,3964,4283,3820,4436,669.0,4436,669
dd_w300,mcp4-n090-r14-09,129.72765047096388,2984.0002000000004,2984.0002000000004,0.0,4.026358433,125.70129203796387,121.05457152399995,104.09315377800003,222,212,862,3909,4229,3765,4295,579.0,4295,579
dd_w300,mcp4-n090-r14-10,107.60725387724585,2664.000100000001,2664.000100000001,0.0,3.577864019,104.02938985824585,89.32011052899999,74.70932619399997,209,201,3242,3813,4136,3669,4196,608.0,4194,600
dd_w300,mcp4-n090-r16-01,150.95978360691382,2082.333466666667,2082.333466666667,0.0,3.397564464,147.56221914291382,102.941541798,83.76324690400001,233,225,9175,3856,4164,3712,4254,602.0,4252,598
dd_w300,mcp4-n090-r16-02,106.74375655601001,2594.0001500000003,2594.0001500000003,0.0,3.095629477,103.64812707901001,90.49109400500005,73.48052817300007,245,239,3014,3785,4099,3641,4202,618.0,4200,614
dd_w300,mcp4-n090-r16-03,71.18435068228149,2573.3334666666665,2573.3334666666665,0.0,3.09756775,68.0867829322815,63.59520810499996,52.44979991500003,163,159,682,3815,4135,3671,4158,574.0,4158,574
dd_w300,mcp4-n090-r16-04,103.32073923377466,2174.000140000002,2174.000140000002,0.0,3.302794421,100.01794481277466,79.62686176600002,68.89322701499998,160,152,4768,3810,4121,3666,4135,544.0,4135,544
dd_w300,mcp4-n090-r16-05,29.83996448456189,2710.0001500000035,2710.0001500000035,0.0,2.402716493,27.43724799156189,26.439296882000004,21.918729417000005,66,63,59,3734,4048,3590,3975,452.0,3974,448
dd_w300,mcp4-n090-r16-06,72.38524258261963,2677.0001000000043,2677.0001000000043,0.0,3.310946585,69.07429599761963,66.91710943600003,56.063799347999996,163,157,241,3834,4147,3690,4168,533.0,4167,531
dd_w300,mcp4-n090-r16-07,56.14193879554199,2343.00015,2343.00015,0.0,2.35858499,53.78335380554199,52.246392568,42.83243081,137,134,163,3816,4126,3672,4127,501.0,4125,497
dd_w300,mcp4-n090-r16-08,35.32620225923999,2537.0001,2537.0001,0.0,1.991419182,33.33478307723999,32.22675604999999,26.438325925999994,90,87,80,3785,4102,3641,4052,454.0,4051,452
dd_w300,mcp4-n090-r16-09,89.38832223450622,2431.000200000001,2431.000200000001,0.0,3.613315225,85.77500700950623,56.85412308799998,47.01544992600002,147,143,9132,3840,4157,3696,4163,534.0,4163,534
dd_w300,mcp4-n090-r16-10,100.87575777747973,2754.000100000001,2754.000100000001,0.0,2.182317817,98.69343996047974,95.80779020000003,79.906203072,220,212,389,3754,4063,3610,4141,573.0,4141,573
dd_w300,mcp4-n100-r08-01,1628.8060389749392,6727.000200000002,6727.045604545452,6.749597755304881e-6,12.204993128,1616.601045846939,1419.3343670139996,1333.8449183919988,739,735,43146,4699,5057,4539,5580,1055.0,5579,1052
dd_w300,mcp4-n100-r08-02,1325.3739438477194,7489.764852941178,7489.764852941178,0.0,10.444893879,1314.9290499687195,1267.0674509010003,1213.5959930129995,474,465,8074,4619,4979,4459,5233,808.0,5232,804
dd_w300,mcp4-n100-r08-03,1851.2909526635694,7652.50015,7653.193086785207,9.055037852004046e-5,11.52130888,1839.7696437835693,1748.806123626,1679.767165813999,630,617,17329,4617,4976,4457,5383,939.0,5383,939
dd_w300,mcp4-n100-r08-04,653.6935218359616,6973.666800000003,6973.666800000003,0.0,11.281271794,642.4122500419617,568.9474133219999,527.7634877129999,367,359,20198,4688,5049,4528,5195,689.0,5194,687
dd_w300,mcp4-n100-r08-05,810.701084126531,7837.000100000001,7837.000100000001,0.0,10.282862176,800.418221950531,795.1327802809996,760.1366469480002,328,321,621,4637,4997,4477,5104,646.0,5104,646
dd_w300,mcp4-n100-r08-06,2036.8643090283035,6773.40014,6774.065311100023,9.820342608950672e-5,14.006464914,2022.8578441143036,1677.172821215,1615.1481923569988,549,541,81204,4667,5030,4507,5362,885.0,5361,881
dd_w300,mcp4-n100-r08-07,1353.3152412791069,7155.000150000001,7155.714385714294,9.982329829761835e-5,14.475093307,1338.840147972107,1255.4854331949996,1203.9523039349995,488,479,15474,4640,5005,4480,5275,827.0,5275,827
dd_w300,mcp4-n100-r08-08,2515.784271443702,7455.000166666665,7455.000166666665,0.0,12.63999554,2503.144275903702,1660.7012545570003,1554.0567089319984,949,945,153724,4627,4987,4467,5718,1261.0,5718,1261
dd_w300,mcp4-n100-r08-09,160.2170985250863,8006.000100000002,8006.000100000002,0.0,11.496332696,148.7207658290863,146.446700626,142.194718002,43,40,150,4610,4972,4450,4797,363.0,4797,363
dd_w300,mcp4-n100-r08-10,759.4488386993067,7545.000100000001,7545.000100000001,0.0,11.143541563,748.3052971363068,744.8294679459998,721.9334588680002,224,217,280,4540,4904,4380,4908,545.0,4908,545
dd_w300,mcp4-n100-r10-01,568.986235875324,5748.000100000002,5748.000100000002,0.0,9.12402584,559.8622100353241,552.6751700899999,521.2564804300002,315,306,1101,4512,4851,4352,4970,646.0,4970,646
dd_w300,mcp4-n100-r10-02,822.2196862445019,5565.500149999995,5565.857671467679,6.423887486265001e-5,8.897763227,813.3219230175018,713.9515474660006,662.1149468409999,488,476,19736,4505,4849,4345,5137,818.0,5137,818
dd_w300,mcp4-n100-r10-03,675.6294741769445,5742.0002,5742.0002,0.0,8.647620215,666.9818539619446,644.7174589129995,594.1695438390001,468,460,2534,4565,4906,4405,5177,796.0,5177,796
dd_w300,mcp4-n100-r10-04,499.13224731718276,5337.000100000001,5337.272897851008,5.111445491757514e-5,8.878744233,490.25350308418274,396.8224533240003,362.697532088,317,310,22514,4570,4915,4410,5037,664.0,5037,664
dd_w300,mcp4-n100-r10-05,676.1678043514711,5641.600120000001,5641.600120000001,0.0,8.564344278,667.6034600734711,636.236021008,582.1297327050003,483,471,3123,4629,4970,4469,5255,825.0,5254,820
dd_w300,mcp4-n100-r10-06,563.0810634022025,4740.28585714286,4740.285857142861,0.0,9.009385479,554.0716779232025,536.9910998939998,489.83435350600007,425,415,2035,4637,4971,4477,5197,733.0,5197,733
dd_w300,mcp4-n100-r10-07,473.91018117329287,4962.000100000003,4962.000100000003,0.0,9.19915522,464.71102595329285,449.2267458000001,418.646410351,281,273,1771,4579,4924,4419,5012,636.0,5010,631
dd_w300,mcp4-n100-r10-08,724.4816180642308,5207.200239999999,5207.200239999999,0.0,10.515239137,713.9663789272308,708.6567517240006,670.7723145470005,366,359,635,4574,4909,4414,5080,689.0,5080,689
dd_w300,mcp4-n100-r10-09,1037.0785961700642,5493.0002,5493.0002,0.0,9.656235273,1027.4223608970642,881.9530126579999,823.4164702079992,539,528,30820,4547,4885,4387,5224,869.0,5224,869
dd_w300,mcp4-n100-r10-10,578.3069647668254,5179.000100000007,5179.000100000007,0.0,7.977427852,570.3295369148254,564.073389973,518.6868645220004,423,412,715,4595,4935,4435,5158,747.0,5158,747
dd_w300,mcp4-n100-r12-01,93.98356830184045,4715.0000999999975,4715.0000999999975,0.0,6.165239206,87.81832909584045,86.03577628499998,76.383601173,89,85,97,4516,4841,4356,4753,417.0,4753,417
dd_w300,mcp4-n100-r12-02,230.61285285891444,4416.750150000002,4416.750150000002,0.0,8.338833856,222.27401900291443,218.6023279700001,202.81213890799998,160,154,391,4523,4864,4363,4845,538.0,4845,538
dd_w300,mcp4-n100-r12-03,482.4938708081083,4371.000100000001,4371.000100000001,0.0,6.472528769,476.0213420391083,456.76411947099996,416.9192651420001,409,398,4099,4441,4758,4281,4983,711.0,4983,711
dd_w300,mcp4-n100-r12-04,461.0164653713406,4026.0001000000075,4026.0002000000004,2.4838547054758846e-8,8.627065366,452.3894000053406,428.46462603599986,383.82406066399994,440,433,3513,4540,4867,4380,5132,798.0,5130,792
dd_w300,mcp4-n100-r12-05,250.6058118162334,4321.0001,4321.0001,0.0,7.108857852,243.4969539642334,238.4721556279999,210.92358069799988,269,263,646,4548,4867,4388,4960,600.0,4960,600
dd_w300,mcp4-n100-r12-06,373.74415309413706,4808.0001,4808.0001,0.0,7.020388913,366.7237641811371,341.984550125,304.9804120409998,388,376,3888,4459,4788,4299,4992,740.0,4992,739
dd_w300,mcp4-n100-r12-07,368.41172540873583,4274.0002,4274.0002,0.0,6.597845442,361.81387996673584,326.501702846,284.9634295719999,383,377,5321,4621,4941,4461,5146,708.0,5146,708
dd_w300,mcp4-n100-r12-08,582.9786747822408,4097.000133333329,4097.000133333329,0.0,6.600278748,576.3783960342407,409.33287987999984,372.911976102,366,357,41927,4440,4768,4280,4953,702.0,4953,702
dd_w300,mcp4-n100-r12-09,102.13811317392273,4716.000100000002,4716.000100000002,0.0,8.5605692,93.57754397392273,91.72516891200004,84.46966047400001,82,78,176,4378,4703,4218,4608,426.0,4607,423
dd_w300,mcp4-n100-r12-10,161.18254205348327,3990.0001,3990.0001,0.0,6.442694155,154.73984789848328,152.1729670160001,133.16429102,192,185,274,4483,4810,4323,4823,537.0,4823,537
dd_w300,mcp4-n100-r14-01,218.67337167277967,3127.0001,3127.0001,0.0,7.721011758,210.95235991477966,206.61342564799995,183.464864706,250,236,612,4359,4680,4199,4756,603.0,4756,603
dd_w300,mcp4-n100-r14-02,159.63342113594385,3279.000100000001,3279.000100000001,0.0,6.771352006,152.86206912994385,147.428336144,131.04584073200002,163,158,688,4451,4768,4291,4765,505.0,4764,503
dd_w300,mcp4-n100-r14-03,84.01681817360999,3916.0001,3916.0001,0.0,5.911616214,78.10520195960999,76.58860167999997,66.864751191,102,97,124,4391,4705,4231,4641,440.0,4641,440
dd_w300,mcp4-n100-r14-04,180.20250773628956,3715.0000999999993,3715.0000999999993,0.0,3.985591652,176.21691608428955,172.295649849,151.3503312830001,204,197,647,4451,4760,4291,4795,523.0,4795,523
dd_w300,mcp4-n100-r14-05,98.77892512448841,3551.000100000001,3551.000100000001,0.0,4.243552152,94.5353729724884,92.44019635300002,79.267606208,142,138,222,4394,4707,4234,4684,474.0,4684,474
dd_w300,mcp4-n100-r14-06,385.30128252800137,3210.000149999999,3210.0001499999985,0.0,7.463838461,377.83744406700134,355.94824447699983,313.88784095799986,437,425,2253,4422,4735,4262,5002,766.0,5001,764
dd_w300,mcp4-n100-r14-07,141.2896892902456,3198.0001999999995,3198.244403500118,7.636131483625342e-5,5.650488126,135.6392011642456,132.374503333,110.37994935299997,210,206,335,4522,4837,4362,4882,564.0,4881,560
dd_w300,mcp4-n100-r14-08,142.8319003690156,3560.000100000015,3560.000100000015,0.0,4.551230203,138.28067016601562,133.12721757399999,118.50465633699999,156,151,717,4414,4736,4254,4725,507.0,4725,507
dd_w300,mcp4-n100-r14-09,290.8788143055037,3627.7501625000027,3627.8121952926326,1.7099521701119035e-5,4.757429208,286.12138509750366,241.8039044020001,210.585661169,342,332,9117,4409,4730,4249,4902,706.0,4901,700
dd_w300,mcp4-n100-r14-10,143.68417549617456,3540.6001399999977,3540.6001399999977,0.0,6.044962411,137.63921308517456,134.59007088300004,119.87441694699997,162,154,301,4377,4696,4217,4689,521.0,4689,521
dd_w300,mcp4-n100-r16-01,123.58419263369348,3241.0001000000075,3241.0001000000075,0.0,3.475863576,120.10832905769348,116.947479075,96.62151347100004,218,213,525,4434,4738,4274,4800,555.0,4800,555
dd_w300,mcp4-n100-r16-02,115.2562472730371,2910.0001500000008,2910.0001500000008,0.0,4.158503285,111.09774398803711,107.76351966600001,89.633898531,198,193,450,4298,4603,4138,4645,550.0,4645,550
dd_w300,mcp4-n100-r16-03,53.14083360415222,3159.0001000000007,3159.019707843138,6.206977688046627e-6,3.48122977,49.65960383415222,48.056113276,40.24422858399999,77,73,86,4372,4680,4212,4600,420.0,4600,420
dd_w300,mcp4-n100-r16-04,101.88230098183398,3067.0000999999993,3067.0000999999993,0.0,4.993816027,96.88848495483398,94.94732907900001,83.885861446,122,117,111,4337,4640,4177,4604,448.0,4604,448
dd_w300,mcp4-n100-r16-05,79.41168479293933,2811.0001,2811.0001,0.0,5.379434627,74.03225016593933,72.07786988400001,59.974558032000004,124,119,236,4253,4558,4093,4526,462.0,4526,462
dd_w300,mcp4-n100-r16-06,82.41375430713306,2984.0001,2984.0001,0.0,4.387869202,78.02588510513306,76.15330682400001,65.95781318600002,120,113,175,4237,4545,4077,4509,491.0,4509,491
dd_w300,mcp4-n100-r16-07,54.47330745248572,2678.0001000000157,2678.0001000000157,0.0,5.345244489,49.12806296348572,47.69065473900002,41.03065100200001,74,69,182,4393,4695,4233,4612,416.0,4612,416
dd_w300,mcp4-n100-r16-08,245.51768068262157,3016.000199999999,3016.000199999999,0.0,4.267187633,241.25049304962158,215.49616957400013,187.20395900799988,329,316,5256,4280,4591,4120,4759,691.0,4758,687
dd_w300,mcp4-n100-r16-09,107.42706157139929,2889.0001600000032,2889.0001600000032,0.0,4.822280659,102.60478091239929,99.48537469600002,83.27543587900004,173,167,341,4380,4686,4220,4702,507.0,4702,507
dd_w300,mcp4-n100-r16-10,26.63986753088379,2992.0001,2992.0001,0.0,3.44585775,23.19400978088379,21.961240398999998,18.915778838999998,38,35,49,4315,4629,4155,4512,409.0,4511,406
dd_w300,mcp4-n110-r08-01,1191.0484084222655,7634.000200000006,7634.000200000006,0.0,21.290687475,1169.7577209472656,1154.8825371020005,1119.5152131509997,376,370,1197,4362,4725,4188,4862,683.0,4862,683
dd_w300,mcp4-n110-r08-02,1341.8707424941347,7522.000100000001,7522.000100000001,0.0,23.443614656,1318.4271278381348,1296.2395750539995,1264.913511976,324,318,3112,4370,4736,4196,4821,639.0,4821,639
dd_w300,mcp4-n110-r08-03,2562.780600158644,8261.000150000018,8261.08037731964,9.711574647808375e-6,21.458919136,2541.321681022644,1955.0549798260022,1902.475775066,526,522,172449,4344,4716,4170,5006,873.0,5006,873
dd_w300,mcp4-n110-r08-04,2059.7740734346708,8120.0001,8120.0001,0.0,21.247778488,2038.5262949466705,2032.8314342380008,2007.9923411939992,266,258,1023,4388,4752,4214,4776,576.0,4776,576
dd_w300,mcp4-n110-r08-05,2039.136516999929,7733.333500000001,7733.752842312533,5.42252978657309e-5,23.302738857,2015.833778142929,1947.742061648,1900.2138446029996,512,505,11540,4365,4729,4191,5002,830.0,5001,825
dd_w300,mcp4-n110-r08-06,3140.7446311469052,8346.666799999999,8346.666799999999,0.0,24.682548141,3116.062083005905,3084.5356566860028,3033.957828089999,578,566,4701,4305,4672,4131,5006,895.0,5006,895
dd_w300,mcp4-n110-r08-07,3626.258749840345,7014.900120000013,12522.962827205713,0.7851947444699596,28.457717774,3597.801032066345,3527.2675961819996,3476.266055938001,557,546,12243,4416,4785,4242,5100,876.0,5100,876
dd_w300,mcp4-n110-r08-08,2621.071165891912,8720.333500000004,8720.333500000004,0.0,23.617438885,2597.4537270069122,2552.107560648001,2497.1276980249995,626,613,7699,4363,4730,4189,5110,940.0,5110,940
dd_w300,mcp4-n110-r08-09,2868.857776026234,8865.833466666663,8865.833466666663,0.0,24.591082911,2844.2666931152344,2825.6553049189993,2766.9259841479975,657,646,1597,4379,4742,4205,5156,961.0,5155,959
dd_w300,mcp4-n110-r08-10,3603.447592258587,7566.000200000002,10939.401262671685,0.4458632003038649,23.370173216,3580.0774190425873,3294.5386933450022,3178.0716094229992,1269,1263,57927,4342,4707,4168,5738,1585.0,5738,1585
dd_w300,mcp4-n110-r10-01,841.5249505596743,5975.0001,5975.0001,0.0,14.817918356,826.7070322036743,794.726050533,765.1831921370004,350,345,6850,4272,4612,4098,4754,676.0,4754,676
dd_w300,mcp4-n110-r10-02,1635.3561721101232,5588.000100000008,5588.000100000008,0.0,15.586054112,1619.7701179981232,1578.3664155180002,1529.401023933,538,525,6872,4262,4599,4088,4921,847.0,4921,847
dd_w300,mcp4-n110-r10-03,2163.9897558753796,6293.20014,6293.500149999998,4.767208944956743e-5,15.064477927,2148.9252779483795,1316.3708523479995,1263.1636494370002,618,614,171662,4257,4598,4083,5009,946.0,5009,946
dd_w300,mcp4-n110-r10-04,972.7810486239592,5736.000100000005,5736.000100000005,0.0,15.024591772,957.7564568519592,934.3605765259996,885.6892592230002,524,518,2179,4362,4696,4188,5010,831.0,5010,831
dd_w300,mcp4-n110-r10-05,1015.5832460274273,6081.666800000001,6081.666800000001,0.0,15.83528093,999.7479650974274,963.8447690800003,929.0870669950006,371,363,7503,4365,4708,4191,4869,707.0,4869,707
dd_w300,mcp4-n110-r10-06,1347.515583556036,6171.000100000016,6171.232057538371,3.75883219245686e-5,12.562360566,1334.953222990036,1283.9224962979995,1235.8206896219997,515,505,11720,4309,4653,4135,4955,849.0,4955,849
dd_w300,mcp4-n110-r10-07,1130.2399708255277,6631.000100000002,6631.000100000002,0.0,15.519201897,1114.7207689285278,1109.247271289,1082.881844214,282,271,822,4317,4655,4143,4720,591.0,4720,591
dd_w300,mcp4-n110-r10-08,2124.980759965026,6140.000149999997,6140.499848220299,8.138407297953894e-5,18.625100957,2106.355659008026,1768.2519814610002,1710.633106626999,618,607,102810,4277,4614,4103,5016,927.0,5016,927
dd_w300,mcp4-n110-r10-09,373.96549515594177,6376.000149999997,6376.000149999997,0.0,17.21885805,356.7466371059418,353.9152300729999,347.69286148199996,70,66,347,4388,4722,4214,4582,376.0,4582,376
dd_w300,mcp4-n110-r10-10,2086.4812103502254,6065.0001399999965,6065.600199999706,9.893816749518312e-5,17.879796385,2068.601413965225,1596.3397123390016,1539.1328534089994,573,564,117916,4360,4701,4186,5061,894.0,5061,894
dd_w300,mcp4-n110-r12-01,478.9959272838612,5279.500150000003,5279.500150000003,0.0,8.449059198,470.5468680858612,432.2487047130001,392.3057321379998,442,439,7026,4226,4550,4052,4805,785.0,4805,785
dd_w300,mcp4-n110-r12-02,362.4302355575272,4376.0001,4376.0001,0.0,12.266969614,350.1632659435272,345.24274653399993,323.6622427170001,250,242,502,4226,4550,4052,4605,574.0,4605,574
dd_w300,mcp4-n110-r12-03,104.28423410137427,5184.0001000000175,5184.0001000000175,0.0,11.951138074,92.33309602737427,90.50035096399998,87.180820815,37,33,201,4214,4541,4040,4386,376.0,4386,376
dd_w300,mcp4-n110-r12-04,382.21040380907544,4269.0001,4269.0001,0.0,11.851081738,370.35932207107544,366.21801407900034,342.46259405299986,250,242,559,4190,4515,4016,4569,583.0,4569,583
dd_w300,mcp4-n110-r12-05,487.6451137423823,4786.500149999997,4786.739061907709,4.9913694813433556e-5,13.730712688,473.9144010543823,409.8368500420001,383.76622344699996,282,279,17710,4219,4544,4045,4638,626.0,4638,626
dd_w300,mcp4-n110-r12-06,1018.494921784342,4867.666799999999,4867.666799999999,0.0,12.332530837,1006.1623909473419,943.2039020549989,882.5805904869995,626,618,13244,4251,4572,4077,5005,948.0,5005,948
dd_w300,mcp4-n110-r12-07,936.8771902099866,5195.500150000001,5195.500150000001,0.0,11.694990255,925.1821999549866,803.6875281309997,746.464197885,586,578,27409,4267,4585,4093,4977,899.0,4977,899
dd_w300,mcp4-n110-r12-08,974.6006700207721,4649.555700000006,4649.555700000006,0.0,13.625018995,960.9756510257721,929.0417598030001,885.9513669350004,461,451,7350,4208,4525,4034,4788,763.0,4788,763
dd_w300,mcp4-n110-r12-09,806.0049952093993,4766.000166666671,4766.182577584259,3.827337625028008e-5,11.833808047,794.1711871623993,721.8978218360005,688.6009332380006,342,335,16941,4303,4623,4129,4772,658.0,4772,658
dd_w300,mcp4-n110-r12-10,716.5553470384557,4922.000100000006,4922.000100000006,0.0,12.756430937,703.7989161014557,693.7362421470001,659.5863926449998,370,361,1405,4211,4535,4037,4710,695.0,4709,692
dd_w300,mcp4-n110-r14-01,502.5484551668436,4101.80018,4101.80018,0.0,6.737751174,495.8107039928436,440.9194954929999,397.3129128329998,471,468,11056,4202,4514,4028,4811,806.0,4811,806
dd_w300,mcp4-n110-r14-02,463.7475322989945,4067.0001333333325,4067.0001333333325,0.0,9.454512289,454.2930200099945,432.57820219500064,404.6678588400002,344,334,4400,4194,4504,4020,4665,667.0,4665,667
dd_w300,mcp4-n110-r14-03,366.2189006214023,4554.000100000001,4554.000100000001,0.0,7.822698534,358.39620208740234,347.7170495149997,311.0911956909998,470,461,1030,4114,4428,3940,4720,832.0,4720,832
dd_w300,mcp4-n110-r14-04,170.54074728500842,4383.000100000003,4383.000100000003,0.0,6.936659217,163.60408806800842,161.78995491300003,151.28989645399997,141,135,153,4109,4420,3935,4382,470.0,4382,470
dd_w300,mcp4-n110-r14-05,718.3812732412958,3578.0000999999975,3578.0000999999975,0.0,9.581951113,708.7993221282959,631.1368226820002,580.5312766889998,613,604,14499,4151,4465,3977,4902,970.0,4902,970
dd_w300,mcp4-n110-r14-06,584.8512451167956,3597.000200000002,3597.000200000002,0.0,11.270995092,573.5802500247955,533.7686928,504.32402871999994,326,319,8493,4214,4520,4040,4664,638.0,4664,638
dd_w300,mcp4-n110-r14-07,649.0554694988512,4315.166800000001,4315.496411550994,7.638442875323434e-5,8.904775367,640.1506941318512,453.83383671000007,415.18607921599977,426,418,50391,4251,4564,4077,4809,777.0,4809,777
dd_w300,mcp4-n110-r14-08,494.9377896443362,4166.666800000001,4166.666800000001,0.0,8.390145506,486.5476441383362,462.3318411009997,423.3991615730001,450,439,4295,4156,4465,3982,4729,775.0,4729,775
dd_w300,mcp4-n110-r14-09,408.52985764902365,4067.0001999999995,4067.384330207385,9.445050122830683e-5,7.607335581,400.9225220680237,390.5625610589999,361.240096342,379,367,1342,4177,4488,4003,4681,711.0,4681,711
dd_w300,mcp4-n110-r14-10,558.1620806408953,3643.000199999998,3643.0001999999977,0.0,10.947561617,547.2145190238953,454.90873289400037,429.7294174799999,302,298,24175,4238,4547,4064,4671,624.0,4671,624
dd_w300,mcp4-n110-r16-01,270.3649381684509,3365.0001,3365.0001,0.0,5.383685975,264.9812521934509,258.086727723,233.49051510599992,304,295,802,4115,4425,3941,4557,675.0,4557,675
dd_w300,mcp4-n110-r16-02,223.97189618474695,3295.000100000006,3295.000100000006,0.0,6.068493141,217.90340304374695,214.08405020899986,192.086935391,254,246,449,4105,4406,3931,4489,594.0,4488,591
dd_w300,mcp4-n110-r16-03,261.0238537863049,3681.0001999999995,3681.0001999999995,0.0,6.35004998,254.67380380630493,199.52774463699993,178.11935823700003,237,233,10575,4153,4460,3979,4529,645.0,4529,645
dd_w300,mcp4-n110-r16-04,497.5559477802368,3299.333500000001,3299.333500000001,0.0,7.3072896,490.2486581802368,455.7206702350001,420.3475470909999,421,407,7520,4219,4519,4045,4771,772.0,4769,764
dd_w300,mcp4-n110-r16-05,306.50261651427064,3513.000100000001,3513.000100000001,0.0,5.06243359,301.44018292427063,292.18636095100004,271.86945733999994,262,256,1324,4122,4429,3948,4525,614.0,4525,614
dd_w300,mcp4-n110-r16-06,280.4805528212124,3310.50015,3310.50015,0.0,5.733185916,274.7473669052124,253.4816101970001,223.26413619800024,380,375,3717,4191,4494,4017,4711,730.0,4711,730
dd_w300,mcp4-n110-r16-07,293.6357443682897,3346.0001,3346.0001,0.0,5.774515187,287.8612291812897,281.472612611,256.640357078,286,278,586,4209,4517,4035,4630,646.0,4630,646
dd_w300,mcp4-n110-r16-08,390.6352262760841,3322.0001500000017,3322.0001500000017,0.0,5.746471193,384.8887550830841,291.0606914439999,259.3391986859999,369,364,24260,4159,4471,3985,4676,783.0,4675,780
dd_w300,mcp4-n110-r16-09,303.02408212880334,3576.0001,3576.0001,0.0,6.631622021,296.39246010780334,283.86727174,258.00976050900005,314,308,2051,4170,4479,3996,4623,664.0,4623,664
dd_w300,mcp4-n110-r16-10,170.76176693940135,3257.0000999999997,3257.0000999999997,0.0,7.803272753,162.95849418640137,160.04704505699996,147.49451954900002,154,147,372,4134,4437,3960,4421,486.0,4421,486
dd_w300,mcp4-n120-r08-01,4009.4776560000055,7704.0001,10740.295620934763,0.3941193511841677,36.77067601,3972.7069799900055,3953.2909196129986,3875.0099615019985,644,637,879,4821,5192,4631,5576,965.0,5576,965
dd_w300,mcp4-n120-r08-02,3648.814047499413,9128.000100000005,16347.62169150993,0.7909313663909712,38.250841542,3610.5632059574127,3560.0006884290015,3494.332259940998,545,540,5883,4788,5161,4598,5447,869.0,5447,869
dd_w300,mcp4-n120-r08-03,3644.2841767365903,8451.083474999996,9796.558749537406,0.15920742926248407,35.137992769,3609.1461839675903,3588.4186443160006,3513.218885244998,616,611,2874,4807,5170,4617,5527,913.0,5527,913
dd_w300,mcp4-n120-r08-04,3617.3514619314574,7198.00029999999,17059.070694048503,1.3699736014249024,39.428646847,3577.9228150844574,3556.246093888001,3497.5708276590003,488,480,2088,4866,5238,4676,5464,802.0,5464,802
dd_w300,mcp4-n120-r08-05,3774.7676170556388,8701.000200000006,15755.105498626397,0.8107234957455105,35.373619148,3739.3939979076385,3713.402630353001,3647.2976292549997,592,584,3749,4775,5145,4585,5477,906.0,5477,906
dd_w300,mcp4-n120-r08-06,3601.3852887864186,5816.000225000005,16512.66659827056,1.8391791539641051,41.152866673,3560.2324221134186,3520.945817179001,3455.2684302720027,550,544,6305,4777,5146,4587,5436,858.0,5436,858
dd_w300,mcp4-n120-r08-07,3983.140969787808,7830.00013333332,14863.03279003608,0.8982161605288145,46.196470772,3936.944499015808,3884.1636434889983,3804.4439588819996,683,677,9398,4780,5151,4590,5573,995.0,5573,995
dd_w300,mcp4-n120-r08-08,3602.5655767941885,7415.000199999992,16351.361568152113,1.2051734493752446,44.771545651,3557.7940311431885,3498.0775643339966,3433.1604229520008,546,542,9118,4785,5156,4595,5443,861.0,5443,861
dd_w300,mcp4-n120-r08-09,3924.487703512647,6755.400239999992,16570.207701944597,1.452883191706287,52.456632565,3872.031070947647,3817.271429116002,3751.967167994995,541,537,6909,4855,5220,4665,5502,841.0,5502,841
dd_w300,mcp4-n120-r08-10,3348.4951962978917,9149.000100000003,9149.000100000003,0.0,30.485288337,3318.0099079608917,3305.220334280998,3267.9737986880004,314,307,1138,4755,5124,4565,5177,626.0,5177,626
dd_w300,mcp4-n120-r10-01,2149.178892467063,6709.5001500000035,6710.000099999983,7.451374749271524e-5,22.600707624,2126.5781848430634,2005.7954414200015,1932.9436578139996,647,637,26158,4770,5111,4580,5525,958.0,5525,958
dd_w300,mcp4-n120-r10-02,1343.8669714295925,7276.000100000002,7276.000100000002,0.0,23.980573591,1319.8863978385925,1314.8384251910004,1265.359212849001,429,423,435,4733,5073,4543,5271,746.0,5271,746
dd_w300,mcp4-n120-r10-03,1253.0795809799044,7147.000149999996,7147.000149999996,0.0,25.014235931,1228.0653450489044,1216.2210241499997,1188.3378920180005,261,257,1431,4714,5061,4524,5095,593.0,5095,593
dd_w300,mcp4-n120-r10-04,3361.628896197741,7145.333466666662,7146.012600000022,9.504571571468992e-5,22.08220931,3339.546686887741,3191.6847027759973,3091.2329776340034,912,899,31160,4707,5053,4517,5732,1247.0,5732,1247
dd_w300,mcp4-n120-r10-05,2103.2984608954407,6967.000100000008,6967.2500999999975,3.588345003598977e-5,24.052571947,2079.2458889484406,2070.0484592740013,2023.0608201610007,429,423,1406,4756,5101,4566,5302,772.0,5302,766
dd_w300,mcp4-n120-r10-06,1266.7482460609738,7058.000099999999,7058.000099999999,0.0,24.730640041,1242.0176060199738,1216.8225749969993,1169.0339053110008,423,416,3868,4712,5050,4522,5244,732.0,5244,732
dd_w300,mcp4-n120-r10-07,1219.6366443577042,7019.000100000007,7019.000100000007,0.0,26.668388361,1192.968255996704,1164.0923661800005,1132.3347210910003,295,290,6258,4641,4978,4451,5045,602.0,5045,602
dd_w300,mcp4-n120-r10-08,2468.263161867005,7300.000100000001,7300.000100000001,0.0,22.929872959,2445.3332889080048,2432.2708208890003,2384.63056459,428,418,1187,4682,5017,4492,5211,724.0,5211,724
dd_w300,mcp4-n120-r10-09,438.86123093958304,6495.0001,6495.0001,0.0,24.893364042,413.967866897583,409.94307744399987,404.841798865,49,47,741,4723,5069,4533,4891,382.0,4891,382
dd_w300,mcp4-n120-r10-10,3600.0003709290963,6770.666800000008,10116.499542686475,0.4941659132725987,24.440508077,3575.5598628520966,3147.615431607003,3062.830036514003,775,765,88176,4762,5098,4572,5641,1082.0,5640,1080
dd_w300,mcp4-n120-r12-01,1131.5430808367905,5697.000100000003,5697.000100000003,0.0,15.457792789,1116.0852880477905,1097.0744811780005,1041.7415687259984,459,448,2185,4704,5030,4514,5274,783.0,5274,783
dd_w300,mcp4-n120-r12-02,2650.5370106818127,5520.0002,5520.548932366138,9.940803374197362e-5,18.418724549,2632.1182861328125,1730.042669799003,1613.723661822001,973,970,189766,4684,5010,4494,5790,1356.0,5787,1340
dd_w300,mcp4-n120-r12-03,308.6966829989744,5226.000149999998,5226.000149999998,0.0,17.889152119,290.80753087997437,288.496593936,275.88877523100007,109,105,263,4667,4994,4477,4897,463.0,4895,456
dd_w300,mcp4-n120-r12-04,1157.963406226695,5197.000149999998,5197.000149999998,0.0,18.279788158,1139.683618068695,1113.0548715329994,1064.02085807,409,402,4106,4699,5021,4509,5220,731.0,5220,731
dd_w300,mcp4-n120-r12-05,1806.4301778022727,5477.000100000002,5477.000100000002,0.0,18.823999757,1787.6061780452728,1760.2348874180007,1689.5751669900003,602,585,4041,4622,4952,4432,5333,934.0,5333,934
dd_w300,mcp4-n120-r12-06,2162.44398264937,5150.3001500000055,5150.707816707624,7.915397078727009e-5,18.563970614,2143.88001203537,1913.8806969060013,1839.3906313090001,627,618,42556,4664,4989,4474,5405,967.0,5405,967
dd_w300,mcp4-n120-r12-07,1117.8294619471833,5552.0000999999975,5552.089845733787,1.616457712053018e-5,19.4772221,1098.3522398471832,1077.7811863639997,1007.8589122260004,559,548,2425,4584,4907,4394,5256,888.0,5256,888
dd_w300,mcp4-n120-r12-08,1512.0773135330983,5772.666800000005,5773.200200000003,9.240096795427845e-5,19.010957351,1493.0663561820984,1414.7794337010012,1354.6380446060004,526,518,18297,4666,4992,4476,5309,868.0,5309,868
dd_w300,mcp4-n120-r12-09,1541.0997440930346,5736.000100000019,5736.000100000019,0.0,18.73396517,1522.3657789230347,1508.362300247,1450.4053423199994,510,498,1288,4627,4950,4437,5246,830.0,5246,830
dd_w300,mcp4-n120-r12-10,1106.4584893029023,5593.0001,5593.514454066985,9.196389375803985e-5,18.695858125,1087.7626311779022,1077.148788083,1033.8593538070006,338,328,907,4733,5056,4543,5182,662.0,5182,662
dd_w300,mcp4-n120-r14-01,1542.251889699254,4963.0001,4963.362395943216,7.29993826145481e-5,15.075006717,1527.176882982254,1296.4592773779996,1222.6487152759992,702,689,52512,4509,4814,4319,5318,1018.0,5317,1015
dd_w300,mcp4-n120-r14-02,1511.3084710899884,4841.00015,4841.326535871936,6.74211654251878e-5,12.153199083,1499.1552720069885,1146.021286669,1060.1580174050016,842,834,70280,4577,4895,4387,5543,1213.0,5543,1213
dd_w300,mcp4-n120-r14-03,1266.8114169877701,4269.333466666671,4269.700100000002,8.587601230819715e-5,15.683838014,1251.1275789737701,980.4502866570008,914.1635211960004,627,620,51617,4557,4870,4367,5302,965.0,5302,965
dd_w300,mcp4-n120-r14-04,1103.0059376618035,4003.000149999996,4003.000149999996,0.0,18.783835735,1084.2221019268036,1024.6105538610004,979.4474932489996,451,445,14710,4559,4875,4369,5133,827.0,5133,827
dd_w300,mcp4-n120-r14-05,88.4431557292727,4559.000100000005,4559.000100000005,0.0,13.621915781,74.8212399482727,73.30923004499999,69.37660403099999,44,41,118,4520,4837,4330,4689,402.0,4689,402
dd_w300,mcp4-n120-r14-06,1038.2183680861779,4695.000119999999,4695.000119999999,0.0,14.585045132,1023.6333229541779,988.8997294560006,934.5285132270005,486,476,6156,4680,4993,4490,5279,832.0,5279,832
dd_w300,mcp4-n120-r14-07,2137.602123545017,4324.333466666665,4324.571628571427,5.507482403883448e-5,14.659790562,2122.942332983017,1445.9492825209995,1362.1497790730007,834,822,143821,4528,4838,4338,5474,1162.0,5473,1159
dd_w300,mcp4-n120-r14-08,1425.4449791030906,4333.000200000001,4333.103957971721,2.3945988213769365e-5,13.458411129,1411.9865679740906,1144.6936645439996,1087.453811913001,498,490,85528,4613,4924,4423,5227,829.0,5227,829
dd_w300,mcp4-n120-r14-09,840.5900934365255,4077.000099999999,4077.000099999999,0.0,14.771429601,825.8186638355255,813.242164773,764.3747338189996,436,428,1865,4663,4970,4473,5208,750.0,5208,750
dd_w300,mcp4-n120-r14-10,816.28241314046,4344.0000999999975,4344.0000999999975,0.0,13.110273019,803.17214012146,796.3284554590006,738.4171817469999,540,529,661,4616,4929,4426,5269,874.0,5269,874
dd_w300,mcp4-n120-r16-01,235.9028280833761,3533.000100000012,3533.000100000012,0.0,9.586676226,226.3161518573761,223.65608565399992,210.06090855300008,139,133,340,4498,4799,4308,4755,479.0,4755,479
dd_w300,mcp4-n120-r16-02,648.5003319843249,4065.000149999998,4065.090156340084,2.2141780261900514e-5,9.56152402,638.938807964325,518.2042706619998,473.9175071810001,448,441,30892,4502,4805,4312,5070,788.0,5070,788
dd_w300,mcp4-n120-r16-03,684.3586684777533,4025.4001400000006,4025.502216183361,2.5358021515885424e-5,7.359187515,676.9994809627533,615.2736103029997,564.0157473060003,508,497,13906,4555,4863,4365,5187,893.0,5186,888
dd_w300,mcp4-n120-r16-04,649.4967283673014,3979.0000999999997,3979.252092642549,6.333064494000378e-5,11.836129374,637.6605989933014,558.1124659619995,513.4200765460004,444,432,19806,4557,4863,4367,5118,795.0,5117,792
dd_w300,mcp4-n120-r16-05,671.0058419628612,3748.0000999999993,3748.180544444443,4.814419413803244e-5,9.412098877,661.5937430858612,618.0782357970004,572.8629491489999,438,426,8426,4537,4839,4347,5089,769.0,5089,769
dd_w300,mcp4-n120-r16-06,641.7575157098561,3716.0001500000035,3716.0233438899318,6.241627823475602e-6,13.222969573,628.5345461368561,566.4072065330002,527.7934109870006,391,380,10722,4562,4863,4372,5066,739.0,5066,739
dd_w300,mcp4-n120-r16-07,445.9505335332455,3743.5001999999986,3743.500199999999,0.0,10.158770466,435.7917630672455,431.40981965799983,402.8889663689999,280,273,480,4554,4855,4364,4952,630.0,4951,627
dd_w300,mcp4-n120-r16-08,566.9477786771843,3480.333466666667,3480.333466666667,0.0,12.966424679,553.9813539981842,546.6000344500001,513.0695911099996,370,361,1152,4525,4837,4335,5019,750.0,5018,748
dd_w300,mcp4-n120-r16-09,448.65023935014966,3623.0001,3623.0001,0.0,9.359101178,439.29113817214966,422.0054363290004,385.580223943,374,368,2316,4501,4813,4311,5003,744.0,5003,744
dd_w300,mcp4-n120-r16-10,417.0137914035143,3788.000133333333,3788.000133333333,0.0,12.329354367,404.6844370365143,392.96863627100015,363.87730383799993,310,303,1290,4442,4750,4252,4874,667.0,4874,667
sd_p0100,mcp4-n070-r08-01,77.08520398418945,4283.000133333333,4283.000133333333,0.0,3.289011815,73.79619216918945,72.59041649,72.578763354,170,161,636,275,409,,,,,
sd_p0100,mcp4-n070-r08-02,33.771093490052245,4517.500150000002,4517.500150000002,0.0,3.171103599,30.599989891052246,30.415835783000006,30.41283531900001,83,79,197,281,416,,,,,
sd_p0100,mcp4-n070-r08-03,91.34786204036499,3691.000200000002,3691.000200000002,0.0,3.244280135,88.10358190536499,85.20658866000002,85.19116344599998,217,209,4177,276,412,,,,,
sd_p0100,mcp4-n070-r08-04,46.7624778363656,4690.000099999999,4690.000099999999,0.0,2.425611696,44.3368661403656,44.126593772,44.12127700899998,92,86,248,278,412,,,,,
sd_p0100,mcp4-n070-r08-05,126.19147526861084,3845.0001,3845.0001,0.0,3.52139413,122.67008113861084,117.97523076599995,117.96284309299998,218,207,3629,281,417,,,,,
sd_p0100,mcp4-n070-r08-06,101.9878543740199,4825.0001500000035,4825.0001500000035,0.0,3.292944563,98.6949098110199,96.019087169,96.00937064500002,159,150,2457,277,412,,,,,
sd_p0100,mcp4-n070-r08-07,85.81583960407862,3732.0000999999997,3732.0001,0.0,3.727814511,82.08802509307861,81.56852999200002,81.55990992300002,158,148,752,276,409,,,,,
sd_p0100,mcp4-n070-r08-08,79.71314808593945,4167.0001,4167.0001,0.0,3.727991073,75.98515701293945,74.93091892400001,74.91738930499997,165,152,713,277,412,,,,,
sd_p0100,mcp4-n070-r08-09,79.53491288703894,4190.0001,4190.0001,0.0,3.200206819,76.33470606803894,75.85467345399998,75.839743017,164,157,705,278,411,,,,,
sd_p0100,mcp4-n070-r08-10,57.059473493371335,4291.0001,4291.0001,0.0,2.937938669,54.12153482437134,52.170877508,52.155572851000024,167,160,1038,275,408,,,,,
sd_p0100,mcp4-n070-r10-01,30.385951675519653,3716.000200000002,3716.000200000002,0.0,1.793144621,28.592807054519653,26.904498109000002,26.896872635,107,103,1033,277,395,,,,,
sd_p0100,mcp4-n070-r10-02,68.18818973679235,3023.0001500000008,3023.0001500000008,0.0,2.492892734,65.69529700279236,64.222106459,64.21017775899996,166,159,855,274,390,,,,,
sd_p0100,mcp4-n070-r10-03,78.804492563823,3403.0001,3403.0001,0.0,2.595592589,76.208899974823,74.57518299099993,74.554526253,259,247,784,278,396,,,,,
sd_p0100,mcp4-n070-r10-04,50.13787944094494,3412.250150000001,3412.2501500000008,0.0,1.682070563,48.455808877944946,48.072995277000004,48.05836489700001,190,181,407,274,391,,,,,
sd_p0100,mcp4-n070-r10-05,35.31132622289099,3104.0001,3104.0001,0.0,1.782531219,33.52879500389099,33.26636692799999,33.258522473000006,125,116,300,274,390,,,,,
sd_p0100,mcp4-n070-r10-06,20.633043921501464,3933.0001999999995,3933.0001999999995,0.0,0.47648207,20.156561851501465,20.030982362000003,20.027184501000004,73,67,91,278,396,,,,,
sd_p0100,mcp4-n070-r10-07,59.68916061611951,3412.000100000002,3412.000100000002,0.0,1.437888653,58.25127196311951,57.750811097,57.73422537399999,210,202,681,279,396,,,,,
sd_p0100,mcp4-n070-r10-08,11.841408606280396,3314.000150000002,3314.0001500000017,0.0,1.506568547,10.334840059280396,10.189807828000001,10.187204112,44,40,58,279,396,,,,,
sd_p0100,mcp4-n070-r10-09,46.627124098473026,3319.6667999999963,3319.6667999999963,0.0,2.804498223,43.82262587547302,42.134692296,42.124581891000005,155,146,943,279,396,,,,,
sd_p0100,mcp4-n070-r10-10,47.0477738117417,4003.5001500000008,4003.5001500000008,0.0,1.222880814,45.8248929977417,45.473435780999985,45.461883691999994,161,148,466,278,393,,,,,
sd_p0100,mcp4-n070-r12-01,48.0085001126377,2717.000179999999,2717.000179999999,0.0,1.486022009,46.522478103637695,46.03920619800002,46.031369006000006,194,186,667,281,388,,,,,
sd_p0100,mcp4-n070-r12-02,31.890062435901367,2701.333466666668,2701.333466666668,0.0,1.366138562,30.523923873901367,29.541851388999987,29.536639005000016,146,140,624,277,384,,,,,
sd_p0100,mcp4-n070-r12-03,33.0563760155227,2729.0001000000007,2729.0001000000007,0.0,1.144804036,31.911571979522705,30.484811759000017,30.479990759000003,136,129,935,278,384,,,,,
sd_p0100,mcp4-n070-r12-04,37.322237520144284,2555.0001,2555.0001,0.0,2.037125616,35.28511190414429,34.973321793,34.964563675000015,141,134,357,275,379,,,,,
sd_p0100,mcp4-n070-r12-05,25.784729738723755,2196.000139999999,2196.000139999999,0.0,2.558627625,23.226102113723755,23.034678175999996,23.03015484,97,91,259,279,385,,,,,
sd_p0100,mcp4-n070-r12-06,20.10257737533008,2249.0001,2249.0001,0.0,1.493244337,18.609333038330078,18.451219139,18.447666720999987,83,79,104,274,379,,,,,
sd_p0100,mcp4-n070-r12-07,48.98963852524902,2338.5002000000004,2338.5002000000004,0.0,2.02646752,46.96317100524902,45.860472435,45.853230553,195,184,1025,278,385,,,,,
sd_p0100,mcp4-n070-r12-08,51.613082585941044,2860.333466666667,2860.333466666667,0.0,1.568261562,50.04482102394104,49.59923258900002,49.589658889,184,170,672,278,383,,,,,
sd_p0100,mcp4-n070-r12-09,41.79601631632825,2674.000100000001,2674.000100000001,0.0,1.298645358,40.49737095832825,38.42854263200001,38.420499447,153,149,2977,272,374,,,,,
sd_p0100,mcp4-n070-r12-10,26.799744647000246,2880.0002000000013,2880.0002000000013,0.0,1.231821578,25.567923069000244,25.417228427000005,25.414222763,94,89,114,277,382,,,,,
sd_p0100,mcp4-n070-r14-01,21.106721354579957,2391.6668000000013,2391.6668000000013,0.0,1.410744382,19.695976972579956,18.224744497000003,18.21568930599999,135,128,1915,278,376,,,,,
sd_p0100,mcp4-n070-r14-02,20.292908369823365,1915.500150000001,1915.500150000001,0.0,1.233100354,19.059808015823364,18.86973607599999,18.863223546999997,113,104,215,275,370,,,,,
sd_p0100,mcp4-n070-r14-03,34.57474758985217,2035.5715714285725,2035.5715714285725,0.0,0.832048682,33.74269890785217,32.972588849,32.960055391,180,176,1246,276,371,,,,,
sd_p0100,mcp4-n070-r14-04,27.483832481644164,2220.0001500000003,2220.0001500000003,0.0,0.424088362,27.059744119644165,26.81544845499999,26.80680704700001,147,139,263,279,377,,,,,
sd_p0100,mcp4-n070-r14-05,21.330706283856077,1797.5001499999992,1797.5001499999992,0.0,1.751238272,19.57946801185608,19.260022376000002,19.252216691999998,116,108,488,279,378,,,,,
sd_p0100,mcp4-n070-r14-06,24.710129174479736,2060.000200000003,2060.000200000003,0.0,1.780361089,22.929768085479736,22.449416123999995,22.440593075000002,125,120,570,279,375,,,,,
sd_p0100,mcp4-n070-r14-07,20.21419817775305,2126.0001,2126.0001,0.0,0.954515284,19.25968289375305,19.044486868000003,19.03711538,119,112,205,276,373,,,,,
sd_p0100,mcp4-n070-r14-08,28.989319498263672,1959.0001000000009,1959.0001000000009,0.0,1.233967478,27.755352020263672,27.36837640600001,27.360710039000008,126,120,838,275,370,,,,,
sd_p0100,mcp4-n070-r14-09,16.783217264717774,1995.0001000000002,1995.0001000000002,0.0,1.134316279,15.648900985717773,15.529081147000001,15.523669699,83,78,69,279,377,,,,,
sd_p0100,mcp4-n070-r14-10,32.563485994349364,2080.000100000001,2080.000100000001,0.0,1.56674613,30.996739864349365,30.64776140899999,30.637768687999998,145,138,595,271,363,,,,,
sd_p0100,mcp4-n070-r16-01,8.332355770306641,2000.0001000000032,2000.0001000000032,0.0,0.546371731,7.785984039306641,7.721993657,7.7191056080000005,55,53,1,274,364,,,,,
sd_p0100,mcp4-n070-r16-02,15.646544409685792,1713.0001,1713.0001,0.0,0.491268588,15.155275821685791,14.923440328999995,14.917338198999996,113,105,382,280,372,,,,,
sd_p0100,mcp4-n070-r16-03,27.226922841311524,1780.000133333335,1780.000133333335,0.0,0.945758672,26.281164169311523,24.71523821000001,24.70617623300001,146,139,2207,276,366,,,,,
sd_p0100,mcp4-n070-r16-04,14.52422936456897,2174.000150000001,2174.000150000001,0.0,0.759790497,13.76443886756897,12.84271557,12.835991153000004,111,107,1919,277,370,,,,,
sd_p0100,mcp4-n070-r16-05,23.165320897310547,1872.0001,1872.0001000000002,0.0,0.827724004,22.337596893310547,21.743137776999998,21.735664032999995,136,130,616,278,370,,,,,
sd_p0100,mcp4-n070-r16-06,24.74871297744458,1821.250125000002,1821.250125000002,0.0,1.008069953,23.74064302444458,23.531865354999994,23.522261297,146,140,293,277,366,,,,,
sd_p0100,mcp4-n070-r16-07,18.778237220673827,1802.5001500000008,1802.5001500000008,0.0,1.535176155,17.243061065673828,16.966801998,16.961740073999994,92,88,338,281,374,,,,,
sd_p0100,mcp4-n070-r16-08,14.946451093861207,1836.0001000000007,1836.0001000000007,0.0,0.946458008,13.999993085861206,13.831189430999995,13.825886877999991,101,97,52,277,367,,,,,
sd_p0100,mcp4-n070-r16-09,11.304939547277344,1988.0001000000002,1988.0001000000004,0.0,1.027145663,10.277793884277344,10.166756114000004,10.163601351999999,64,58,81,279,371,,,,,
sd_p0100,mcp4-n070-r16-10,19.840627028281983,1810.0001666666662,1810.0001666666662,0.0,0.727372958,19.113254070281982,18.889855423999993,18.87924357699999,134,129,232,274,363,,,,,
sd_p0100,mcp4-n080-r08-01,261.4870871147313,4810.8334833333165,4810.8334833333165,0.0,5.254979237,256.2321078777313,237.00700679399998,236.98433063599998,312,301,13454,302,443,,,,,
sd_p0100,mcp4-n080-r08-02,212.1444628033656,5122.000299999998,5122.000299999998,0.0,4.793924788,207.3505380153656,205.93157419899998,205.90179887799994,344,334,785,303,442,,,,,
sd_p0100,mcp4-n080-r08-03,308.3722231755386,6000.000100000001,6000.000100000001,0.0,4.772214211,303.6000089645386,292.3133480890001,292.282943949,337,327,7791,305,447,,,,,
sd_p0100,mcp4-n080-r08-04,329.5473034539724,5927.111266666664,5927.111266666664,0.0,4.226516501,325.3207869529724,319.71359765999983,319.6864281750002,292,278,4212,302,443,,,,,
sd_p0100,mcp4-n080-r08-05,243.82910406379906,5400.000100000003,5400.000100000003,0.0,5.636039851,238.19306421279907,235.05085259900014,235.02823119700005,266,258,1143,295,436,,,,,
sd_p0100,mcp4-n080-r08-06,239.8378104715432,4848.0002,4848.0002,0.0,5.171872571,234.6659379005432,203.8706071170001,203.8439466779999,303,298,24019,300,439,,,,,
sd_p0100,mcp4-n080-r08-07,205.14492437157557,4926.000149999998,4926.000149999998,0.0,4.919609516,200.22531485557556,195.89187424900004,195.87268523799992,236,227,2661,302,444,,,,,
sd_p0100,mcp4-n080-r08-08,193.51876457493458,5168.000099999999,5168.000099999999,0.0,5.353006442,188.16575813293457,182.53581089300005,182.51849430599987,217,208,811,303,445,,,,,
sd_p0100,mcp4-n080-r08-09,139.8743890466577,5038.500149999999,5038.500149999999,0.0,5.981438035,133.89295101165771,124.32933579,124.31775145699999,154,147,6544,301,443,,,,,
sd_p0100,mcp4-n080-r08-10,362.3006961812076,4610.000099999998,4610.000099999998,0.0,6.165915059,356.13478112220764,352.66181851500016,352.63002781100005,332,321,1788,308,449,,,,,
sd_p0100,mcp4-n080-r10-01,146.5555732990641,3691.000149999999,3691.000149999999,0.0,3.849791124,142.7057821750641,140.36237190600005,140.34806701900004,197,190,1032,303,424,,,,,
sd_p0100,mcp4-n080-r10-02,124.83564202317383,3995.250150000001,3995.250150000001,0.0,3.86699502,120.96864700317383,120.64920820399995,120.633304229,195,186,327,302,421,,,,,
sd_p0100,mcp4-n080-r10-03,125.21540075343543,4124.000100000003,4124.000100000003,0.0,3.698630629,121.51677012443542,117.86328653700002,117.84507888199998,222,213,2776,299,420,,,,,
sd_p0100,mcp4-n080-r10-04,77.613534151787,4292.000199999999,4292.000199999999,0.0,2.625435292,74.98809885978699,71.00213530000002,70.91025733800001,163,160,3198,302,422,,,,,
sd_p0100,mcp4-n080-r10-05,166.58077794503552,3823.0002000000045,3823.0002000000045,0.0,3.900119843,162.68065810203552,159.55428632199994,159.52796251700008,288,275,1791,299,418,,,,,
sd_p0100,mcp4-n080-r10-06,127.65582101292286,4038.0001000000016,4038.000100000001,0.0,3.683963942,123.97185707092285,123.48036703800001,123.46024382499999,239,233,539,302,424,,,,,
sd_p0100,mcp4-n080-r10-07,69.57227313408532,3943.0001,3943.0001,0.0,3.023590206,66.54868292808533,66.15019780200004,66.13724441000001,169,162,452,299,417,,,,,
sd_p0100,mcp4-n080-r10-08,113.48033418154127,4339.0001,4339.0001,0.0,3.285515208,110.19481897354126,108.77284846100001,108.75633914199999,200,193,788,299,420,,,,,
sd_p0100,mcp4-n080-r10-09,124.70958951950635,3860.0001,3860.0001,0.0,4.212144413,120.49744510650635,119.48830852899998,119.469177143,224,216,857,301,420,,,,,
sd_p0100,mcp4-n080-r10-10,94.93051995194872,4385.500150000002,4385.500150000002,0.0,3.374051942,91.55646800994873,91.11179366399998,91.09996004600002,154,147,588,300,421,,,,,
sd_p0100,mcp4-n080-r12-01,118.2335476156615,3733.000100000001,3733.000100000001,0.0,1.413765597,116.8197820186615,115.87401321199998,115.86109678400004,221,209,545,298,402,,,,,
sd_p0100,mcp4-n080-r12-02,107.82438411148108,3525.5001500000017,3525.5001500000017,0.0,2.291546959,105.53283715248108,103.05664912499999,103.04386119000004,233,223,1635,306,415,,,,,
sd_p0100,mcp4-n080-r12-03,96.57488628527003,3056.000100000001,3056.000100000001,0.0,2.909003221,93.66588306427002,92.31067715100004,92.29777146600003,258,252,1259,301,410,,,,,
sd_p0100,mcp4-n080-r12-04,28.74672506686035,3247.0002000000013,3247.0002000000013,0.0,2.059658035,26.68706703186035,26.489489580000004,26.485664728000014,83,79,62,302,410,,,,,
sd_p0100,mcp4-n080-r12-05,121.09968846243066,3280.0001000000043,3280.0001000000043,0.0,2.888863496,118.21082496643066,117.74242288200001,117.719478411,308,299,459,302,409,,,,,
sd_p0100,mcp4-n080-r12-06,98.69923128131836,3081.333466666668,3081.333466666668,0.0,2.283799305,96.41543197631836,92.5669320130001,92.55325465299997,242,231,3490,298,406,,,,,
sd_p0100,mcp4-n080-r12-07,81.35978066376708,2996.0001999999977,2996.0001999999977,0.0,2.94354474,78.41623592376709,78.00812290199998,77.996713528,188,182,471,302,408,,,,,
sd_p0100,mcp4-n080-r12-08,88.2663178102279,2750.0001000000016,2750.0001000000016,0.0,3.755640711,84.5106770992279,82.70965198500002,82.69927781800003,227,219,762,299,406,,,,,
sd_p0100,mcp4-n080-r12-09,35.06054803308252,3034.0001000000007,3034.000100000001,0.0,2.092785086,32.96776294708252,32.74101373,32.73453131400001,112,107,134,302,410,,,,,
sd_p0100,mcp4-n080-r12-10,84.78497568870642,3249.0001,3249.0001,0.0,2.729067724,82.05590796470642,81.59254398699997,81.57717469299995,222,210,695,298,404,,,,,
sd_p0100,mcp4-n080-r14-01,40.95343922571362,2692.0000999999993,2692.0000999999993,0.0,1.910402288,39.04303693771362,38.859481824999996,38.852419067999996,110,105,146,300,398,,,,,
sd_p0100,mcp4-n080-r14-02,35.78004092586511,2471.000199999999,2471.000199999999,0.0,1.992106861,33.78793406486511,33.614903545000004,33.609071623999995,127,123,124,298,395,,,,,
sd_p0100,mcp4-n080-r14-03,83.64876410208252,2417.5001499999985,2417.5001499999985,0.0,1.67904803,81.96971607208252,81.41528051000002,81.39819378100003,271,258,752,302,400,,,,,
sd_p0100,mcp4-n080-r14-04,65.55493750522436,2289.0001000000016,2289.0001000000016,0.0,1.860199594,63.694737911224365,63.12545065599998,63.112284947999974,207,198,862,299,396,,,,,
sd_p0100,mcp4-n080-r14-05,49.044144717464356,2817.000100000001,2817.000100000001,0.0,1.452123729,47.592020988464355,47.363592951,47.356623923,162,153,374,298,393,,,,,
sd_p0100,mcp4-n080-r14-06,32.651671698015626,2750.500150000002,2750.500150000002,0.0,1.652251532,30.999420166015625,30.775239347,30.769149300999988,114,108,222,304,403,,,,,
sd_p0100,mcp4-n080-r14-07,35.497369242628416,2926.0001,2926.0001,0.0,1.378233386,34.11913585662842,32.915884872,32.908435944000004,119,116,940,302,401,,,,,
sd_p0100,mcp4-n080-r14-08,77.86441300210156,2455.5001500000008,2455.5001500000008,0.0,1.651385048,76.21302795410156,73.45961018099993,73.44771159700005,230,217,3217,299,397,,,,,
sd_p0100,mcp4-n080-r14-09,63.656126457203,2462.5001500000003,2462.5001500000003,0.0,2.091180521,61.564945936203,59.27386246899993,59.25816894900001,242,233,1276,296,393,,,,,
sd_p0100,mcp4-n080-r14-10,42.42267383563416,2858.0001333333325,2858.0001333333325,0.0,0.964181795,41.458492040634155,41.169525527999994,41.16119082400001,146,139,255,301,400,,,,,
sd_p0100,mcp4-n080-r16-01,23.983704846258178,2328.0001000000016,2328.000100000002,0.0,1.107207816,22.87649703025818,22.741830216000007,22.736403404999997,94,89,47,296,386,,,,,
sd_p0100,mcp4-n080-r16-02,69.12378440996704,2142.5001500000017,2142.5001500000017,0.0,1.383242475,67.74054193496704,66.64867591,66.62920800900004,259,244,879,302,392,,,,,
sd_p0100,mcp4-n080-r16-03,44.497834173208254,1936.5001500000017,1936.5001500000017,0.0,1.120003191,43.37783098220825,41.70671768100001,41.693108355,210,202,1984,300,391,,,,,
sd_p0100,mcp4-n080-r16-04,65.62434173709009,2156.75015,2156.75015,0.0,0.740416776,64.88392496109009,60.574485479,60.55704613499999,277,268,3912,301,392,,,,,
sd_p0100,mcp4-n080-r16-05,46.93341335596594,2229.0001,2229.0001,0.0,1.712392419,45.22102093696594,44.97508964,44.96699169599998,200,192,197,296,384,,,,,
sd_p0100,mcp4-n080-r16-06,13.296652496706788,2299.0001,2299.0001,0.0,1.358586491,11.938066005706787,11.823239577999997,11.820258740000002,56,52,58,306,397,,,,,
sd_p0100,mcp4-n080-r16-07,35.0941686434646,2319.666833333333,2319.666833333333,0.0,1.514302711,33.5798659324646,31.191889843000002,31.185102310000005,140,137,3054,301,390,,,,,
sd_p0100,mcp4-n080-r16-08,17.41469763130603,1812.0001000000002,1812.0001000000002,0.0,1.451841577,15.96285605430603,15.814182600999999,15.811540392000001,81,76,83,296,386,,,,,
sd_p0100,mcp4-n080-r16-09,28.475191257665895,1992.0001000000002,1992.0001000000002,0.0,1.671075247,26.804116010665894,26.592616123999992,26.588412895999998,126,119,220,303,393,,,,,
sd_p0100,mcp4-n080-r16-10,38.57086790464917,1627.000100000001,1627.000100000001,0.0,1.609911808,36.96095609664917,36.58478877,36.57301645200002,215,209,457,303,395,,,,,
sd_p0100,mcp4-n090-r08-01,677.0945730834785,6051.333466666666,6051.333466666666,0.0,8.141139093,668.9534339904785,660.8103384480004,660.7745325799997,394,384,5292,321,469,,,,,
sd_p0100,mcp4-n090-r08-02,596.640819591814,6350.000100000002,6350.000100000002,0.0,6.81226067,589.828558921814,586.0716079460001,586.0260644659999,440,433,1276,325,470,,,,,
sd_p0100,mcp4-n090-r08-03,747.9852652356623,6544.40012,6544.40012,0.0,7.62187026,740.3633949756622,721.018552553,720.9732702309997,474,460,11912,322,469,,,,,
sd_p0100,mcp4-n090-r08-04,609.8181951328709,5604.0002,5604.0002,0.0,8.603014259,601.2151808738708,595.2983466220003,595.2735652239999,298,289,3576,322,468,,,,,
sd_p0100,mcp4-n090-r08-05,709.6515018862839,5733.500149999996,5733.770591803277,4.7168709550107254e-5,8.942128889,700.7093729972839,696.1153622670003,696.0703455330001,426,420,2203,323,470,,,,,
sd_p0100,mcp4-n090-r08-06,838.208363855434,6854.833483333332,6854.833483333332,0.0,8.720225895,829.488137960434,821.8530988810003,821.8108521779997,432,415,4225,324,469,,,,,
sd_p0100,mcp4-n090-r08-07,732.0206398456007,6628.500150000001,6628.500150000001,0.0,7.486748883,724.5338909626007,719.6557265919997,719.6186703620001,400,388,2862,324,471,,,,,
sd_p0100,mcp4-n090-r08-08,618.2210192781405,5870.000150000002,5870.000150000002,0.0,8.907660256,609.3133590221405,592.979841965,592.9461300170005,371,363,11872,321,466,,,,,
sd_p0100,mcp4-n090-r08-09,503.66757379017616,5690.500150000007,5690.500150000007,0.0,7.798774819,495.86879897117615,461.9173816829999,461.83075141899974,354,349,28139,328,475,,,,,
sd_p0100,mcp4-n090-r08-10,957.7007881058902,6615.000100000001,6615.000100000001,0.0,8.777887906,948.9229001998901,944.7441652889996,944.7065455859998,373,361,1873,324,470,,,,,
sd_p0100,mcp4-n090-r10-01,397.96014246296863,5127.500150000002,5127.580099999997,1.5592393497196357e-5,6.771264642,391.1888778209686,390.5627785600002,390.5407843009999,252,242,904,324,448,,,,,
sd_p0100,mcp4-n090-r10-02,259.3154059851606,4945.000199999999,4945.000199999998,0.0,5.928667208,253.38673877716064,246.33211536000007,246.303997193,286,279,4895,319,441,,,,,
sd_p0100,mcp4-n090-r10-03,220.08802675922203,4279.000100000001,4279.000100000001,0.0,7.244612691,212.84341406822205,212.45175360200008,212.4331603899999,211,207,373,327,450,,,,,
sd_p0100,mcp4-n090-r10-04,241.32698357656201,4416.000100000004,4416.000100000004,0.0,6.513000613,234.813982963562,234.09926734899992,234.07085685399989,298,291,738,327,451,,,,,
sd_p0100,mcp4-n090-r10-05,435.2377670066597,4297.000100000002,4297.000100000002,0.0,7.434243943,427.80352306365967,424.94499358800005,424.9140058120001,316,310,1435,329,454,,,,,
sd_p0100,mcp4-n090-r10-06,382.85667583939284,4412.000200000003,4412.000200000003,0.0,6.755957818,376.1007180213928,372.78644884100004,372.7596227090004,339,330,1602,322,447,,,,,
sd_p0100,mcp4-n090-r10-07,268.5551728539447,4309.000099999999,4309.000099999999,0.0,6.00517767,262.5499951839447,257.154182203,257.13069735700003,287,274,3678,322,446,,,,,
sd_p0100,mcp4-n090-r10-08,303.70480679293564,4828.000133333334,4828.18437448819,3.816096722614436e-5,4.738277662,298.96652913093567,294.0579148259997,294.0233738069999,359,351,5716,321,444,,,,,
sd_p0100,mcp4-n090-r10-09,254.6565247041438,5061.000100000001,5061.000100000001,0.0,5.798274563,248.8582501411438,248.27336251999995,248.245844585,304,294,644,317,439,,,,,
sd_p0100,mcp4-n090-r10-10,469.8174152149657,4562.400140000008,4562.400140000008,0.0,6.146739222,463.6706759929657,448.6108564890002,448.5689560489999,410,397,8779,328,452,,,,,
sd_p0100,mcp4-n090-r12-01,230.53003557415587,3706.4001400000016,3706.4001400000016,0.0,4.61525758,225.91477799415588,224.69301533900008,224.67367296900014,294,286,1253,328,438,,,,,
sd_p0100,mcp4-n090-r12-02,174.56095133125513,3871.000150000006,3871.000150000006,0.0,4.458297351,170.10265398025513,168.915894316,168.903583194,221,215,957,322,430,,,,,
sd_p0100,mcp4-n090-r12-03,195.0797761347754,3755.000100000001,3755.000100000001,0.0,5.029937115,190.0498390197754,189.54826394,189.528280422,268,258,413,327,436,,,,,
sd_p0100,mcp4-n090-r12-04,171.06730123871264,3608.0001499999994,3608.0001499999994,0.0,5.198300327,165.86900091171265,165.419822456,165.40195068100005,245,238,479,324,432,,,,,
sd_p0100,mcp4-n090-r12-05,210.39152017922876,3550.0001,3550.0001,0.0,4.866745151,205.52477502822876,204.27576958100013,204.25060427,305,294,921,323,433,,,,,
sd_p0100,mcp4-n090-r12-06,221.06720117138917,3339.0002000000004,3339.0002000000004,0.0,4.829079185,216.23812198638916,212.21130590400006,212.17334306500015,354,343,1923,322,430,,,,,
sd_p0100,mcp4-n090-r12-07,156.1007742626024,3782.500149999997,3782.500149999997,0.0,3.909781192,152.19099307060242,144.18988864500008,144.17279089799993,218,213,7310,323,433,,,,,
sd_p0100,mcp4-n090-r12-08,121.34737470488355,3672.0000999999975,3672.0000999999975,0.0,5.900975493,115.44639921188354,113.68243326,113.66541309900005,236,231,818,323,430,,,,,
sd_p0100,mcp4-n090-r12-09,41.23047581988989,4184.000099999999,4184.000099999999,0.0,3.187998689,38.04247713088989,37.886066697999986,37.880557296,81,79,39,321,430,,,,,
sd_p0100,mcp4-n090-r12-10,182.7535036481636,3350.3334666666665,3350.3334666666665,0.0,5.077078668,177.67642498016357,173.707416517,173.68449089100002,269,262,2761,327,437,,,,,
sd_p0100,mcp4-n090-r14-01,152.74761569903822,3413.000100000002,3413.000100000002,0.0,2.755350713,149.9922649860382,149.58343294099998,149.566334989,258,251,539,325,422,,,,,
sd_p0100,mcp4-n090-r14-02,188.55926891735228,3182.0001499999994,3182.0001499999994,0.0,3.3236241,185.2356448173523,183.96313775899998,183.93938006800002,268,259,991,327,426,,,,,
sd_p0100,mcp4-n090-r14-03,68.60595522377758,3149.0001999999995,3149.0001999999995,0.0,3.829574208,64.77638101577759,64.561119604,64.554601916,119,115,129,324,421,,,,,
sd_p0100,mcp4-n090-r14-04,126.11361324379223,3646.0001,3646.0001,0.0,3.078254338,123.03535890579224,122.47809233600005,122.45979811199996,260,251,689,328,427,,,,,
sd_p0100,mcp4-n090-r14-05,84.82436362424585,3044.0001,3044.0001,0.0,3.794973766,81.02938985824585,80.59290221800002,80.58329215099998,170,162,430,326,426,,,,,
sd_p0100,mcp4-n090-r14-06,186.02937645277171,3399.3334666666633,3399.3334666666633,0.0,3.545258468,182.48411798477173,180.57728238599987,180.5505291569999,313,300,859,324,421,,,,,
sd_p0100,mcp4-n090-r14-07,200.47712138351795,2659.666833333333,2659.666833333333,0.0,3.369541437,197.10757994651794,192.742146979,192.710441266,337,326,3109,327,427,,,,,
sd_p0100,mcp4-n090-r14-08,164.49924033634144,2623.5001333333353,2623.5001333333353,0.0,4.281289277,160.21795105934143,156.6690127450001,156.644854358,286,279,952,319,415,,,,,
sd_p0100,mcp4-n090-r14-09,143.02008518084278,2984.0002000000004,2984.0002000000004,0.0,4.086760367,138.93332481384277,135.88372478400007,135.863342847,266,258,818,326,425,,,,,
sd_p0100,mcp4-n090-r14-10,160.45169985711365,2664.0001,2664.0001,0.0,3.6626128,156.78908705711365,154.01510526300012,153.9822774470002,373,357,2243,324,422,,,,,
sd_p0100,mcp4-n090-r16-01,134.67594434709608,2082.333466666667,2082.333466666667,0.0,3.310521383,131.36542296409607,130.84246680399997,130.82164418799996,325,310,603,322,412,,,,,
sd_p0100,mcp4-n090-r16-02,62.06972930479309,2594.000150000001,2594.000150000001,0.0,2.93824122,59.13148808479309,58.63396017300003,58.53374998799999,195,188,667,327,419,,,,,
sd_p0100,mcp4-n090-r16-03,82.68404030634021,2573.333466666667,2573.3334666666665,0.0,2.844767092,79.83927321434021,79.35739922,79.34577708100005,219,212,646,324,415,,,,,
sd_p0100,mcp4-n090-r16-04,95.624185820823,2174.000140000001,2174.000140000001,0.0,3.163332721,92.460853099823,88.156018423,88.14430537000003,205,195,3308,323,414,,,,,
sd_p0100,mcp4-n090-r16-05,87.83477614981177,2710.000149999999,2710.000149999999,0.0,2.264009224,85.57076692581177,85.09455440099997,85.07390758499996,260,247,717,327,418,,,,,
sd_p0100,mcp4-n090-r16-06,94.78846529003516,2677.0001,2677.0001,0.0,3.130590229,91.65787506103516,90.06350616300006,90.04997365300002,248,240,1140,326,416,,,,,
sd_p0100,mcp4-n090-r16-07,69.98214512839868,2343.0001500000003,2343.0001500000003,0.0,2.341117201,67.64102792739868,67.411989066,67.39918272600002,205,199,256,322,413,,,,,
sd_p0100,mcp4-n090-r16-08,80.81475249972986,2537.0001,2537.0001,0.0,1.964792411,78.84996008872986,78.57558350299999,78.56426776099998,219,210,205,324,415,,,,,
sd_p0100,mcp4-n090-r16-09,83.54777150846937,2431.000199999998,2431.000199999998,0.0,3.630710418,79.91706109046936,78.60452923299998,78.59138995299999,196,187,1262,322,414,,,,,
sd_p0100,mcp4-n090-r16-10,124.17923663574487,2754.000100000001,2754.000100000001,0.0,2.127593741,122.05164289474487,120.90234400499996,120.88308506500006,336,330,946,324,416,,,,,
sd_p0100,mcp4-n100-r08-01,1777.7432204426746,6727.000199999995,6727.481581481482,7.155960564517392e-5,12.020999545,1765.7222208976746,1750.0183231310011,1749.9249119539998,687,675,8863,341,492,,,,,
sd_p0100,mcp4-n100-r08-02,1303.641027635614,7489.764852941173,7489.8816854258985,1.559895230621825e-5,10.371149725,1293.269877910614,1275.2345515590002,1275.165883687,565,556,9472,352,505,,,,,
sd_p0100,mcp4-n100-r08-03,1536.2280789774165,7652.500150000003,7652.500150000003,0.0,11.218728916,1525.0093500614166,1521.2673430209998,1521.2144500349991,433,424,1742,345,496,,,,,
sd_p0100,mcp4-n100-r08-04,611.7650360077732,6973.6667999999945,6974.312650000007,9.261268404917418e-5,10.939785859,600.8252501487732,593.112532958,593.0685171599996,408,401,5068,355,508,,,,,
sd_p0100,mcp4-n100-r08-05,1539.8922837318596,7837.000100000008,7837.000100000008,0.0,9.938064629,1529.9542191028595,1527.6516246570013,1527.5776803259982,578,571,950,344,494,,,,,
sd_p0100,mcp4-n100-r08-06,2212.879149682866,6773.400140000005,6773.400140000005,0.0,13.514617689,2199.364531993866,2170.0811859120013,2170.0219218889997,507,495,17314,348,499,,,,,
sd_p0100,mcp4-n100-r08-07,1911.5570018308808,7155.000149999996,7155.500100000002,6.987421237242194e-5,14.101897003,1897.4551048278809,1865.6739460530005,1865.589707326,680,670,17650,342,494,,,,,
sd_p0100,mcp4-n100-r08-08,1665.1275980446187,7455.000166666665,7455.000166666665,0.0,12.208024976,1652.9195730686188,1641.3173866349994,1641.246815926999,589,576,5619,349,502,,,,,
sd_p0100,mcp4-n100-r08-09,982.0542555931572,8006.000100000001,8006.000100000001,0.0,11.038361657,971.0158939361572,954.7442503429995,954.7073606870001,357,352,9741,347,499,,,,,
sd_p0100,mcp4-n100-r08-10,758.744000534124,7545.0000999999975,7545.0000999999975,0.0,10.725409607,748.018590927124,744.6285430130005,744.5885737919995,398,390,933,349,502,,,,,
sd_p0100,mcp4-n100-r10-01,805.0550085715629,5748.000100000001,5748.555467495209,9.661925635804607e-5,8.990599554,796.0644090175629,779.1007894489996,779.0531217579999,439,433,25547,345,470,,,,,
sd_p0100,mcp4-n100-r10-02,786.7006127045295,5565.500149999996,5566.007152817713,9.109744031126591e-5,8.68385164,778.0167610645294,749.0073054439999,748.9666760279998,408,397,22918,351,478,,,,,
sd_p0100,mcp4-n100-r10-03,736.164519419942,5742.0002,5742.0002,0.0,8.38706862,727.777450799942,727.0743891839996,727.045698465,306,299,762,344,470,,,,,
sd_p0100,mcp4-n100-r10-04,544.9361318445788,5337.000100000008,5337.000100000008,0.0,8.573910842,536.3622210025787,489.1734121719999,489.1415961010004,340,332,33056,348,475,,,,,
sd_p0100,mcp4-n100-r10-05,692.2501919281979,5641.60012000001,5642.117747058824,9.175181647109695e-5,8.306942941,683.9432489871979,615.2251108440001,615.1551278589995,606,600,44211,342,467,,,,,
sd_p0100,mcp4-n100-r10-06,244.5613928283739,4740.285857142853,4740.285857142853,0.0,8.784282967,235.7771098613739,235.17772093599993,235.16224924800002,194,189,632,351,479,,,,,
sd_p0100,mcp4-n100-r10-07,642.5517435665151,4962.000100000001,4962.000100000001,0.0,9.052427351,633.4993162155151,618.6620557849998,618.6227308930007,385,375,9272,347,475,,,,,
sd_p0100,mcp4-n100-r10-08,545.6708088918176,5207.200239999997,5207.200239999997,0.0,10.323403935,535.3474049568176,524.8205639090002,524.7909892349996,313,310,8367,349,476,,,,,
sd_p0100,mcp4-n100-r10-09,839.7179616593231,5493.0002,5493.0002,0.0,9.449709525,830.2682521343231,829.3358067679998,829.2955687139997,395,384,895,344,471,,,,,
sd_p0100,mcp4-n100-r10-10,247.65812509656786,5179.000099999999,5179.0001,0.0,7.944457227,239.71366786956787,239.3194159950002,239.30423879499995,194,189,442,344,471,,,,,
sd_p0100,mcp4-n100-r12-01,498.9429983526046,4715.000100000004,4715.440100000003,9.331919208222275e-5,6.089916411,492.8530819416046,488.619445043,488.57502324499967,461,452,3772,354,466,,,,,
sd_p0100,mcp4-n100-r12-02,537.1825864381246,4416.750149999996,4416.750149999997,0.0,8.168992526,529.0135939121246,523.405873296,523.3539123770001,445,435,2682,347,459,,,,,
sd_p0100,mcp4-n100-r12-03,376.31900736503286,4371.000100000005,4371.000100000005,0.0,6.389409272,369.92959809303284,365.0447966129999,365.01696907100006,379,373,6665,346,458,,,,,
sd_p0100,mcp4-n100-r12-04,755.7491487890007,4026.000100000001,4026.3646832942613,9.055719950434879e-5,8.406707707,747.3424410820007,721.5662390749993,721.5004994119998,591,582,15866,347,458,,,,,
sd_p0100,mcp4-n100-r12-05,351.3761313087567,4321.000100000001,4321.000100000001,0.0,7.083930505,344.2922008037567,343.5487886349999,343.4751035130002,408,395,809,345,455,,,,,
sd_p0100,mcp4-n100-r12-06,122.96591474117932,4808.000100000001,4808.000100000001,0.0,6.946537748,116.01937699317932,115.78116712699996,115.772523382,142,137,142,347,459,,,,,
sd_p0100,mcp4-n100-r12-07,457.95747694582883,4274.000200000002,4274.000200000002,0.0,6.47193894,451.48553800582886,448.6315067559998,448.5814094209999,461,449,1555,346,456,,,,,
sd_p0100,mcp4-n100-r12-08,651.1919025671543,4097.000133333333,4097.000133333333,0.0,6.729366709,644.4625358581543,637.076586383,637.0230732689997,495,480,5404,349,460,,,,,
sd_p0100,mcp4-n100-r12-09,129.4533262139413,4716.000100000001,4716.000100000001,0.0,8.623785246,120.82954096794128,120.60273129899998,120.59560635300004,93,90,132,347,458,,,,,
sd_p0100,mcp4-n100-r12-10,129.71234620755433,3990.0001000000007,3990.0001000000007,0.0,6.37876023,123.33358597755432,123.02341060800003,123.014202435,168,163,300,349,461,,,,,
sd_p0100,mcp4-n100-r14-01,246.28619799680993,3127.0001,3127.0001,0.0,7.481690026,238.80450797080994,237.28233138800002,237.23980854200028,352,342,1207,347,447,,,,,
sd_p0100,mcp4-n100-r14-02,351.2397849941971,3279.000100000004,3279.200099999998,6.099420368860645e-5,6.556945839,344.68283915519714,336.07604524200013,336.0168884429996,451,442,8902,348,448,,,,,
sd_p0100,mcp4-n100-r14-03,193.55565771988415,3916.0001,3916.0001,0.0,5.774411773,187.78124594688416,181.93353276199986,181.89740767099988,322,310,4488,346,442,,,,,
sd_p0100,mcp4-n100-r14-04,162.15031242490895,3715.0001,3715.0001,0.0,4.114523412,158.03578901290894,157.74429118000003,157.72667818900007,176,168,249,347,446,,,,,
sd_p0100,mcp4-n100-r14-05,293.0577468666521,3551.000100000001,3551.000100000001,0.0,4.340307692,288.7174391746521,287.2850052779999,287.247267761,294,289,1237,345,445,,,,,
sd_p0100,mcp4-n100-r14-06,289.7136124569486,3210.000150000002,3210.000150000002,0.0,7.707707544,282.0059049129486,277.4858805000002,277.43928003699995,384,379,3607,348,448,,,,,
sd_p0100,mcp4-n100-r14-07,236.6157396780072,3198.000200000001,3198.000200000001,0.0,5.737985705,230.8777539730072,230.337018156,230.292070019,364,356,503,352,451,,,,,
sd_p0100,mcp4-n100-r14-08,257.78816486344834,3560.0001,3560.0001,0.0,4.653893957,253.13427090644836,250.85480579899993,250.81707773000002,314,306,819,348,446,,,,,
sd_p0100,mcp4-n100-r14-09,124.72080097165113,3627.7501625000014,3627.7501625000014,0.0,4.851225948,119.86957502365112,119.56873996300004,119.55064454100001,169,163,251,341,438,,,,,
sd_p0100,mcp4-n100-r14-10,226.1565334933966,3540.6001399999996,3540.6001399999996,0.0,6.17781259,219.9787209033966,218.58313696600007,218.539092978,363,355,809,347,446,,,,,
sd_p0100,mcp4-n100-r16-01,225.1700297617505,3241.0001000000016,3241.0001000000016,0.0,3.37646878,221.7935609817505,220.36482002500006,220.33460686200004,324,316,895,344,434,,,,,
sd_p0100,mcp4-n100-r16-02,41.243978891696656,2910.000149999999,2910.000149999999,0.0,3.969446812,37.274532079696655,37.029690818999995,37.02401367999998,94,89,343,342,429,,,,,
sd_p0100,mcp4-n100-r16-03,146.93077207528125,3159.0000999999997,3159.0000999999997,0.0,3.191209087,143.73956298828125,143.4204446240001,143.39594373599996,265,252,263,353,442,,,,,
sd_p0100,mcp4-n100-r16-04,128.915027171046,3067.0000999999997,3067.0000999999997,0.0,4.737505227,124.17752194404602,123.95661573199996,123.94468227600005,152,148,104,344,433,,,,,
sd_p0100,mcp4-n100-r16-05,50.64114599748376,2811.000100000001,2811.000100000001,0.0,5.140451961,45.500694036483765,45.26137108999999,45.252858442999994,111,108,198,346,436,,,,,
sd_p0100,mcp4-n100-r16-06,26.989211489893556,2984.0000999999993,2984.0000999999993,0.0,4.257966449,22.731245040893555,22.568137506,22.564431763,55,51,103,345,435,,,,,
sd_p0100,mcp4-n100-r16-07,122.64671141315625,2678.0001000000007,2678.0001000000007,0.0,5.228681628,117.41802978515625,117.068260907,117.04925372900003,215,206,294,345,435,,,,,
sd_p0100,mcp4-n100-r16-08,212.10505441002832,3016.0002000000004,3016.0002000000004,0.0,4.290431531,207.81462287902832,206.8285592180001,206.7976554639999,329,323,826,350,440,,,,,
sd_p0100,mcp4-n100-r16-09,150.50731669145264,2889.0001600000014,2889.0001600000014,0.0,4.796696765,145.71061992645264,145.28542866199987,145.26126092099997,264,254,398,344,433,,,,,
sd_p0100,mcp4-n100-r16-10,158.99812132763807,2992.000100000001,2992.000100000001,0.0,3.452860183,155.54526114463806,155.1131505900001,155.08456566499996,312,298,518,342,432,,,,,
sd_p0100,mcp4-n110-r08-01,3309.4141682133322,7634.000200000004,7634.000200000004,0.0,21.236496304,3288.1776719093323,3284.6054516679997,3284.538570949001,490,481,1719,372,530,,,,,
sd_p0100,mcp4-n110-r08-02,3145.0631438872783,7522.000100000003,7522.000100000003,0.0,23.159923949,3121.903219938278,3114.9710896710003,3114.9118506380028,459,449,3791,366,524,,,,,
sd_p0100,mcp4-n110-r08-03,3290.7208781177287,8261.000150000007,8261.777977777772,9.415661102066386e-5,21.044735902,3269.6761422157288,3246.806101160998,3246.702017227,696,686,17055,366,524,,,,,
sd_p0100,mcp4-n110-r08-04,2650.3706550312104,8120.000100000002,8120.000100000001,0.0,20.721142025,2629.6495130062103,2628.6970870709997,2628.662435986001,287,282,854,367,523,,,,,
sd_p0100,mcp4-n110-r08-05,1375.0341821029756,7733.333500000001,7733.333500000001,0.0,23.094067128,1351.9401149749756,1347.0690325029996,1347.0421313909999,266,262,1625,366,523,,,,,
sd_p0100,mcp4-n110-r08-06,3943.0688180500565,7878.000200000008,14835.18188664421,0.883115195483772,24.285057264,3918.7837607860565,3879.2126461899993,3879.1217046079964,629,625,20772,368,526,,,,,
sd_p0100,mcp4-n110-r08-07,3606.798107362094,6110.000100000003,14092.796739149322,1.3065133401797024,28.49950645,3578.298600912094,3564.2148203370034,3564.151155329,484,477,6437,367,524,,,,,
sd_p0100,mcp4-n110-r08-08,1929.0524370357416,8720.3335,8720.3335,0.0,23.868169038,1905.1842679977417,1859.2601868699983,1859.1963313499987,513,511,38256,365,521,,,,,
sd_p0100,mcp4-n110-r08-09,3960.116269510326,8865.833466666663,9057.790243206604,0.02165129508259438,24.847393673,3935.268875837326,3929.705120378998,3929.603354645998,668,660,2191,365,523,,,,,
sd_p0100,mcp4-n110-r08-10,3144.495959459312,7896.000199999998,7896.748079797988,9.471628407382874e-5,23.360417305,3121.135542154312,2990.134756368,2990.0605262629997,589,582,78411,369,525,,,,,
sd_p0100,mcp4-n110-r10-01,1705.9039494708516,5975.000100000001,5975.000100000001,0.0,14.779300423,1691.1246490478516,1687.068531014999,1686.9997594010008,571,559,1957,365,494,,,,,
sd_p0100,mcp4-n110-r10-02,836.6132616424848,5588.000100000006,5588.221452360666,3.961208960261166e-5,15.34478158,821.2684800624847,816.9089194870003,816.8751195240003,367,362,2002,371,501,,,,,
sd_p0100,mcp4-n110-r10-03,1490.5208212350271,6293.200140000001,6293.612878125284,6.558477660030139e-5,14.852454326,1475.668366909027,1333.5867108620005,1333.5320589439996,528,522,81846,358,487,,,,,
sd_p0100,mcp4-n110-r10-04,2502.0349630686815,5736.000100000002,5736.454645454551,7.924432472528704e-5,15.422833142,2486.6121299266815,2424.3939807379993,2424.2347378110026,905,888,41131,367,497,,,,,
sd_p0100,mcp4-n110-r10-05,1680.1544180763074,6081.666799999997,6081.666799999997,0.0,16.52794608,1663.6264719963074,1662.6232272039992,1662.5554989850004,475,465,747,363,492,,,,,
sd_p0100,mcp4-n110-r10-06,738.9667435822615,6171.000099999995,6171.000099999995,0.0,12.922308558,726.0444350242615,725.3597210429999,725.3260049419998,275,267,641,370,499,,,,,
sd_p0100,mcp4-n110-r10-07,2620.5203304942092,6631.000100000001,6631.000100000001,0.0,15.640338486,2604.8799920082092,2596.9848748880027,2596.896944395999,579,566,5080,365,495,,,,,
sd_p0100,mcp4-n110-r10-08,2868.52986834771,6140.000149999999,6140.248988888894,4.052750534461786e-5,18.837272389,2849.6925959587097,2827.709007779001,2827.5785547490004,768,751,11538,368,497,,,,,
sd_p0100,mcp4-n110-r10-09,2637.2333872727004,6376.000149999998,6376.453659027779,7.112751209414028e-5,17.551337283,2619.6820499897003,2605.0560947810013,2604.959554600999,608,593,7136,370,500,,,,,
sd_p0100,mcp4-n110-r10-10,2338.242684512557,6065.000139999997,6065.000139999997,0.0,17.423663526,2320.819020986557,2311.4441884310004,2311.3508733949993,690,679,4520,369,499,,,,,
sd_p0100,mcp4-n110-r12-01,753.1619839639803,5279.500149999996,5279.500149999996,0.0,8.701080081,744.4609038829803,733.1373567119992,733.0944021509999,427,421,8365,366,476,,,,,
sd_p0100,mcp4-n110-r12-02,861.6293524577319,4376.000100000001,4376.000100000001,0.0,12.730366595,848.8989858627319,846.1727423610002,846.1238814620001,467,457,1128,367,479,,,,,
sd_p0100,mcp4-n110-r12-03,553.975258520332,5184.000099999999,5184.000099999999,0.0,12.47488468,541.500373840332,539.1291828379998,539.1028604779997,304,299,923,373,485,,,,,
sd_p0100,mcp4-n110-r12-04,859.4218907080066,4269.000099999999,4269.000099999999,0.0,12.056717845,847.3651728630066,843.7820871190003,843.7145328359994,560,550,1484,369,481,,,,,
sd_p0100,mcp4-n110-r12-05,552.8712588698104,4786.500150000002,4786.500150000002,0.0,14.042232886,538.8290259838104,493.9513702999999,493.91484861400005,370,366,32069,369,480,,,,,
sd_p0100,mcp4-n110-r12-06,1438.9307964480759,4867.666800000002,4867.666800000001,0.0,12.798691336,1426.1321051120758,1417.9905227120012,1417.9177818669993,566,553,4307,369,479,,,,,
sd_p0100,mcp4-n110-r12-07,1119.3308287817958,5195.500150000002,5195.954191487063,8.739129515021928e-5,11.983436938,1107.3473918437958,1069.771905037,1069.6956318510001,602,592,25908,364,475,,,,,
sd_p0100,mcp4-n110-r12-08,1101.1072458475512,4649.555699999998,4649.555699999998,0.0,14.107831642,1086.9994142055511,1072.4482175279998,1072.3811298699989,558,546,10371,366,478,,,,,
sd_p0100,mcp4-n110-r12-09,1444.578048964429,4766.000166666668,4766.1440779160575,3.019539327682849e-5,12.102232953,1432.4758160114288,1416.016810975999,1415.9479243840005,594,577,9457,367,479,,,,,
sd_p0100,mcp4-n110-r12-10,612.6801311458066,4922.000100000001,4922.000100000001,0.0,13.076764294,599.6033668518066,598.9858327889999,598.95445781,363,354,459,364,473,,,,,
sd_p0100,mcp4-n110-r14-01,517.6090700139316,4101.800179999997,4101.800179999997,0.0,6.453701209,511.15536880493164,500.2617829440004,500.21090127499997,464,454,6805,369,467,,,,,
sd_p0100,mcp4-n110-r14-02,433.9043799877362,4067.0001333333316,4067.0001333333316,0.0,9.41146698,424.4929130077362,423.89350435599965,423.858955051,356,352,389,364,462,,,,,
sd_p0100,mcp4-n110-r14-03,381.2332253213297,4554.000100000001,4554.000100000001,0.0,7.724800324,373.5084249973297,371.34076420300016,371.304993027,392,380,990,363,462,,,,,
sd_p0100,mcp4-n110-r14-04,346.09601373021167,4383.000100000003,4383.000100000003,0.0,6.845384782,339.25062894821167,338.8204500800002,338.7929196950003,312,304,361,370,469,,,,,
sd_p0100,mcp4-n110-r14-05,714.367369431717,3578.0001000000016,3578.0001000000016,0.0,9.3438945,705.0234749317169,699.96778889,699.9170274350003,487,478,4806,370,468,,,,,
sd_p0100,mcp4-n110-r14-06,346.61295973550915,3597.0001999999995,3597.0001999999995,0.0,10.380297773,336.23266196250916,328.6318867019997,328.60717477799966,280,277,6439,369,468,,,,,
sd_p0100,mcp4-n110-r14-07,404.8777013009363,4315.166799999997,4315.38651363637,5.0916603356547956e-5,8.588044185,396.2896571159363,384.274377522,384.245633208,316,309,8819,362,459,,,,,
sd_p0100,mcp4-n110-r14-08,325.4055883895754,4166.6668000000045,4166.6668000000045,0.0,7.789430381,317.61615800857544,316.97016922399985,316.9436985589999,333,325,824,368,466,,,,,
sd_p0100,mcp4-n110-r14-09,502.10412157509484,4067.0001999999995,4067.0001999999995,0.0,7.508001456,494.59612011909485,493.7577108259996,493.7090015690003,487,475,739,365,464,,,,,
sd_p0100,mcp4-n110-r14-10,788.7974061020684,3643.0002,3643.2906301869452,7.97228029098891e-5,10.782853032,778.0145530700684,749.8374715770001,749.7591277589996,611,599,36767,366,465,,,,,
sd_p0100,mcp4-n110-r16-01,301.3490149639918,3365.0000999999966,3365.0000999999966,0.0,5.291429963,296.0575850009918,294.01620921200004,293.9824285309999,379,368,2023,368,457,,,,,
sd_p0100,mcp4-n110-r16-02,359.1824945036062,3295.0001,3295.0001,0.0,5.924045426,353.2584490776062,352.64188917700017,352.598586519,417,410,504,359,446,,,,,
sd_p0100,mcp4-n110-r16-03,154.6815335878529,3681.0002000000004,3681.0002000000004,0.0,6.315143598,148.3663899898529,148.01247915900004,147.994684158,204,198,469,372,461,,,,,
sd_p0100,mcp4-n110-r16-04,379.6743866687982,3299.3335000000034,3299.3335000000034,0.0,7.25127976,372.4231069087982,368.2216951559998,368.18529799700013,360,353,3761,364,452,,,,,
sd_p0100,mcp4-n110-r16-05,214.06450836306837,3513.0001000000007,3513.0001000000007,0.0,5.065580293,208.99892807006836,208.6348515809999,208.620140215,216,209,371,366,454,,,,,
sd_p0100,mcp4-n110-r16-06,409.45877195133926,3310.5001500000017,3310.5001500000017,0.0,5.561112888,403.89765906333923,365.75326370700014,365.70395308999974,547,534,40487,366,455,,,,,
sd_p0100,mcp4-n110-r16-07,512.9821373110856,3346.0000999999997,3346.0228272727268,6.79237060603336e-6,5.629203189,507.35293412208557,493.1340638590002,493.08750102099987,505,494,9698,360,449,,,,,
sd_p0100,mcp4-n110-r16-08,220.26090054883886,3322.0001500000017,3322.0001500000017,0.0,5.347938589,214.91296195983887,214.55695761500004,214.53565172500004,271,261,238,369,457,,,,,
sd_p0100,mcp4-n110-r16-09,410.5602538051277,3576.0001,3576.0001,0.0,6.333363718,404.2268900871277,403.54028835900004,403.51220973299985,334,320,729,368,456,,,,,
sd_p0100,mcp4-n110-r16-10,314.0091875794879,3257.0001000000007,3257.0001000000007,0.0,7.54520762,306.4639799594879,305.3209819479998,305.290464369,348,339,833,368,456,,,,,
sd_p0100,mcp4-n120-r08-01,4044.2023248748824,6470.500149999999,45129.97917301881,5.974728093162754,36.794759758,4007.4075651168823,4006.5090697439996,4006.443915678,451,446,510,389,552,,,,,
sd_p0100,mcp4-n120-r08-02,3610.218200406724,7697.800139999999,18625.99486160626,1.4196516566882786,38.205643377,3572.012557029724,3562.3150854419982,3562.239957905,560,554,5684,387,548,,,,,
sd_p0100,mcp4-n120-r08-03,3688.506383235296,7566.250124999991,16324.530734327853,1.1575457412370267,35.170388038,3653.335995197296,3585.291540930996,3585.2027820699996,649,644,39655,391,554,,,,,
sd_p0100,mcp4-n120-r08-04,3607.8467968861914,7208.956556521738,16966.442040379916,1.3535225808832012,39.130048887,3568.7167479991913,3561.297060939999,3561.216689314998,595,590,3671,383,545,,,,,
sd_p0100,mcp4-n120-r08-05,4592.810371626154,7804.666799999995,18100.102672297453,1.3191384252685154,35.331774462,4557.478597164154,4548.680349603002,4548.620369466999,459,454,3661,383,544,,,,,
sd_p0100,mcp4-n120-r08-06,3691.003497188634,6587.000200000014,16750.13559218625,1.5429080132996222,41.267225092,3649.736272096634,3632.8354679900035,3632.7606644270004,553,547,10873,388,551,,,,,
sd_p0100,mcp4-n120-r08-07,3618.685446917356,6114.000199999991,17831.179953451356,1.916450665711686,46.165112912,3572.520334005356,3561.0197944040005,3560.9566452480003,515,509,5217,388,551,,,,,
sd_p0100,mcp4-n120-r08-08,3688.39822498613,7677.000199999997,18435.24634687239,1.4013606703921146,44.585636056,3643.81258893013,3633.197928863997,3633.1335751639976,560,546,3772,380,539,,,,,
sd_p0100,mcp4-n120-r08-09,3627.5922161271637,7727.333522222232,18356.649441371464,1.3755477084794505,52.320306175,3575.2719099521637,3564.8509485599984,3564.7909171179986,478,473,4134,396,559,,,,,
sd_p0100,mcp4-n120-r08-10,3609.8625020979207,7702.000100000001,9900.737056457681,0.2854761007413749,29.674263954,3580.188238143921,3576.395967372001,3576.3390641490014,467,460,1384,385,544,,,,,
sd_p0100,mcp4-n120-r10-01,3613.92671735856,6306.000200000004,7500.676727431778,0.18945075952134813,22.466229516,3591.46048784256,3575.5008320829957,3575.3246588329994,955,940,7877,382,515,,,,,
sd_p0100,mcp4-n120-r10-02,4327.405883608037,7276.000100000002,7445.621570647967,0.02331246128597015,24.188344536,4303.217539072037,4298.693380574999,4298.583600414001,664,654,1949,394,527,,,,,
sd_p0100,mcp4-n120-r10-03,1920.9709547051136,7147.000150000002,7147.000150000002,0.0,25.21485262,1895.7561020851135,1892.5558968620014,1892.5010209970003,364,358,1490,385,516,,,,,
sd_p0100,mcp4-n120-r10-04,3733.8261701535475,6879.333466666665,11149.92817692307,0.620786116990734,21.70866508,3712.1175050735474,3699.4642531569984,3699.339452978002,813,803,5376,394,527,,,,,
sd_p0100,mcp4-n120-r10-05,3796.826740320621,6967.000100000005,10772.666866666672,0.5462418131250873,24.368125256,3772.458615064621,3765.1729201880044,3765.0515027200004,733,724,4425,384,515,,,,,
sd_p0100,mcp4-n120-r10-06,1327.0424757413678,7058.000100000001,7058.000100000001,0.0,24.687833827,1302.3546419143677,1300.2893046780007,1300.24970531,374,366,809,395,528,,,,,
sd_p0100,mcp4-n120-r10-07,3524.848547651377,7019.000100000001,7019.22809615911,3.248271204732465e-5,26.389391615,3498.459156036377,3497.049153081002,3496.979630482001,517,507,1295,384,517,,,,,
sd_p0100,mcp4-n120-r10-08,1805.8768476483747,7300.000099999999,7300.000099999999,0.0,22.599311733,1783.2775359153748,1778.650600432001,1778.6075175349995,392,384,2124,383,515,,,,,
sd_p0100,mcp4-n120-r10-09,2861.9551898527657,6495.000100000001,6495.000100000001,0.0,24.343194871,2837.6119949817657,2831.6470784349995,2831.5614730390002,632,625,3178,397,530,,,,,
sd_p0100,mcp4-n120-r10-10,3758.667811829347,6287.000100000001,10373.82895976266,0.650044344641041,24.291708905,3734.376102924347,3596.746430453999,3596.6572422270015,659,649,72448,385,517,,,,,
sd_p0100,mcp4-n120-r12-01,1192.2333277713549,5697.000100000001,5697.000100000001,0.0,15.340154792,1176.8931729793549,1176.1990566489999,1176.1548684169998,385,374,512,381,494,,,,,
sd_p0100,mcp4-n120-r12-02,2299.0481908155934,5520.0002,5520.4111084371225,7.443993156414899e-5,17.673085673,2281.3751051425934,2276.6500559510023,2276.557842444,662,651,2171,390,503,,,,,
sd_p0100,mcp4-n120-r12-03,1102.33355245475,5226.000150000006,5226.000150000006,0.0,17.626791333,1084.7067611217499,1078.119950124,1078.0739939189993,457,450,4318,385,497,,,,,
sd_p0100,mcp4-n120-r12-04,2040.4688015933914,5197.000149999998,5197.4001499999995,7.696747901795911e-5,18.097887611,2022.3709139823914,1957.643772721001,1957.5647723239995,675,668,40762,391,503,,,,,
sd_p0100,mcp4-n120-r12-05,914.0766040629296,5477.000100000001,5477.000100000001,0.0,18.692917282,895.3836867809296,894.685872868,894.651762385,358,351,551,393,506,,,,,
sd_p0100,mcp4-n120-r12-06,2031.6686895114676,5150.300150000003,5150.64295714286,6.656061450264302e-5,18.330605529,2013.3380839824677,1967.6585767420006,1967.5699981360015,702,691,32664,387,498,,,,,
sd_p0100,mcp4-n120-r12-07,1980.9128560958418,5552.000100000007,5552.000100000007,0.0,18.962161058,1961.9506950378418,1959.558053768,1959.4865814530003,606,597,1361,391,502,,,,,
sd_p0100,mcp4-n120-r12-08,2730.4052180442795,5772.666799999999,5772.666799999999,0.0,18.631350914,2711.7738671302795,2705.1686376230014,2705.070602874001,730,720,5146,385,497,,,,,
sd_p0100,mcp4-n120-r12-09,1185.9281066796177,5736.000100000005,5736.000100000005,0.0,18.528272762,1167.3998339176178,1164.230682423,1164.170033266,531,524,1556,387,499,,,,,
sd_p0100,mcp4-n120-r12-10,2440.6553534288923,5593.000100000001,5593.000100000001,0.0,18.380911233,2422.2744421958923,2374.3407425300015,2374.2604366310024,653,635,28382,383,496,,,,,
sd_p0100,mcp4-n120-r14-01,866.9253606520629,4963.0001,4963.483583483491,9.741758487794505e-5,14.760365697,852.1649949550629,780.064401800999,780.0243346070005,412,405,46179,391,489,,,,,
sd_p0100,mcp4-n120-r14-02,1012.5789120856841,4841.000150000002,4841.448266737477,9.256697450735976e-5,12.063160247,1000.5157518386841,938.2415054400007,938.156766082,645,635,34791,384,481,,,,,
sd_p0100,mcp4-n120-r14-03,1350.408486848249,4269.333466666671,4269.668743785326,7.853149004950214e-5,15.400175815,1335.008311033249,1235.925934882,1235.8407401539998,602,589,53241,390,489,,,,,
sd_p0100,mcp4-n120-r14-04,1969.571144718143,4003.0001499999976,4003.3034572043966,7.576997078030628e-5,19.279508728,1950.2916359901428,1919.1682567630016,1919.0974034339995,510,494,20362,390,489,,,,,
sd_p0100,mcp4-n120-r14-05,570.7570362421935,4559.000099999999,4559.000099999999,0.0,14.110621247,556.6464149951935,554.1638280439998,554.1226320879997,346,340,1262,383,481,,,,,
sd_p0100,mcp4-n120-r14-06,1019.8627639575893,4695.000120000006,4695.000120000006,0.0,15.140616016,1004.7221479415894,1001.7426030470006,1001.6819959830001,472,465,1125,384,480,,,,,
sd_p0100,mcp4-n120-r14-07,1633.6496292663958,4324.333466666663,4324.333466666663,0.0,15.044599445,1618.6050298213959,1595.5206568460003,1595.384373289001,843,826,13741,381,477,,,,,
sd_p0100,mcp4-n120-r14-08,1134.2104572354544,4333.000199999997,4333.000199999997,0.0,13.184532076,1121.0259251594543,1118.7414233410002,1118.6971999820005,357,348,831,390,489,,,,,
sd_p0100,mcp4-n120-r14-09,1250.3041414829302,4077.0001,4077.39781928595,9.755194412424312e-5,14.874670467,1235.4294710159302,1225.5842077199995,1225.4921251759997,645,631,8621,385,484,,,,,
sd_p0100,mcp4-n120-r14-10,938.6106014025703,4344.0001,4344.0001,0.0,13.006765343,925.6038360595703,924.758056534,924.6970829720003,551,540,556,385,484,,,,,
sd_p0100,mcp4-n120-r16-01,683.9193400804432,3533.0001000000016,3533.0001000000016,0.0,9.518094248,674.4012458324432,673.6648768670002,673.6101911179993,515,505,509,383,470,,,,,
sd_p0100,mcp4-n120-r16-02,894.6039181610131,4065.000150000002,4065.071334100709,1.7511463242353614e-5,9.306948032,885.2969701290131,848.24732139,848.1842384810004,588,576,20445,387,474,,,,,
sd_p0100,mcp4-n120-r16-03,721.932207278115,4025.4001399999947,4025.4001399999947,0.0,7.182629279,714.749577999115,648.1668966080001,648.0936171400003,617,608,36844,388,475,,,,,
sd_p0100,mcp4-n120-r16-04,561.4574555977483,3979.0001,3979.0001,0.0,11.687311612,549.7701439857483,547.1664528739999,547.1198732730003,448,442,2716,387,473,,,,,
sd_p0100,mcp4-n120-r16-05,645.8464842229347,3748.0001,3748.0001,0.0,9.134069243,636.7124149799347,634.1282451879998,634.0902604870004,402,395,1076,397,485,,,,,
sd_p0100,mcp4-n120-r16-06,406.4354436994744,3716.00015,3716.085206382981,2.2889230233559787e-5,12.415998757,394.01944494247437,393.44467629000013,393.41816355800006,281,273,658,386,474,,,,,
sd_p0100,mcp4-n120-r16-07,529.4268953935339,3743.5002000000004,3743.5002000000004,0.0,9.988300337,519.4385950565338,518.9038329480003,518.8718448349997,329,320,540,390,477,,,,,
sd_p0100,mcp4-n120-r16-08,416.00108229201527,3480.333466666666,3480.333466666666,0.0,13.088898292,402.91218400001526,399.9991857730002,399.91567132500006,408,403,1279,380,468,,,,,
sd_p0100,mcp4-n120-r16-09,492.1880867397114,3623.0001000000007,3623.0001000000007,0.0,9.293466798,482.8946199417114,482.28882565400016,482.2404359839997,460,449,511,381,469,,,,,
sd_p0100,mcp4-n120-r16-10,742.1698553191392,3788.000133333335,3788.000133333335,0.0,12.084565364,730.0852899551392,726.5516178530004,726.4988228559993,498,487,2135,387,475,,,,,
sd_p0200,mcp4-n070-r08-01,75.6201403328042,4283.000133333333,4283.000133333333,0.0,3.274129171,72.3460111618042,71.82786650300001,71.81860561700002,193,181,636,376,605,,,,,
sd_p0200,mcp4-n070-r08-02,82.13074965314135,4517.500149999998,4517.767634494963,5.9210732946002086e-5,3.240792702,78.88995695114136,77.524114255,77.516281886,165,159,836,372,598,,,,,
sd_p0200,mcp4-n070-r08-03,42.40604710014856,3691.000199999999,3691.0001999999995,0.0,3.216461176,39.18958592414856,38.48760949899998,38.48246198899999,131,125,991,373,599,,,,,
sd_p0200,mcp4-n070-r08-04,112.13635939745043,4690.000099999999,4690.000099999999,0.0,2.478453342,109.65790605545044,109.331540946,109.317995669,207,198,143,376,605,,,,,
sd_p0200,mcp4-n070-r08-05,99.62673057409302,3845.000100000002,3845.000100000002,0.0,3.505853785,96.12087678909302,92.47903459799997,92.46571503599998,194,187,5666,377,607,,,,,
sd_p0200,mcp4-n070-r08-06,120.08647745838306,4825.000150000002,4825.017361386715,3.5671266689837405e-6,3.190963447,116.89551401138306,114.09354615599992,114.07577203400004,222,209,2787,376,605,,,,,
sd_p0200,mcp4-n070-r08-07,98.02743146318066,3732.0001000000025,3732.0001000000025,0.0,3.783891653,94.24353981018066,93.351775877,93.33980500400003,177,168,756,376,606,,,,,
sd_p0200,mcp4-n070-r08-08,86.47124828609607,4167.000100000001,4167.000100000001,0.0,3.556997197,82.91425108909607,80.359823383,80.34968916100007,185,174,1351,373,600,,,,,
sd_p0200,mcp4-n070-r08-09,97.08329026721533,4190.0001,4190.0001,0.0,3.171237159,93.91205310821533,93.47363401099996,93.455845788,231,223,432,370,594,,,,,
sd_p0200,mcp4-n070-r08-10,35.51163726583692,4291.000099999997,4291.000099999997,0.0,2.913544233,32.598093032836914,32.33278119900001,32.325417669000004,123,118,40,375,603,,,,,
sd_p0200,mcp4-n070-r10-01,62.08698568903589,3716.0002000000004,3716.0002000000004,0.0,1.789794546,60.29719114303589,57.68921544300003,57.66839657399997,241,232,3258,374,584,,,,,
sd_p0200,mcp4-n070-r10-02,52.675841195992916,3023.0001500000008,3023.0001500000008,0.0,2.489360197,50.18648099899292,49.63958603800002,49.628656319000015,141,135,758,378,592,,,,,
sd_p0200,mcp4-n070-r10-03,39.74708864706189,3403.0000999999984,3403.0000999999984,0.0,2.597926593,37.14916205406189,36.83076106699999,36.721751612999995,160,156,110,374,583,,,,,
sd_p0200,mcp4-n070-r10-04,60.98707414509375,3412.2501500000017,3412.29306892577,1.2577895488814077e-5,1.680006274,59.30706787109375,56.44764808699999,56.430167811000004,198,188,3373,373,581,,,,,
sd_p0200,mcp4-n070-r10-05,30.63007064133252,3104.000100000001,3104.000100000001,0.0,1.790725663,28.83934497833252,28.56466734999999,28.555547087000004,129,124,136,379,593,,,,,
sd_p0200,mcp4-n070-r10-06,17.16349557473413,3933.0002000000004,3933.0002000000004,0.0,0.565311466,16.59818410873413,16.457785110000003,16.45279825,71,69,19,375,586,,,,,
sd_p0200,mcp4-n070-r10-07,46.60178263602527,3412.0001000000007,3412.0001000000007,0.0,1.309049682,45.29273295402527,44.888814237,44.87499211,168,158,466,370,575,,,,,
sd_p0200,mcp4-n070-r10-08,46.86314949081445,3314.000149999999,3314.000149999999,0.0,1.480775681,45.38237380981445,45.085152668999996,45.07326426100001,164,154,239,377,590,,,,,
sd_p0200,mcp4-n070-r10-09,67.6190471194502,3319.666799999996,3319.666799999996,0.0,2.921642258,64.6974048614502,62.54744764799998,62.53074048599997,200,190,1990,376,587,,,,,
sd_p0200,mcp4-n070-r10-10,44.46872043063501,4003.5001500000017,4003.5001500000017,0.0,1.123083586,43.34563684463501,43.018419785999995,43.006967051000004,149,139,268,376,588,,,,,
sd_p0200,mcp4-n070-r12-01,33.3831899741018,2717.0001800000005,2717.000180000001,0.0,1.459660826,31.923529148101807,31.569251858999998,31.561325624000002,162,156,261,371,566,,,,,
sd_p0200,mcp4-n070-r12-02,19.7348702305249,2701.333466666665,2701.333466666665,0.0,1.346756255,18.388113975524902,18.191180054000004,18.186379504999998,110,106,89,377,578,,,,,
sd_p0200,mcp4-n070-r12-03,15.720865204660889,2729.0001,2729.0001,0.0,1.114836171,14.606029033660889,14.394580972,14.391228021000003,72,67,104,373,570,,,,,
sd_p0200,mcp4-n070-r12-04,18.204338999142458,2555.000100000001,2555.000100000001,0.0,2.01361105,16.190727949142456,15.978786329,15.975323841999998,72,68,137,373,571,,,,,
sd_p0200,mcp4-n070-r12-05,55.664525407446774,2196.0001399999965,2196.0001399999965,0.0,2.529371637,53.13515377044678,52.76101657000003,52.75027691700003,199,189,329,377,578,,,,,
sd_p0200,mcp4-n070-r12-06,32.35447373997693,2249.0000999999997,2249.0000999999997,0.0,1.467539698,30.88693404197693,30.54450113100001,30.538511138999997,129,121,459,373,571,,,,,
sd_p0200,mcp4-n070-r12-07,44.601093520860964,2338.500200000001,2338.5002000000004,0.0,2.120195379,42.48089814186096,42.14125931200001,42.13067258599999,191,183,216,375,574,,,,,
sd_p0200,mcp4-n070-r12-08,43.095370489026614,2860.3334666666697,2860.3334666666697,0.0,1.447615343,41.64775514602661,41.19658941600001,41.18578518200002,176,168,289,372,568,,,,,
sd_p0200,mcp4-n070-r12-09,57.48646914389246,2674.000100000001,2674.000100000001,0.0,1.290370101,56.196099042892456,53.12493341300001,53.11362471000003,209,195,2536,374,573,,,,,
sd_p0200,mcp4-n070-r12-10,47.60558609847779,2880.0002000000027,2880.0002000000027,0.0,1.215296315,46.39028978347778,44.473660702,44.46172037699996,192,183,2164,374,573,,,,,
sd_p0200,mcp4-n070-r14-01,10.543197522151,2391.6668000000027,2391.6668000000027,0.0,1.447818408,9.095379114151001,8.859929747999999,8.857177959,70,67,129,373,561,,,,,
sd_p0200,mcp4-n070-r14-02,24.025728765536012,1915.5001499999996,1915.5001499999996,0.0,1.251216713,22.77451205253601,22.575231234999993,22.569490390000002,140,129,229,368,552,,,,,
sd_p0200,mcp4-n070-r14-03,33.4969338810697,2035.5715714285716,2035.5715714285716,0.0,0.865639869,32.6312940120697,29.33566994099999,29.328380293999995,159,155,4377,369,554,,,,,
sd_p0200,mcp4-n070-r14-04,18.290909227354614,2220.0001500000008,2220.0001500000008,0.0,0.526206192,17.764703035354614,17.561998356000004,17.5571063,101,93,161,378,572,,,,,
sd_p0200,mcp4-n070-r14-05,34.1250599254906,1797.5001499999992,1797.5001499999992,0.0,1.689316832,32.4357430934906,31.378477122,31.369535283,176,166,1446,372,561,,,,,
sd_p0200,mcp4-n070-r14-06,16.505308275096922,2060.0001999999995,2060.0001999999995,0.0,1.813287382,14.692020893096924,14.452924874000002,14.449782419999998,84,77,262,371,557,,,,,
sd_p0200,mcp4-n070-r14-07,13.526506887577638,2126.000100000002,2126.000100000002,0.0,0.980681883,12.545825004577637,12.301779070999997,12.296986783000001,79,72,87,369,555,,,,,
sd_p0200,mcp4-n070-r14-08,28.63865538428369,1959.0001000000016,1959.0001000000016,0.0,1.294080456,27.34457492828369,27.05887406799999,27.050650610999988,142,136,243,374,565,,,,,
sd_p0200,mcp4-n070-r14-09,27.26180867102893,1995.0001000000004,1995.0001000000004,0.0,1.075229682,26.18657898902893,25.946236752,25.938809663,139,131,161,375,565,,,,,
sd_p0200,mcp4-n070-r14-10,16.167666180250855,2080.0001,2080.0001,0.0,1.57886122,14.588804960250854,14.433666675000001,14.430845858999998,73,67,122,371,559,,,,,
sd_p0200,mcp4-n070-r16-01,21.85192456951001,2000.0001,2000.0001,0.0,0.585633428,21.26629114151001,21.074861477000006,21.06555709900001,121,111,113,372,555,,,,,
sd_p0200,mcp4-n070-r16-02,20.32580535857263,1713.0001000000004,1713.0001000000004,0.0,0.511270456,19.814534902572632,19.619993008,19.611093078999996,126,117,195,370,552,,,,,
sd_p0200,mcp4-n070-r16-03,29.223353573374023,1780.0001333333344,1780.0001333333344,0.0,1.00310249,28.220251083374023,27.334018157,27.323389959000004,135,126,849,370,550,,,,,
sd_p0200,mcp4-n070-r16-04,4.932018024817505,2174.0001500000008,2174.0001500000008,0.0,0.89884804,4.033169984817505,3.9241135470000006,3.922748931,27,22,33,375,560,,,,,
sd_p0200,mcp4-n070-r16-05,13.741603732403808,1872.0001000000002,1872.0001000000002,0.0,0.881222606,12.860381126403809,12.649832770999998,12.644245888999999,88,83,121,369,547,,,,,
sd_p0200,mcp4-n070-r16-06,37.40502597939636,1821.2501250000018,1821.2501250000018,0.0,0.959071895,36.44595408439636,33.05826671599999,33.041391684000004,201,194,4293,375,560,,,,,
sd_p0200,mcp4-n070-r16-07,26.15268856587805,1802.5001500000003,1802.5001500000003,0.0,1.602722469,24.54996609687805,23.979854395999997,23.968624973000008,151,142,720,374,557,,,,,
sd_p0200,mcp4-n070-r16-08,11.395349586992554,1836.0001000000004,1836.0001000000004,0.0,1.010948504,10.384401082992554,10.231279667,10.225862194,79,74,31,375,559,,,,,
sd_p0200,mcp4-n070-r16-09,15.269533228724487,1988.000100000002,1988.000100000002,0.0,1.097474408,14.172058820724487,13.976684878999997,13.969877164999998,93,86,150,378,565,,,,,
sd_p0200,mcp4-n070-r16-10,7.402011556892944,1810.0001666666672,1810.0001666666672,0.0,0.679441376,6.722570180892944,6.598346007999999,6.594915476999999,53,50,98,373,556,,,,,
sd_p0200,mcp4-n080-r08-01,200.75978335363806,4810.833483333336,4810.833483333336,0.0,5.155928459,195.60385489463806,189.38717815500002,189.36602579600003,224,217,4133,402,636,,,,,
sd_p0200,mcp4-n080-r08-02,188.70680138732203,5122.0003000000015,5122.0003000000015,0.0,4.741273376,183.96552801132202,183.39986927500019,183.37564208699987,255,246,497,404,640,,,,,
sd_p0200,mcp4-n080-r08-03,314.56248598774926,6000.000100000001,6000.000100000001,0.0,4.792134101,309.77035188674927,305.3455551500001,305.31394408700004,287,278,3578,398,629,,,,,
sd_p0200,mcp4-n080-r08-04,116.72058877358324,5927.1112666666595,5927.1112666666595,0.0,4.186751932,112.53383684158325,112.185281868,112.17528854000001,118,114,275,403,639,,,,,
sd_p0200,mcp4-n080-r08-05,94.15941424566455,5400.0001,5400.0001,0.0,5.595086052,88.56432819366455,88.13115267799999,88.120934994,118,111,229,404,641,,,,,
sd_p0200,mcp4-n080-r08-06,189.8605456750967,4848.0002,4848.0002,0.0,5.062619726,184.79792594909668,177.17635333299984,177.15573091499994,213,206,8691,400,634,,,,,
sd_p0200,mcp4-n080-r08-07,160.80851953270167,4926.000149999996,4926.000149999996,0.0,4.882775476,155.92574405670166,155.26893819800003,155.2536595,160,152,732,404,640,,,,,
sd_p0200,mcp4-n080-r08-08,201.3818340001261,5168.000100000006,5168.000100000006,0.0,5.292732924,196.0891010761261,192.27979284699995,192.25982459999997,201,196,1266,405,643,,,,,
sd_p0200,mcp4-n080-r08-09,179.90428077522316,5038.500150000005,5038.500150000005,0.0,5.963220709,173.94106006622314,172.28349779400008,172.2645061979999,196,191,1566,401,636,,,,,
sd_p0200,mcp4-n080-r08-10,256.0924546786677,4610.000100000001,4610.000100000001,0.0,6.070907838,250.02154684066772,248.70805190700005,248.62541210199996,226,217,1256,406,644,,,,,
sd_p0200,mcp4-n080-r10-01,97.21868360948315,3691.0001500000008,3691.0001500000008,0.0,3.869242558,93.34944105148315,92.91657008300004,92.90656903300001,131,123,330,403,619,,,,,
sd_p0200,mcp4-n080-r10-02,146.0005894617842,3995.250150000001,3995.250150000001,0.0,3.886379333,142.11421012878418,140.97823310199996,140.95956845700005,208,196,718,406,624,,,,,
sd_p0200,mcp4-n080-r10-03,143.80632020901783,4124.0001,4124.0001,0.0,3.707311172,140.09900903701782,135.14340245100004,135.11859551300003,272,261,4558,404,620,,,,,
sd_p0200,mcp4-n080-r10-04,100.45889910792675,4292.0001999999995,4292.0001999999995,0.0,2.761601058,97.69729804992676,97.33836115000001,97.32681227600004,146,141,255,401,615,,,,,
sd_p0200,mcp4-n080-r10-05,90.54917142935291,3823.000199999999,3823.000199999999,0.0,3.879070502,86.6701009273529,86.12765684100002,86.113990018,156,151,757,403,619,,,,,
sd_p0200,mcp4-n080-r10-06,46.28742798762732,4038.0001,4038.2217494845345,5.4890906152845865e-5,3.717110004,42.57031798362732,42.368620754000005,42.361708531000005,94,89,147,403,619,,,,,
sd_p0200,mcp4-n080-r10-07,32.28401008847009,3943.000100000001,3943.000100000001,0.0,2.995211041,29.288799047470093,29.038432555,29.032129182,79,74,106,400,612,,,,,
sd_p0200,mcp4-n080-r10-08,19.967996822992674,4339.000100000007,4339.000100000007,0.0,3.376782643,16.591214179992676,16.389626110000002,16.387301974,35,32,68,403,620,,,,,
sd_p0200,mcp4-n080-r10-09,55.97823956266711,3860.0001000000016,3860.0001000000016,0.0,4.215367582,51.762871980667114,51.45989814600002,51.45239254200001,95,89,273,401,614,,,,,
sd_p0200,mcp4-n080-r10-10,166.5449647578153,4385.500150000003,4385.500150000003,0.0,3.334039894,163.2109248638153,161.473759772,161.45244924799997,227,218,879,400,613,,,,,
sd_p0200,mcp4-n080-r12-01,105.45636994826563,3733.000100000001,3733.000100000001,0.0,1.509195876,103.94717407226562,103.25979919599999,103.24004704599999,191,185,536,402,604,,,,,
sd_p0200,mcp4-n080-r12-02,130.28403525692235,3525.5001500000008,3525.5001500000008,0.0,2.526149324,127.75788593292236,124.08698277400002,124.05572767900004,278,271,5272,402,605,,,,,
sd_p0200,mcp4-n080-r12-03,30.179113895472167,3056.0001,3056.0001,0.0,3.101054699,27.078059196472168,26.796879109999995,26.78887506699999,88,82,247,400,601,,,,,
sd_p0200,mcp4-n080-r12-04,33.14731579039893,3247.0002000000004,3247.0002000000004,0.0,2.284067919,30.863247871398926,30.609989881000008,30.60110216999999,107,104,53,403,605,,,,,
sd_p0200,mcp4-n080-r12-05,124.4459823115459,3280.0001,3280.0001,0.0,3.028984402,121.4169979095459,119.24217162299996,119.21186766700002,266,256,1097,401,601,,,,,
sd_p0200,mcp4-n080-r12-06,143.0046649887035,3081.3334666666656,3081.3334666666656,0.0,2.437661977,140.5670030117035,131.527375518,131.48861442099997,324,314,7063,404,607,,,,,
sd_p0200,mcp4-n080-r12-07,48.96005783486084,2996.0001999999995,2996.0001999999995,0.0,3.07659779,45.88346004486084,45.45728046899999,45.44380212999998,140,134,361,405,609,,,,,
sd_p0200,mcp4-n080-r12-08,113.61042370694763,2750.0001000000007,2750.0001000000007,0.0,4.089101695,109.52132201194763,108.85488947999994,108.82960748099998,237,225,658,402,603,,,,,
sd_p0200,mcp4-n080-r12-09,78.6560801150614,3034.0001000000047,3034.0001000000047,0.0,2.189639199,76.4664409160614,75.931398801,75.90768246000002,221,213,423,400,601,,,,,
sd_p0200,mcp4-n080-r12-10,58.85229617299927,3249.0001000000007,3249.0001000000007,0.0,3.018956005,55.83334016799927,55.384660560999976,55.37035832800001,144,139,392,400,599,,,,,
sd_p0200,mcp4-n080-r14-01,51.88192159570398,2692.0001000000043,2692.0001000000043,0.0,2.057978696,49.82394289970398,48.25921099999999,48.24850157499999,140,133,707,403,597,,,,,
sd_p0200,mcp4-n080-r14-02,51.42479766514062,2471.0001999999995,2471.0001999999995,0.0,2.107750546,49.317047119140625,47.61199198500003,47.59998139299999,150,142,1040,399,590,,,,,
sd_p0200,mcp4-n080-r14-03,42.07514017897729,2417.50015,2417.50015,0.0,1.854876221,40.220263957977295,39.793917101000005,39.78395458299998,138,133,753,402,594,,,,,
sd_p0200,mcp4-n080-r14-04,59.27584998265784,2289.0001,2289.0001,0.0,1.941710874,57.33413910865784,54.98067727300002,54.96374421899999,188,181,2035,401,593,,,,,
sd_p0200,mcp4-n080-r14-05,25.892890256056276,2817.0001000000007,2817.0001000000007,0.0,1.610646289,24.282243967056274,24.07518838,24.06981642800001,76,70,50,399,590,,,,,
sd_p0200,mcp4-n080-r14-06,84.86697159507398,2750.500149999985,2750.500149999985,0.0,1.674953563,83.19201803207397,81.27412844900003,81.24927853799996,252,243,1067,401,594,,,,,
sd_p0200,mcp4-n080-r14-07,21.769542096305663,2926.0001,2926.0001,0.0,1.452515958,20.317026138305664,20.103296609,20.096544274000003,92,90,29,397,585,,,,,
sd_p0200,mcp4-n080-r14-08,62.36489259073865,2455.500149999998,2455.500149999998,0.0,1.860717643,60.50417494773865,60.203144591,60.18647007100001,194,190,230,401,593,,,,,
sd_p0200,mcp4-n080-r14-09,35.04566423441028,2462.500149999998,2462.500149999998,0.0,2.056220217,32.98944401741028,32.516443304999996,32.506026176,130,124,784,403,597,,,,,
sd_p0200,mcp4-n080-r14-10,13.819551522519776,2858.000133333335,2858.000133333335,0.0,1.055087621,12.764463901519775,12.664062052999999,12.660587162999997,50,47,1,406,602,,,,,
sd_p0200,mcp4-n080-r16-01,41.6022898414834,2328.000100000001,2328.000100000001,0.0,1.218128846,40.3841609954834,40.092429618,40.08494055,174,169,273,401,584,,,,,
sd_p0200,mcp4-n080-r16-02,52.11673764440039,2142.5001500000008,2142.5001500000008,0.0,1.443607609,50.67313003540039,48.35309490099999,48.34499069800001,176,165,3540,399,580,,,,,
sd_p0200,mcp4-n080-r16-03,63.55400271077234,1936.500149999998,1936.5001499999978,0.0,1.278006741,62.27599596977234,61.91404799099998,61.901735351,271,261,192,397,577,,,,,
sd_p0200,mcp4-n080-r16-04,39.102015839260496,2156.7501499999994,2156.7501499999994,0.0,0.778491841,38.3235239982605,37.984816833,37.97773883499999,166,154,437,403,588,,,,,
sd_p0200,mcp4-n080-r16-05,48.00967395547912,2229.0001,2229.0001,0.0,1.79561198,46.214061975479126,45.82262561899999,45.808063506999986,190,178,348,404,590,,,,,
sd_p0200,mcp4-n080-r16-06,22.211267410049683,2299.0001,2299.0001,0.0,1.343024431,20.868242979049683,20.68904334399999,20.683990432999998,95,88,81,402,586,,,,,
sd_p0200,mcp4-n080-r16-07,31.99775041492334,2319.6668333333364,2319.6668333333364,0.0,1.597078456,30.40067195892334,30.063032141999987,30.058042644999986,120,113,554,400,583,,,,,
sd_p0200,mcp4-n080-r16-08,21.146703885993286,1812.0001000000007,1812.0001000000007,0.0,1.624939846,19.521764039993286,19.320730037999994,19.315850928999996,95,89,74,403,589,,,,,
sd_p0200,mcp4-n080-r16-09,38.834584243346804,1992.0001000000002,1992.0001000000002,0.0,1.755138166,37.0794460773468,36.395586265000006,36.385462359999984,169,164,539,403,588,,,,,
sd_p0200,mcp4-n080-r16-10,31.00808657989038,1627.0001000000018,1627.0001000000018,0.0,1.585622686,29.42246389389038,29.017074671999993,29.01049552900001,160,155,610,400,583,,,,,
sd_p0200,mcp4-n090-r08-01,685.2662933056058,6051.333466666665,6051.7440304721,6.784683205723042e-5,8.206408519,677.0598847866058,654.379217238,654.3265516889999,428,414,25654,429,670,,,,,
sd_p0200,mcp4-n090-r08-02,562.6108181886708,6350.0001,6350.0001,0.0,6.813475173,555.7973430156708,552.6992287960002,552.6535378849998,386,378,687,425,665,,,,,
sd_p0200,mcp4-n090-r08-03,435.7940821272842,6544.400119999997,6544.400119999997,0.0,7.737489186,428.0565929412842,425.4918551520003,425.4635965599999,287,277,2754,428,670,,,,,
sd_p0200,mcp4-n090-r08-04,509.34476666451735,5604.000199999999,5604.000199999999,0.0,8.636486578,500.70828008651733,497.73307588299997,497.7087029920001,252,245,2229,432,677,,,,,
sd_p0200,mcp4-n090-r08-05,985.1162369989005,5733.500150000001,5733.500150000001,0.0,8.916957929,976.1992790699005,969.5035593360001,969.4267957459998,585,571,4577,433,678,,,,,
sd_p0200,mcp4-n090-r08-06,899.8916713521855,6854.83348333333,6854.83348333333,0.0,8.867795162,891.0238761901855,883.2320126639995,883.1699387689998,452,439,3555,430,672,,,,,
sd_p0200,mcp4-n090-r08-07,470.55799869967336,6628.50015,6628.50015,0.0,7.636330647,462.92166805267334,462.31594864399983,462.275475519,328,324,330,432,676,,,,,
sd_p0200,mcp4-n090-r08-08,649.5262539225413,5870.000149999996,5870.000149999996,0.0,9.001356824,640.5248970985413,636.4958079030001,636.45074458,355,345,3846,429,670,,,,,
sd_p0200,mcp4-n090-r08-09,545.9233449921073,5690.500150000002,5690.500150000002,0.0,7.937367104,537.9859778881073,522.4676160799997,522.4314437440001,300,290,9840,429,671,,,,,
sd_p0200,mcp4-n090-r08-10,543.2817057646223,6615.000099999999,6615.000099999999,0.0,8.784474758,534.4972310066223,533.823271636,533.793704888,265,256,566,430,674,,,,,
sd_p0200,mcp4-n090-r10-01,546.6672947567079,5127.500149999999,5127.500149999999,0.0,6.740957753,539.9263370037079,529.19150875,529.138248181,432,417,7812,426,641,,,,,
sd_p0200,mcp4-n090-r10-02,415.6176838596235,4945.000199999998,4945.000199999998,0.0,5.927321883,409.69036197662354,404.68665116899956,404.6413352339998,425,416,6594,427,646,,,,,
sd_p0200,mcp4-n090-r10-03,171.18399132859705,4279.000099999999,4279.000099999999,0.0,7.247071401,163.93691992759705,163.61409395800004,163.60286265800008,149,144,272,426,643,,,,,
sd_p0200,mcp4-n090-r10-04,130.85749000800647,4416.0001,4416.0001,0.0,6.429598992,124.42789101600647,123.936990362,123.92511852599998,130,125,385,428,648,,,,,
sd_p0200,mcp4-n090-r10-05,227.20038525366334,4297.000099999999,4297.000099999999,0.0,7.413172405,219.78721284866333,219.10562741999993,219.08862714099988,185,179,921,428,647,,,,,
sd_p0200,mcp4-n090-r10-06,509.65764644996875,4412.000200000003,4412.000200000003,0.0,6.775627407,502.88201904296875,501.17415996899973,501.1323283050001,372,360,1328,429,648,,,,,
sd_p0200,mcp4-n090-r10-07,78.06105495413622,4309.000100000001,4309.000100000001,0.0,6.060373077,72.00068187713623,71.732653201,71.725526468,86,81,180,427,645,,,,,
sd_p0200,mcp4-n090-r10-08,129.28135494309862,4828.000133333335,4828.000133333335,0.0,4.666606942,124.61474800109863,120.54061514899999,120.524466389,183,176,2295,427,645,,,,,
sd_p0200,mcp4-n090-r10-09,207.43004871239174,5061.000100000008,5061.000100000008,0.0,5.819554814,201.61049389839172,200.97275199800015,200.952677667,204,197,691,428,646,,,,,
sd_p0200,mcp4-n090-r10-10,220.20038008002246,4562.400140000002,4562.400140000002,0.0,6.236613982,213.96376609802246,206.231150628,206.21276147900008,200,195,8643,426,643,,,,,
sd_p0200,mcp4-n090-r12-01,261.86506077541696,3706.40014,3706.5988772553987,5.362002155508097e-5,4.879802673,256.985258102417,248.37660444299976,248.35009643000012,375,368,10986,431,637,,,,,
sd_p0200,mcp4-n090-r12-02,237.3060852483054,3871.0001500000008,3871.1529758107367,3.947967057970176e-5,4.652685304,232.65339994430542,229.69146880299994,229.67097835200005,295,288,3421,432,639,,,,,
sd_p0200,mcp4-n090-r12-03,267.2896907583319,3755.000100000001,3755.000100000001,0.0,5.41605189,261.8736388683319,259.79838174500003,259.7720614549999,335,326,899,427,629,,,,,
sd_p0200,mcp4-n090-r12-04,323.6381371953917,3608.00015,3608.00015,0.0,5.449518297,318.1886188983917,312.419367658,312.3845470590002,473,459,5186,431,638,,,,,
sd_p0200,mcp4-n090-r12-05,163.77469683894483,3550.0001,3550.0001,0.0,5.133122933,158.64157390594482,156.54561213000002,156.53053564899994,234,226,791,431,636,,,,,
sd_p0200,mcp4-n090-r12-06,305.0340948260696,3339.0002000000004,3339.0002000000004,0.0,5.080317036,299.9537777900696,297.5751937049998,297.52342718700015,447,435,1803,428,631,,,,,
sd_p0200,mcp4-n090-r12-07,145.09437559257898,3782.5001500000003,3782.5001500000003,0.0,4.164231521,140.93014407157898,133.658612905,133.63912506499994,212,208,5633,430,635,,,,,
sd_p0200,mcp4-n090-r12-08,102.91126121790393,3672.0001000000007,3672.0001000000007,0.0,6.149731057,96.76153016090393,96.32620975499997,96.31752083800004,168,163,441,428,632,,,,,
sd_p0200,mcp4-n090-r12-09,136.12339727847058,4184.000100000002,4184.000100000002,0.0,3.343283343,132.78011393547058,131.42276047600004,131.40311198699996,243,237,606,428,631,,,,,
sd_p0200,mcp4-n090-r12-10,256.8797832630293,3350.333466666666,3350.333466666666,0.0,5.279796233,251.5999870300293,246.10384402299997,246.06131469300016,388,379,6565,425,626,,,,,
sd_p0200,mcp4-n090-r14-01,81.1269774893827,3413.000100000001,3413.000100000001,0.0,2.847996519,78.27898097038269,77.88711721699998,77.87337203500003,173,169,278,430,626,,,,,
sd_p0200,mcp4-n090-r14-02,139.03073713215028,3182.000150000001,3182.000150000001,0.0,3.4809241,135.54981303215027,135.12783874499993,135.095531531,311,306,131,428,622,,,,,
sd_p0200,mcp4-n090-r14-03,174.91371835064623,3149.0001999999995,3149.1251,3.966338268276618e-5,3.990495332,170.92322301864624,170.42795345499997,170.4046532420001,280,269,377,424,613,,,,,
sd_p0200,mcp4-n090-r14-04,159.0259776004684,3646.0001,3646.0001,0.0,3.126702536,155.89927506446838,153.740230063,153.715909092,290,276,1285,432,629,,,,,
sd_p0200,mcp4-n090-r14-05,52.898516295203,3044.0001,3044.0001,0.0,3.954664109,48.943852186203,48.628389208,48.619250243,119,116,345,433,630,,,,,
sd_p0200,mcp4-n090-r14-06,180.99267795923546,3399.3334666666665,3399.3334666666665,0.0,3.536541971,177.45613598823547,174.30923624999997,174.28498032100006,248,239,2018,433,632,,,,,
sd_p0200,mcp4-n090-r14-07,134.4665282461184,2659.6668333333337,2659.6668333333337,0.0,3.465246031,131.0012822151184,128.47014059499998,128.44784961600007,250,240,1469,429,623,,,,,
sd_p0200,mcp4-n090-r14-08,135.82388276794433,2623.5001333333353,2623.5001333333353,0.0,4.48612375,131.33775901794434,129.91517869700004,129.89216388799997,252,243,878,428,623,,,,,
sd_p0200,mcp4-n090-r14-09,144.77174729406312,2984.0001999999995,2984.0001999999995,0.0,4.212657395,140.5590898990631,137.53786855599998,137.509502449,310,302,1418,429,624,,,,,
sd_p0200,mcp4-n090-r14-10,106.67261156542786,2664.0001000000016,2664.0001000000016,0.0,3.685284705,102.98732686042786,102.61090089299992,102.59109138,223,212,395,429,625,,,,,
sd_p0200,mcp4-n090-r16-01,118.4281564633031,2082.3334666666697,2082.3334666666697,0.0,3.376080362,115.0520761013031,111.19875497000002,111.18129314100004,285,276,3963,426,610,,,,,
sd_p0200,mcp4-n090-r16-02,81.76233115410864,2594.0001500000008,2594.0001500000008,0.0,3.159612324,78.60271883010864,77.93272845900005,77.91165507500004,256,248,725,428,615,,,,,
sd_p0200,mcp4-n090-r16-03,114.64183005987536,2573.3334666666674,2573.3334666666674,0.0,2.967923972,111.67390608787537,109.235089929,109.21980329699998,291,282,2705,426,612,,,,,
sd_p0200,mcp4-n090-r16-04,62.61928811851685,2174.00014,2174.00014,0.0,3.451151045,59.168137073516846,57.129573847999986,57.121350256000014,142,136,2559,430,616,,,,,
sd_p0200,mcp4-n090-r16-05,44.55201660897876,2710.0001500000003,2710.0001500000003,0.0,2.271870487,42.28014612197876,42.038490143000004,42.031467950999996,164,161,63,427,612,,,,,
sd_p0200,mcp4-n090-r16-06,96.03591250387268,2677.000100000002,2677.000100000002,0.0,3.363066425,92.67284607887268,91.46064204799997,91.44360508399997,247,238,1336,430,616,,,,,
sd_p0200,mcp4-n090-r16-07,82.71271497232433,2343.0001500000008,2343.0001500000008,0.0,2.347034993,80.36567997932434,79.89697800800002,79.88618420500002,216,210,509,427,612,,,,,
sd_p0200,mcp4-n090-r16-08,93.19020364487537,2537.000100000001,2537.000100000001,0.0,2.018250682,91.17195296287537,90.83435518399999,90.81494393199998,246,237,167,430,618,,,,,
sd_p0200,mcp4-n090-r16-09,64.59536051465015,2431.0002000000004,2431.0002000000004,0.0,3.600993392,60.99436712265015,60.45227011600001,60.44105198800005,171,165,774,424,606,,,,,
sd_p0200,mcp4-n090-r16-10,89.71554900437879,2754.0000999999993,2754.0000999999997,0.0,2.222555888,87.49299311637878,87.01453071200002,86.99603151799995,227,220,572,425,610,,,,,
sd_p0200,mcp4-n100-r08-01,1308.9149745923896,6727.000200000006,6727.000200000007,0.0,11.996084593,1296.9188899993896,1289.1007013269998,1289.030081151,520,509,4151,456,707,,,,,
sd_p0200,mcp4-n100-r08-02,1785.1651215432632,7489.764852941176,7489.764852941176,0.0,10.336849439,1774.8282721042633,1770.71017968,1770.5605153210006,921,911,1987,454,704,,,,,
sd_p0200,mcp4-n100-r08-03,2007.808381987788,7652.500150000002,7653.157675757583,8.5922998326426e-5,11.255622102,1996.552759885788,1988.6630652049998,1988.5976558569998,527,516,3259,453,698,,,,,
sd_p0200,mcp4-n100-r08-04,366.98285591220997,6973.666799999997,6973.666799999997,0.0,10.793625947,356.18922996520996,355.39258758599993,355.377285956,215,208,945,453,701,,,,,
sd_p0200,mcp4-n100-r08-05,790.308745077325,7837.000100000001,7837.000100000001,0.0,9.917030266,780.3917148113251,775.8747098900006,775.8237007050004,507,503,3729,456,705,,,,,
sd_p0200,mcp4-n100-r08-06,2132.902092490402,6773.400140000002,6773.400140000002,0.0,13.557970319,2119.344122171402,2068.0488042029997,2067.980161755,560,547,71460,457,707,,,,,
sd_p0200,mcp4-n100-r08-07,2508.8122077312823,7155.000150000002,7155.387196774193,5.40945864538844e-5,14.131466898,2494.6807408332825,2465.8042697060005,2465.6987831079987,758,742,26380,451,696,,,,,
sd_p0200,mcp4-n100-r08-08,1510.7984018791115,7455.00016666667,7455.00016666667,0.0,12.282731818,1498.5156700611115,1489.673473124999,1489.600501737,611,599,4143,452,697,,,,,
sd_p0200,mcp4-n100-r08-09,1944.8477222402098,8006.000100000002,8006.672288629373,8.396060716646678e-5,11.064524122,1933.7831981182098,1851.5373026790005,1851.483023312,480,466,102050,453,699,,,,,
sd_p0200,mcp4-n100-r08-10,900.7153322059692,7545.0001,7545.000099999999,0.0,10.748030122,889.9673020839691,888.3836278750002,888.3475848790001,351,343,743,458,710,,,,,
sd_p0200,mcp4-n100-r10-01,1183.2459582736813,5748.000100000001,5748.536151769222,9.325883087939551e-5,9.025970166,1174.2199881076813,1160.1250726799992,1160.0280935870005,592,581,16345,452,673,,,,,
sd_p0200,mcp4-n100-r10-02,1064.2264514701114,5565.500149999995,5565.702647521815,3.6384424824798206e-5,8.712516381,1055.5139350891113,957.3437056539999,957.2634861350007,571,559,64152,452,675,,,,,
sd_p0200,mcp4-n100-r10-03,759.1453491403331,5742.000200000001,5742.38132605364,6.637513764603866e-5,8.609829302,750.5355198383331,719.1869529050001,719.1310282630003,442,436,19957,455,679,,,,,
sd_p0200,mcp4-n100-r10-04,261.70127503322715,5337.000100000001,5337.000100000001,0.0,8.597492141,253.10378289222717,252.56182873699996,252.54337137,174,165,554,457,682,,,,,
sd_p0200,mcp4-n100-r10-05,1004.8011354904638,5641.600120000008,5641.802580698151,3.5887105402130685e-5,8.42308564,996.3780498504639,843.2978758950001,843.2024535090005,667,653,89850,454,678,,,,,
sd_p0200,mcp4-n100-r10-06,419.3534148203485,4740.285857142857,4740.285857142857,0.0,8.788741635,410.5646731853485,409.6523364790001,409.62496299199984,280,274,940,457,684,,,,,
sd_p0200,mcp4-n100-r10-07,889.3102678696048,4962.0001,4962.0001,0.0,8.971075956,880.3391919136047,872.8057200329993,872.7434194119994,534,521,5484,452,675,,,,,
sd_p0200,mcp4-n100-r10-08,955.642767166246,5207.200240000001,5207.200240000001,0.0,10.185861086,945.456906080246,943.5519801999992,943.497834734,480,467,992,453,678,,,,,
sd_p0200,mcp4-n100-r10-09,726.489196641065,5493.000200000002,5493.000200000002,0.0,9.443144662,717.0460519790649,713.977479999,713.9252647489999,425,417,1254,454,677,,,,,
sd_p0200,mcp4-n100-r10-10,272.6398689232428,5179.000099999999,5179.000099999999,0.0,7.927290865,264.7125780582428,264.222029926,264.19128536399995,322,319,239,459,686,,,,,
sd_p0200,mcp4-n100-r12-01,331.40340093644386,4715.000100000003,4715.000100000003,0.0,6.958323994,324.44507694244385,323.89768085399993,323.8531776760001,324,318,257,453,661,,,,,
sd_p0200,mcp4-n100-r12-02,357.39097396475904,4416.750150000002,4416.750150000002,0.0,9.224011818,348.16696214675903,346.524361008,346.48354843100003,317,307,705,457,666,,,,,
sd_p0200,mcp4-n100-r12-03,642.6139797291796,4371.0001,4371.0001,0.0,6.917304667,635.6966750621796,630.9437072790001,630.870875256,455,443,2885,458,669,,,,,
sd_p0200,mcp4-n100-r12-04,593.0238621105581,4026.0001000000007,4026.0001000000007,0.0,9.515398251,583.5084638595581,572.1989033410001,572.124103238,516,502,9869,460,671,,,,,
sd_p0200,mcp4-n100-r12-05,307.7551982277993,4321.000100000005,4321.000100000005,0.0,7.861398446,299.8937997817993,293.164410073,293.11344537799994,382,373,4703,455,663,,,,,
sd_p0200,mcp4-n100-r12-06,360.19714969095935,4808.000099999999,4808.000099999999,0.0,7.812004742,352.38514494895935,349.78989267399976,349.74386132,365,353,711,451,656,,,,,
sd_p0200,mcp4-n100-r12-07,584.3369713677531,4274.000200000002,4274.000200000002,0.0,7.028460349,577.308511018753,572.653890212,572.5801784299997,509,493,4293,457,666,,,,,
sd_p0200,mcp4-n100-r12-08,422.72453973995994,4097.000133333328,4097.000133333328,0.0,7.449860556,415.27467918395996,414.06425032900006,414.02374558099996,333,325,776,456,666,,,,,
sd_p0200,mcp4-n100-r12-09,422.7100189059812,4716.000100000002,4716.000100000002,0.0,9.434235844,413.2757830619812,411.1433162899999,411.10135230499986,320,312,1260,456,666,,,,,
sd_p0200,mcp4-n100-r12-10,108.45116185978333,3990.000100000002,3990.000100000002,0.0,7.431127785,101.02003407478333,100.67530693299997,100.66314524699999,119,111,215,451,656,,,,,
sd_p0200,mcp4-n100-r14-01,175.814967232609,3127.0001,3127.0001,0.0,7.522473174,168.292494058609,165.4634081670001,165.441460641,227,221,2707,452,645,,,,,
sd_p0200,mcp4-n100-r14-02,220.79335160837658,3279.0001000000025,3279.0001000000025,0.0,6.622603613,214.1707479953766,211.07491346199993,211.04400498999993,287,279,1824,456,654,,,,,
sd_p0200,mcp4-n100-r14-03,105.3613572044281,3916.0001000000016,3916.0001000000016,0.0,5.837357275,99.5239999294281,99.17139587899996,99.158237194,153,148,313,449,640,,,,,
sd_p0200,mcp4-n100-r14-04,151.46294596394435,3715.000100000004,3715.000100000004,0.0,3.937686946,147.52525901794434,146.918409344,146.89617416199997,229,219,658,458,656,,,,,
sd_p0200,mcp4-n100-r14-05,242.90023515161644,3551.0001000000007,3551.0001,0.0,4.318314051,238.58192110061646,235.24916345599993,235.21632337700004,295,284,1937,453,647,,,,,
sd_p0200,mcp4-n100-r14-06,270.9675113854801,3210.0001500000008,3210.0001500000008,0.0,7.657538384,263.3099730014801,259.65191283300015,259.612698187,337,329,3174,454,648,,,,,
sd_p0200,mcp4-n100-r14-07,242.98746710558595,3198.0002000000013,3198.0002000000013,0.0,5.77874213,237.20872497558594,236.60821451100006,236.57171476899995,317,309,486,455,649,,,,,
sd_p0200,mcp4-n100-r14-08,349.36010186751304,3560.0001,3560.0001,0.0,4.542623926,344.81747794151306,344.07700270100014,344.0386153050001,334,323,595,456,652,,,,,
sd_p0200,mcp4-n100-r14-09,302.78514304071035,3627.7501625000004,3627.7501625000004,0.0,4.894419097,297.8907239437103,274.5517137130001,274.48565903199994,488,479,20120,456,652,,,,,
sd_p0200,mcp4-n100-r14-10,240.0790589252058,3540.60014,3540.60014,0.0,6.058193008,234.0208659172058,233.49224170400012,233.44974438199986,396,390,232,457,653,,,,,
sd_p0200,mcp4-n100-r16-01,191.18756931965552,3241.0001,3241.0001,0.0,3.443035304,187.74453401565552,184.39509241100006,184.365427094,303,298,2503,458,645,,,,,
sd_p0200,mcp4-n100-r16-02,130.44685368595788,2910.0001499999967,2910.000149999996,0.0,4.133309651,126.31354403495789,125.83945953600005,125.81826698799999,247,238,381,455,641,,,,,
sd_p0200,mcp4-n100-r16-03,83.42263936337085,3159.0001,3159.0001,0.0,3.417419427,80.00521993637085,79.78828234100003,79.77709528899997,133,128,86,458,648,,,,,
sd_p0200,mcp4-n100-r16-04,97.23642513020106,3067.0001,3067.0001,0.0,4.843769996,92.39265513420105,92.16196999899996,92.15166268400003,128,123,103,451,635,,,,,
sd_p0200,mcp4-n100-r16-05,120.01977799547802,2811.0001,2811.0001,0.0,5.122112018,114.89766597747803,114.41605289700009,114.391297563,252,243,391,451,633,,,,,
sd_p0200,mcp4-n100-r16-06,182.22924113461585,2984.0001,2984.0001,0.0,4.396229269,177.83301186561584,177.30887113400001,177.27991436099992,296,285,395,451,633,,,,,
sd_p0200,mcp4-n100-r16-07,96.34262182056226,2678.0001000000007,2678.0001000000007,0.0,5.445090788,90.89753103256226,90.599103661,90.58609467700002,153,149,150,458,645,,,,,
sd_p0200,mcp4-n100-r16-08,172.79520141719593,3016.0002000000004,3016.0002000000004,0.0,4.340649482,168.45455193519592,167.89607724999993,167.870379378,270,259,591,452,638,,,,,
sd_p0200,mcp4-n100-r16-09,303.94322492731834,2889.00016,2889.00016,0.0,4.873496076,299.06972885131836,290.332548188,290.27767527100025,474,455,5767,450,635,,,,,
sd_p0200,mcp4-n100-r16-10,120.04274672026148,2992.000100000001,2992.0001000000007,0.0,3.465108571,116.57763814926147,116.23962332199999,116.21845195600007,232,226,154,455,641,,,,,
sd_p0200,mcp4-n110-r08-01,1353.7275566263095,7634.000200000002,7634.000200000002,0.0,21.843074481,1331.8844821453094,1327.4977001919992,1327.4527489810005,348,340,2548,482,737,,,,,
sd_p0200,mcp4-n110-r08-02,3248.1297355457473,7522.000100000003,7522.74589831933,9.9148937704368e-5,23.595909433,3224.533826112747,3216.4368680739994,3216.3532680210014,530,520,5532,482,737,,,,,
sd_p0200,mcp4-n110-r08-03,3147.7003682216714,8261.00015,8261.141217481178,1.7076319890605813e-5,21.562537249,3126.1378309726715,3063.6364272619962,3063.509500748,711,702,37598,481,736,,,,,
sd_p0200,mcp4-n110-r08-04,2988.8630790774973,8120.000100000001,8120.000100000001,0.0,21.216678149,2967.6464009284973,2928.783542306999,2928.689739583003,587,579,23362,476,730,,,,,
sd_p0200,mcp4-n110-r08-05,3645.8430975571914,6585.000100000001,13276.955067276376,1.01624219675811,23.561896433,3622.2812011241913,3505.029314674,3504.8951737939997,728,719,51161,478,733,,,,,
sd_p0200,mcp4-n110-r08-06,3552.1224030958747,8346.666800000006,8346.666800000006,0.0,24.787468146,3527.334934949875,3519.078237234001,3519.0169351849977,402,393,3756,478,733,,,,,
sd_p0200,mcp4-n110-r08-07,3367.073550007742,7014.9001199999975,7015.3872799486835,6.944645545231016e-5,28.863029025,3338.2105209827423,3314.5461236979995,3314.4814611370016,413,406,11423,478,730,,,,,
sd_p0200,mcp4-n110-r08-08,2477.2935338337747,8720.333500000002,8720.333500000002,0.0,24.087870868,2453.2056629657745,2450.304713666002,2450.192412228,531,522,1399,478,732,,,,,
sd_p0200,mcp4-n110-r08-09,3719.3434643939454,8410.000124999988,13254.473116998135,0.5760372080848398,25.003762503,3694.3397018909454,3588.9490377400025,3588.837530774002,631,624,82752,476,730,,,,,
sd_p0200,mcp4-n110-r08-10,2601.336528050628,7896.000200000004,7896.600299850118,7.600048567805507e-5,23.72259711,2577.613930940628,2440.9510920640005,2440.8806430539994,475,467,63592,485,743,,,,,
sd_p0200,mcp4-n110-r10-01,1873.579827350987,5975.000099999999,5975.000099999999,0.0,14.75179748,1858.828029870987,1854.5883896440007,1854.502401749,564,552,1839,481,707,,,,,
sd_p0200,mcp4-n110-r10-02,1298.082888485897,5588.000100000005,5588.000100000005,0.0,15.418298604,1282.664589881897,1273.1327866049996,1273.0701841059995,484,473,5546,484,712,,,,,
sd_p0200,mcp4-n110-r10-03,1204.478093571825,6293.20014,6293.20014,0.0,15.139871545,1189.338222026825,1165.6360719980003,1165.5920669030004,405,399,17336,481,708,,,,,
sd_p0200,mcp4-n110-r10-04,1603.1342699285935,5736.000100000004,5736.337431795517,5.880958675591888e-5,14.443194842,1588.6910750865936,1534.458118247999,1534.373891632001,655,645,37441,486,716,,,,,
sd_p0200,mcp4-n110-r10-05,2702.930785466659,6081.666800000003,6081.666800000003,0.0,15.442141582,2687.488643884659,2679.2373601310014,2679.154393079,603,590,4357,476,698,,,,,
sd_p0200,mcp4-n110-r10-06,1055.760578611902,6171.000100000003,6171.000100000003,0.0,12.054151753,1043.706426858902,1037.925910643,1037.874972463,448,439,3071,475,702,,,,,
sd_p0200,mcp4-n110-r10-07,1209.698042405405,6631.000099999999,6631.000099999999,0.0,14.660155309,1195.037887096405,1193.7989563500003,1193.75713783,367,359,611,480,708,,,,,
sd_p0200,mcp4-n110-r10-08,1519.9783820556402,6140.000149999997,6140.000149999997,0.0,17.491735165,1502.4866468906403,1495.0099124780006,1494.9380310930003,557,544,3222,481,709,,,,,
sd_p0200,mcp4-n110-r10-09,992.3620273297379,6376.000149999991,6376.000149999992,0.0,16.229590339,976.1324369907379,972.8347779390002,972.810231586,236,230,976,482,710,,,,,
sd_p0200,mcp4-n110-r10-10,2037.8908372098113,6065.0001399999965,6065.333433333344,5.495355740382279e-5,16.940073269,2020.9507639408112,2013.5286355680014,2013.4514279049995,577,565,6587,475,698,,,,,
sd_p0200,mcp4-n110-r12-01,1031.069460979706,5279.500150000002,5279.92845146787,8.11253822709997e-5,8.423054806,1022.646406173706,951.344636823,951.2904787280002,469,461,34131,481,691,,,,,
sd_p0200,mcp4-n110-r12-02,967.2025654244418,4376.000100000005,4376.000100000005,0.0,12.369014256,954.8335511684418,952.1123750789993,952.0354762609994,578,567,1112,475,682,,,,,
sd_p0200,mcp4-n110-r12-03,1036.9948922358465,5184.000099999999,5184.50591718588,9.757275773989948e-5,11.802705165,1025.1921870708466,959.5213536400005,959.4559765160003,550,543,62427,482,692,,,,,
sd_p0200,mcp4-n110-r12-04,989.4404493092791,4269.000099999998,4269.000099999998,0.0,11.536803317,977.903645992279,974.8357334030005,974.7735034750003,544,530,1417,477,685,,,,,
sd_p0200,mcp4-n110-r12-05,1099.6032779205045,4786.500150000001,4786.500150000001,0.0,13.454123019,1086.1491549015045,1071.5164697530004,1071.4567253329997,531,517,11624,484,696,,,,,
sd_p0200,mcp4-n110-r12-06,1217.8769706643106,4867.666799999999,4867.666799999999,0.0,12.099920646,1205.7770500183105,1200.9759932829998,1200.9005368070002,647,633,3233,479,688,,,,,
sd_p0200,mcp4-n110-r12-07,887.8773911732106,5195.5001500000035,5195.5001500000035,0.0,11.390642001,876.4867491722107,855.5444368420004,855.4714996660014,659,647,12494,476,685,,,,,
sd_p0200,mcp4-n110-r12-08,879.6777860496741,4649.5557,4649.5557,0.0,13.36875504,866.3090310096741,862.3756971569998,862.3246605979999,500,489,2166,482,691,,,,,
sd_p0200,mcp4-n110-r12-09,237.81026705694373,4766.000166666665,4766.000166666665,0.0,11.625714149,226.18455290794373,225.638552945,225.62650408800005,173,169,616,482,690,,,,,
sd_p0200,mcp4-n110-r12-10,608.0815574460108,4922.000099999999,4922.000099999999,0.0,12.403707438,595.6778500080109,594.9095383399999,594.8732397329999,387,379,524,477,682,,,,,
sd_p0200,mcp4-n110-r14-01,528.4250291210495,4101.80018,4101.889933975915,2.1881606118216865e-5,6.607349239,521.8176798820496,514.2420516300002,514.2007833330002,387,378,4564,479,676,,,,,
sd_p0200,mcp4-n110-r14-02,468.9322101061726,4067.0001333333325,4067.0001333333325,0.0,9.500444073,459.4317660331726,458.2694078450001,458.2410763930002,336,328,717,478,672,,,,,
sd_p0200,mcp4-n110-r14-03,346.4114239524565,4554.0001,4554.0001,0.0,7.897238047,338.51418590545654,337.57871632499973,337.53923355399985,390,377,715,480,677,,,,,
sd_p0200,mcp4-n110-r14-04,186.25930130028198,4383.000099999999,4383.000099999999,0.0,6.882375355,179.37692594528198,179.02203785799995,179.00688726,181,174,224,480,676,,,,,
sd_p0200,mcp4-n110-r14-05,859.8043590935412,3578.000100000001,3578.000100000001,0.0,9.595650092,850.2087090015411,848.4081446750009,848.3411435829997,544,536,1268,477,674,,,,,
sd_p0200,mcp4-n110-r14-06,649.8472838062917,3597.0002000000013,3597.0002000000013,0.0,10.421185698,639.4260981082916,633.8107307700003,633.774608469,333,320,5002,481,676,,,,,
sd_p0200,mcp4-n110-r14-07,451.4380150773721,4315.166800000001,4315.500200000002,7.726236677602994e-5,8.567789171,442.87022590637207,424.346330152,424.3024739659999,453,445,27349,485,683,,,,,
sd_p0200,mcp4-n110-r14-08,313.53603505502747,4166.6668,4166.6668,0.0,7.762853855,305.77318120002747,305.1252363960002,305.0977871590002,307,301,547,478,676,,,,,
sd_p0200,mcp4-n110-r14-09,280.8920477711106,4067.0001999999986,4067.000199999998,0.0,7.452975639,273.4390721321106,271.3799853970001,271.3484843550002,346,340,1067,482,680,,,,,
sd_p0200,mcp4-n110-r14-10,767.5041048016141,3643.0001999999977,3643.3283543018497,9.007803563996781e-5,10.671726891,756.832377910614,722.8903109160003,722.8323319340008,537,528,38398,478,674,,,,,
sd_p0200,mcp4-n110-r16-01,250.48931393285375,3365.000100000003,3365.000100000003,0.0,5.497497889,244.99181604385376,244.42360928899993,244.38933603599983,327,317,415,480,667,,,,,
sd_p0200,mcp4-n110-r16-02,372.9925852921814,3295.0001,3295.0001,0.0,6.170276275,366.8223090171814,365.22962905300017,365.1820786780004,430,420,846,478,661,,,,,
sd_p0200,mcp4-n110-r16-03,234.7951859246199,3681.000200000001,3681.000200000001,0.0,6.422498108,228.37268781661987,211.23009702399986,211.19788949000014,310,305,19161,479,665,,,,,
sd_p0200,mcp4-n110-r16-04,427.36196590858106,3299.3334999999997,3299.3334999999997,0.0,7.552717938,419.80924797058105,415.68499376000017,415.6469910559999,350,342,5248,477,664,,,,,
sd_p0200,mcp4-n110-r16-05,103.66147427470435,3513.0000999999993,3513.0000999999993,0.0,5.310842084,98.35063219070435,98.06534981899995,98.05269887199998,142,138,239,480,669,,,,,
sd_p0200,mcp4-n110-r16-06,475.3742112009354,3310.5001500000003,3310.5625903747227,1.8861311552101213e-5,5.663105139,469.7111060619354,413.46489284499995,413.397580041,558,549,26023,478,663,,,,,
sd_p0200,mcp4-n110-r16-07,470.3187874653148,3346.0001,3346.0001,0.0,5.934138427,464.3846490383148,462.27993566199973,462.2451873209999,322,312,1096,479,666,,,,,
sd_p0200,mcp4-n110-r16-08,150.61414328511205,3322.00015,3322.00015,0.0,5.353470239,145.26067304611206,145.01090056599995,144.99385386399996,176,173,124,479,664,,,,,
sd_p0200,mcp4-n110-r16-09,375.2700565613804,3576.0001,3576.0001,0.0,6.561149434,368.70890712738037,361.8150501600001,361.7719305400001,437,427,7538,479,663,,,,,
sd_p0200,mcp4-n110-r16-10,490.6395142000366,3257.0001,3257.0001000000007,0.0,7.61511635,483.0243978500366,481.1720750149999,481.13235159500016,400,388,1026,481,670,,,,,
sd_p0200,mcp4-n120-r08-01,3732.1022620392364,5343.250250000005,17354.371489061563,2.2479054277986603,36.628558178,3695.4737038612366,3689.1890365839968,3689.068172348999,742,737,3540,501,757,,,,,
sd_p0200,mcp4-n120-r08-02,3604.7038873420693,8752.000124999999,17851.19653747948,1.0396705076006252,37.65939319,3567.044494152069,3554.7885503979987,3554.7139028990023,584,574,7044,507,768,,,,,
sd_p0200,mcp4-n120-r08-03,3641.7679361776786,6754.038636538466,18391.97577533128,1.7231078714642076,35.04358501,3606.724351167679,3594.0416826990004,3593.957323357003,648,640,4530,502,760,,,,,
sd_p0200,mcp4-n120-r08-04,3700.7257280136046,8878.0001,18280.168478084623,1.059041256159101,38.901942947,3661.8237850666046,3658.642980117004,3658.5744667920007,550,537,1798,501,760,,,,,
sd_p0200,mcp4-n120-r08-05,3603.9378184332877,8774.666833333338,16948.416766666665,0.9315168414466475,35.197880651,3568.7399377822876,3551.8185266460027,3551.751931929999,538,533,12871,506,766,,,,,
sd_p0200,mcp4-n120-r08-06,3643.2010798395963,7503.000199999999,16989.366662578752,1.2643430907250615,41.038459772,3602.1626200675964,3597.127298565,3597.067262359998,494,487,2965,501,758,,,,,
sd_p0200,mcp4-n120-r08-07,3634.1158341271953,6802.250175000002,18295.183506378125,1.6895781595357335,46.095301996,3588.020532131195,3580.3297908069994,3580.281411101999,434,426,3531,505,764,,,,,
sd_p0200,mcp4-n120-r08-08,3612.643109783667,6217.0002,17295.116076115246,1.7819069518632547,44.597252831,3568.0458569526672,3561.2183950179997,3561.130757892996,688,683,4207,504,763,,,,,
sd_p0200,mcp4-n120-r08-09,3603.2053362978277,7607.833499999997,16489.54328112871,1.1674427129784999,52.662711109,3550.5426251888275,3513.526196199002,3513.4659980530005,492,487,21365,505,764,,,,,
sd_p0200,mcp4-n120-r08-10,3612.562616427597,5660.7500000000055,17052.677484174572,2.0124413698139922,29.912369569,3582.650246858597,3575.5865875029995,3575.5103384570043,574,568,2387,498,757,,,,,
sd_p0200,mcp4-n120-r10-01,3753.3251621903873,6158.571571428566,11562.263478656394,0.8774261765986697,23.177954215,3730.1472079753876,3654.242832663,3654.052246040998,767,755,36896,506,738,,,,,
sd_p0200,mcp4-n120-r10-02,3602.9082178535136,6284.500149999999,12614.312118981537,1.0072100911607966,25.249815649,3577.6584022045135,3568.4385016149977,3568.318147671999,709,703,5253,502,729,,,,,
sd_p0200,mcp4-n120-r10-03,3579.891336855212,7147.000149999998,7147.513572818781,7.183752735511014e-5,26.143751797,3553.7475850582123,3154.7694066459994,3154.6838779040013,542,536,190028,506,737,,,,,
sd_p0200,mcp4-n120-r10-04,3563.0086570550193,7145.333466666666,7145.708433333334,5.2477140278666225e-5,23.353453951,3539.655203104019,3533.5067825930014,3533.3826393230033,730,721,2363,504,733,,,,,
sd_p0200,mcp4-n120-r10-05,4027.8726291835374,6376.600179999999,7516.071512658727,0.1786957470271765,25.809719342,4002.0629098415375,3998.9454025529985,3998.8048859759997,789,784,1372,508,740,,,,,
sd_p0200,mcp4-n120-r10-06,1081.605483122742,7058.000100000001,7058.000100000001,0.0,25.992182084,1055.613301038742,1054.9750037629997,1054.9403832699998,270,264,452,503,734,,,,,
sd_p0200,mcp4-n120-r10-07,3852.4096251935075,6578.000149999998,12961.245645441793,0.9703930297784802,28.161972186,3824.2476530075073,3818.422966334998,3818.299835285,717,701,3158,504,733,,,,,
sd_p0200,mcp4-n120-r10-08,3682.331914455086,7175.000150000008,7648.201276903284,0.06595137519311074,24.22008732,3658.111827135086,3653.1268223239995,3653.0366229539986,561,551,2353,503,733,,,,,
sd_p0200,mcp4-n120-r10-09,2387.7319928275033,6495.000100000001,6495.000100000001,0.0,25.933953868,2361.798038959503,2357.702317079001,2357.638911705,430,423,2142,506,738,,,,,
sd_p0200,mcp4-n120-r10-10,3250.1150148403253,6770.666799999999,6770.666799999999,0.0,26.235236932,3223.879777908325,3154.9605238739996,3154.8850979379995,489,483,38768,500,729,,,,,
sd_p0200,mcp4-n120-r12-01,806.7843449977928,5697.000099999999,5697.000099999999,0.0,15.611404982,791.1729400157928,790.642220338,790.6158516139998,248,243,364,504,713,,,,,
sd_p0200,mcp4-n120-r12-02,2358.806399245914,5520.000200000002,5520.000200000002,0.0,17.8416182,2340.9647810459137,2318.3457770119985,2318.229841115001,748,736,17537,504,713,,,,,
sd_p0200,mcp4-n120-r12-03,2854.895341330446,5226.000149999994,5226.000149999994,0.0,17.765174323,2837.1301670074463,2818.0522592869984,2817.9315990709997,779,764,15494,502,711,,,,,
sd_p0200,mcp4-n120-r12-04,2057.537671949076,5197.00015,5197.187106521741,3.597393041083414e-5,18.136690046,2039.4009819030762,1983.3479071649997,1983.2473208940003,739,725,64056,502,712,,,,,
sd_p0200,mcp4-n120-r12-05,2173.9292800955923,5477.000099999999,5477.000099999999,0.0,18.890102201,2155.0391778945923,2146.8937914729986,2146.82267447,548,538,8686,506,716,,,,,
sd_p0200,mcp4-n120-r12-06,2824.540694800501,5150.300149999999,5150.651576146803,6.823410996804389e-5,18.28191599,2806.258778810501,2781.575194088999,2781.4717958260003,706,686,24068,509,722,,,,,
sd_p0200,mcp4-n120-r12-07,1940.5401389762142,5552.000099999999,5552.000099999999,0.0,19.008934991,1921.5312039852142,1917.9874746730006,1917.9094702049993,632,619,1644,507,718,,,,,
sd_p0200,mcp4-n120-r12-08,2062.9465131990737,5772.666799999999,5772.900951197984,4.056204975919089e-5,18.859091305,2044.0874218940735,2014.2426830270015,2014.1382577040006,736,726,28764,504,714,,,,,
sd_p0200,mcp4-n120-r12-09,1063.6289085738965,5736.000100000002,5736.000100000002,0.0,18.62750858,1045.0013999938965,1044.2018230390008,1044.163588273,335,329,634,504,713,,,,,
sd_p0200,mcp4-n120-r12-10,1667.1331471712638,5593.000099999999,5593.3176853018285,5.678263832486613e-5,18.516467026,1648.6166801452637,1630.8763001460009,1630.8034651760004,581,570,18611,498,702,,,,,
sd_p0200,mcp4-n120-r14-01,1357.1294439599264,4963.0001,4963.450482945019,9.074812330119554e-5,15.437568979,1341.6918749809265,1283.24212645,1283.1605396350008,578,567,68331,502,698,,,,,
sd_p0200,mcp4-n120-r14-02,1282.4539051106788,4841.000150000002,4841.333433333333,6.884596633023543e-5,12.215882068,1270.2380230426788,1255.8502386439995,1255.7664580660005,641,630,13558,508,707,,,,,
sd_p0200,mcp4-n120-r14-03,1272.4073454035854,4269.333466666673,4269.333466666673,0.0,15.096185316,1257.3111600875854,1249.2181115289993,1249.1060128559998,616,601,4302,500,694,,,,,
sd_p0200,mcp4-n120-r14-04,1060.052193119297,4003.00015,4003.00015,0.0,18.266771271,1041.7854218482971,1037.9873383529998,1037.9584713260003,307,298,2386,503,697,,,,,
sd_p0200,mcp4-n120-r14-05,563.9758536776521,4559.0001,4559.0001,0.0,13.340445753,550.6354079246521,547.746051352,547.7181622419996,289,285,2933,503,698,,,,,
sd_p0200,mcp4-n120-r14-06,1004.255631870285,4695.000120000002,4695.067832004382,1.4422151788836502e-5,14.22790975,990.027722120285,944.8409137820009,944.776264259999,570,563,29744,506,705,,,,,
sd_p0200,mcp4-n120-r14-07,1348.0321117530382,4324.333466666665,4324.333466666665,0.0,14.182206739,1333.849905014038,1281.5127263270006,1281.4303960939988,671,664,28431,511,710,,,,,
sd_p0200,mcp4-n120-r14-08,1016.9284367490891,4333.0002,4333.188288512185,4.340837837592287e-5,12.609172814,1004.3192639350891,924.0582581140006,924.022228351,363,356,57683,503,699,,,,,
sd_p0200,mcp4-n120-r14-09,1153.922353094151,4077.000100000002,4077.000100000002,0.0,13.997114008,1139.9252390861511,1123.1218465539996,1123.0472515039999,642,632,15986,504,700,,,,,
sd_p0200,mcp4-n120-r14-10,537.1499179616792,4344.000100000003,4344.000100000003,0.0,12.283643128,524.8662748336792,522.4458509240002,522.405277834,387,380,1155,506,704,,,,,
sd_p0200,mcp4-n120-r16-01,358.17615951097264,3533.000100000001,3533.000100000001,0.0,10.051121364,348.12503814697266,347.14764451699983,347.11327141299995,311,301,770,502,688,,,,,
sd_p0200,mcp4-n120-r16-02,965.5439187156352,4065.000149999997,4065.000149999997,0.0,9.975843774,955.5680749416351,939.606055533,939.5140704419991,654,644,15909,505,691,,,,,
sd_p0200,mcp4-n120-r16-03,827.7543514854711,4025.400140000001,4025.400140000001,0.0,7.619859565,820.1344919204712,774.7692577859997,774.6873998449996,612,603,46467,506,692,,,,,
sd_p0200,mcp4-n120-r16-04,420.8149969064842,3979.0001,3979.0001,0.0,12.229237982,408.58575892448425,407.84008717300014,407.79917383999987,358,350,688,501,684,,,,,
sd_p0200,mcp4-n120-r16-05,807.7644615359699,3748.0000999999997,3748.0000999999997,0.0,9.63049962,798.1339619159698,796.6485639369992,796.5979567260002,458,448,783,501,685,,,,,
sd_p0200,mcp4-n120-r16-06,710.2305421983702,3716.00015,3716.215568098782,5.797042252064107e-5,12.485950247,697.7445919513702,683.9850239019996,683.9328696790003,484,478,8344,507,694,,,,,
sd_p0200,mcp4-n120-r16-07,340.544855083781,3743.5002,3743.5001999999995,0.0,10.428879227,330.115975856781,328.7323303410002,328.704868217,265,257,922,505,690,,,,,
sd_p0200,mcp4-n120-r16-08,845.538491260242,3480.333466666665,3480.333466666665,0.0,13.435932409,832.1025588512421,816.4309385720002,816.3611010939995,580,573,9514,503,688,,,,,
sd_p0200,mcp4-n120-r16-09,890.2412623345772,3623.0001000000034,3623.0001000000034,0.0,9.483627218,880.7576351165771,878.693451931,878.632932040999,549,536,1061,502,687,,,,,
sd_p0200,mcp4-n120-r16-10,644.1876011336942,3788.0001333333307,3788.0001333333307,0.0,12.645034119,631.5425670146942,596.3999812289998,596.3387132329992,529,524,42565,506,693,,,,,
sd_p0300,mcp4-n070-r08-01,72.92321276279468,4283.00013333334,4283.00013333334,0.0,3.497685667,69.42552709579468,68.96576996300003,68.94719813900001,198,190,281,457,767,,,,,
sd_p0300,mcp4-n070-r08-02,126.30587797908508,4517.500149999999,4517.500149999999,0.0,3.37199312,122.93388485908508,122.32694775500003,122.214068457,201,194,470,467,787,,,,,
sd_p0300,mcp4-n070-r08-03,65.90053654598535,3691.0002000000013,3691.0002000000013,0.0,3.460295686,62.44024085998535,58.38781183699999,58.376010591999986,134,126,5845,467,787,,,,,
sd_p0300,mcp4-n070-r08-04,78.0001614555807,4690.000100000005,4690.000100000005,0.0,2.524243401,75.47591805458069,75.111791132,75.09929891699998,156,148,110,464,781,,,,,
sd_p0300,mcp4-n070-r08-05,137.3525861377628,3845.0000999999993,3845.0000999999997,0.0,3.809574234,133.54301190376282,132.37884366,132.35005687500006,273,264,1120,461,775,,,,,
sd_p0300,mcp4-n070-r08-06,56.49593604474536,4825.000149999998,4825.000149999998,0.0,3.419775137,53.07616090774536,51.522062964999975,51.51269812,116,111,1748,469,791,,,,,
sd_p0300,mcp4-n070-r08-07,35.58085882108264,3732.0001,3732.0001,0.0,3.986360902,31.59449791908264,31.083895567,31.076579616,82,76,237,463,779,,,,,
sd_p0300,mcp4-n070-r08-08,29.817043465190796,4167.000099999999,4167.000099999999,0.0,3.767391604,26.049651861190796,25.738296420999998,25.733223095,67,61,260,468,789,,,,,
sd_p0300,mcp4-n070-r08-09,177.3500848354635,4190.000100000005,4190.000100000005,0.0,3.459661776,173.8904230594635,172.2621360300001,172.23144376000005,280,265,1418,463,779,,,,,
sd_p0300,mcp4-n070-r08-10,14.280680428662231,4291.0001,4291.0001,0.0,3.165332328,11.115348100662231,10.907682109,10.905593995000002,33,29,45,462,777,,,,,
sd_p0300,mcp4-n070-r10-01,72.49491197835694,3716.0002000000004,3716.0002000000004,0.0,1.8632601,70.63165187835693,69.98020493900003,69.965108421,281,271,626,462,759,,,,,
sd_p0300,mcp4-n070-r10-02,18.52541056443262,3023.0001499999994,3023.0001499999994,0.0,2.499716671,16.025693893432617,15.728226453000003,15.725957322000003,52,46,220,468,772,,,,,
sd_p0300,mcp4-n070-r10-03,35.21900771544787,3403.0000999999997,3403.0000999999997,0.0,2.716676697,32.502331018447876,32.249649121000004,32.24293851,139,135,75,468,771,,,,,
sd_p0300,mcp4-n070-r10-04,60.52022453085205,3412.25015,3412.25015,0.0,1.681604345,58.83862018585205,58.34589361899997,58.333210334999976,243,232,318,467,769,,,,,
sd_p0300,mcp4-n070-r10-05,28.094665096882082,3104.0000999999993,3104.0000999999993,0.0,1.911273049,26.18339204788208,25.82985742999999,25.820981054999983,123,119,188,466,767,,,,,
sd_p0300,mcp4-n070-r10-06,56.36971822607568,3933.0002000000004,3933.0002000000004,0.0,0.493254336,55.876463890075684,54.24618185300002,54.23235290400001,183,178,2348,460,755,,,,,
sd_p0300,mcp4-n070-r10-07,52.870025798024656,3412.000100000003,3412.000100000003,0.0,1.304717704,51.56530809402466,51.24499174499998,51.23179187699999,196,187,158,466,767,,,,,
sd_p0300,mcp4-n070-r10-08,47.21787930367285,3314.000149999998,3314.000149999998,0.0,1.523854264,45.69402503967285,45.402284302000005,45.38954207499999,171,163,146,464,763,,,,,
sd_p0300,mcp4-n070-r10-09,53.621490844208864,3319.666800000004,3319.666800000004,0.0,2.826781877,50.79470896720886,50.126458319,50.114021987,216,208,549,470,775,,,,,
sd_p0300,mcp4-n070-r10-10,8.634251151806396,4003.500149999999,4003.500149999999,0.0,1.219901119,7.4143500328063965,7.235562179,7.2336802009999985,35,31,47,468,771,,,,,
sd_p0300,mcp4-n070-r12-01,31.724112207375853,2717.000180000001,2717.000180000001,0.0,1.518852169,30.205260038375854,29.843105831,29.832077328000004,139,130,455,456,736,,,,,
sd_p0300,mcp4-n070-r12-02,11.450250626575073,2701.333466666667,2701.333466666667,0.0,1.358828784,10.091421842575073,9.943041034,9.940041070000001,50,46,81,460,744,,,,,
sd_p0300,mcp4-n070-r12-03,23.25454075112793,2729.0001,2729.0001,0.0,1.19605572,22.05848503112793,21.762972573000006,21.753202128000005,121,115,81,461,746,,,,,
sd_p0300,mcp4-n070-r12-04,27.43247531107373,2555.0001,2555.0001,0.0,1.950958473,25.48151683807373,25.214832894000008,25.206352618000004,110,105,80,463,750,,,,,
sd_p0300,mcp4-n070-r12-05,54.80532099094397,2196.000140000002,2196.000140000002,0.0,2.535266889,52.27005410194397,51.86400504399998,51.84778433100001,193,183,322,471,766,,,,,
sd_p0300,mcp4-n070-r12-06,22.41102440485034,2249.0000999999997,2249.0000999999997,0.0,1.604506327,20.806518077850342,20.594031976999997,20.585225601999998,109,106,98,460,744,,,,,
sd_p0300,mcp4-n070-r12-07,29.013468537904053,2338.5002000000004,2338.5002000000004,0.0,2.03340653,26.980062007904053,26.03090879900001,26.021776201000005,121,112,874,474,772,,,,,
sd_p0300,mcp4-n070-r12-08,24.395244113542482,2860.3334666666633,2860.3334666666633,0.0,1.46041917,22.93482494354248,22.587160874999988,22.502730934999995,91,82,348,468,760,,,,,
sd_p0300,mcp4-n070-r12-09,49.66628801756555,2674.000100000002,2674.000100000002,0.0,1.335193991,48.33109402656555,47.943121812,47.922202903999995,211,203,249,467,758,,,,,
sd_p0300,mcp4-n070-r12-10,40.164316066647096,2880.0002,2880.0002,0.0,1.260198244,38.904117822647095,37.73033894600001,37.72016652500001,137,128,1552,467,758,,,,,
sd_p0300,mcp4-n070-r14-01,33.072852438263304,2391.666800000001,2391.666800000001,0.0,1.418408459,31.654443979263306,29.843716211000007,29.829367146000003,189,177,1702,471,757,,,,,
sd_p0300,mcp4-n070-r14-02,25.04289765982361,1915.5001500000008,1915.5001500000008,0.0,1.2608697,23.78202795982361,23.393642095000015,23.38722160500001,133,124,497,465,745,,,,,
sd_p0300,mcp4-n070-r14-03,26.221378776897218,2035.5715714285718,2035.5715714285718,0.0,0.844334576,25.377044200897217,25.063949066999996,25.053986257,140,132,214,462,739,,,,,
sd_p0300,mcp4-n070-r14-04,21.26906057467395,2220.00015,2220.00015,0.0,0.448092662,20.82096791267395,20.663012846999997,20.65650103,120,116,32,463,742,,,,,
sd_p0300,mcp4-n070-r14-05,26.270393326996704,1797.500149999999,1797.500149999999,0.0,1.657081321,24.613312005996704,23.391000743,23.384112486999992,143,136,997,466,747,,,,,
sd_p0300,mcp4-n070-r14-06,27.79524030444299,2060.0002000000027,2060.0002000000027,0.0,1.866214416,25.929025888442993,25.161374194000004,25.152025952999992,141,137,615,458,731,,,,,
sd_p0300,mcp4-n070-r14-07,5.444901805770385,2126.0001,2126.0001,0.0,0.985727888,4.459173917770386,4.305281231,4.303884475,29,24,22,460,735,,,,,
sd_p0300,mcp4-n070-r14-08,28.992477913168578,1959.0001000000002,1959.0001000000002,0.0,1.242965956,27.74951195716858,27.43390495600001,27.427329161000003,146,139,279,464,743,,,,,
sd_p0300,mcp4-n070-r14-09,32.80006111435266,1995.0001000000002,1995.0001000000002,0.0,1.129523881,31.67053723335266,31.268720326999997,31.258635484999985,160,149,413,469,753,,,,,
sd_p0300,mcp4-n070-r14-10,17.761149231237795,2080.0001,2080.0001,0.0,1.561111275,16.200037956237793,16.008365792000006,16.003550835999995,90,84,49,463,741,,,,,
sd_p0300,mcp4-n070-r16-01,7.252741997020874,2000.0001000000016,2000.069116827015,3.450841178130756e-5,0.55567116,6.697070837020874,6.590872023999999,6.588625572000001,57,55,4,456,721,,,,,
sd_p0300,mcp4-n070-r16-02,14.306802293618164,1713.0001000000002,1713.0001000000002,0.0,0.446685335,13.860116958618164,13.633339650999995,13.62907109,104,96,221,458,726,,,,,
sd_p0300,mcp4-n070-r16-03,23.73807676287988,1780.0001333333369,1780.0001333333369,0.0,0.939429836,22.798646926879883,22.481822522000012,22.474969132999995,146,141,244,461,732,,,,,
sd_p0300,mcp4-n070-r16-04,14.904375263129394,2174.0001499999994,2174.0001499999994,0.0,0.854367443,14.050007820129395,13.784664679000002,13.779664616000002,113,107,74,460,730,,,,,
sd_p0300,mcp4-n070-r16-05,15.142414841239747,1872.000100000001,1872.000100000001,0.0,0.830632958,14.311781883239746,13.705371742,13.701148042000002,92,87,1193,468,745,,,,,
sd_p0300,mcp4-n070-r16-06,17.531996476508787,1821.2501249999975,1821.2501249999975,0.0,0.89828943,16.63370704650879,16.423895398999996,16.41941847,103,95,271,460,729,,,,,
sd_p0300,mcp4-n070-r16-07,16.387850710350463,1802.5001499999998,1802.5001499999998,0.0,1.617683598,14.770167112350464,14.463701747999998,14.458922753,105,97,265,464,737,,,,,
sd_p0300,mcp4-n070-r16-08,14.42268202949414,1836.0001000000002,1836.0001000000002,0.0,0.956155998,13.46652603149414,13.252808549,13.248939548000005,87,80,197,461,731,,,,,
sd_p0300,mcp4-n070-r16-09,5.7885584238103025,1988.0001000000002,1988.0001000000002,0.0,1.039392412,4.749166011810303,4.610141143,4.60895299,32,29,35,464,737,,,,,
sd_p0300,mcp4-n070-r16-10,8.706512177557983,1810.0001666666662,1810.0001666666662,0.0,0.71150204,7.995010137557983,7.861258321999998,7.858202010000002,62,57,95,459,727,,,,,
sd_p0300,mcp4-n080-r08-01,73.07687305948083,4810.833483333336,4810.833483333336,0.0,5.098287101,67.97858595848083,67.55495563700002,67.547700312,129,125,270,502,836,,,,,
sd_p0300,mcp4-n080-r08-02,43.433456772640504,5122.000300000001,5122.000300000001,0.0,4.677714938,38.7557418346405,38.37456199499999,38.371243631,58,52,234,487,806,,,,,
sd_p0300,mcp4-n080-r08-03,126.46311368996838,6000.0001,6000.0001,0.0,4.808955813,121.65415787696838,121.15474747299997,121.14621664600001,122,113,588,495,823,,,,,
sd_p0300,mcp4-n080-r08-04,28.561941679851927,5927.111266666663,5927.111266666663,0.0,4.230915841,24.33102583885193,24.071837265,24.069679561,31,26,65,502,836,,,,,
sd_p0300,mcp4-n080-r08-05,333.78085483896336,5400.000100000001,5400.000100000001,0.0,5.512283939,328.2685708999634,322.75567799299995,322.72168798099995,331,319,4624,493,819,,,,,
sd_p0300,mcp4-n080-r08-06,260.9842467228845,4848.000200000002,4848.000200000002,0.0,5.117717735,255.86652898788452,249.0680874400001,249.03569879399993,267,257,6821,493,818,,,,,
sd_p0300,mcp4-n080-r08-07,186.34447832596692,4926.000149999996,4926.000149999996,0.0,4.855671363,181.48880696296692,178.64837101799992,178.62011848999995,249,238,1925,494,820,,,,,
sd_p0300,mcp4-n080-r08-08,113.89875605659033,5168.000099999998,5168.000099999998,0.0,5.283822089,108.61493396759033,108.02628997800001,108.01246093399999,136,127,560,498,828,,,,,
sd_p0300,mcp4-n080-r08-09,257.06456432578176,5038.50015,5038.50015,0.0,5.840522387,251.22404193878174,249.9836975620001,249.9456681410001,343,338,1018,497,826,,,,,
sd_p0300,mcp4-n080-r08-10,461.4519059011659,4610.000099999999,4610.000099999999,0.0,6.064782078,455.3871238231659,453.63187315500016,453.5699309180001,424,414,1081,503,838,,,,,
sd_p0300,mcp4-n080-r10-01,20.19720789347925,3691.0001500000003,3691.0001500000003,0.0,3.950160946,16.247046947479248,16.045803035,16.043438092000002,29,26,67,500,812,,,,,
sd_p0300,mcp4-n080-r10-02,137.9615851756759,3995.250149999997,3995.250149999997,0.0,3.935123336,134.0264618396759,133.400571793,133.37337903600002,232,219,738,495,802,,,,,
sd_p0300,mcp4-n080-r10-03,158.15582367008582,4124.0001,4124.0001,0.0,3.846294604,154.30952906608582,153.57282838199998,153.53585347900008,297,286,658,498,808,,,,,
sd_p0300,mcp4-n080-r10-04,21.119365238443603,4292.0002,4292.0002,0.0,2.77150824,18.347856998443604,18.114175593000002,18.111430977,39,34,55,498,808,,,,,
sd_p0300,mcp4-n080-r10-05,134.56034847931627,3823.0002000000013,3823.0002000000013,0.0,3.928317277,130.63203120231628,129.05465088300002,129.02739415099998,240,231,1185,493,798,,,,,
sd_p0300,mcp4-n080-r10-06,46.62424427896106,4038.0001000000016,4038.0001000000016,0.0,3.769497222,42.85474705696106,42.587683512999995,42.578452422,100,98,75,495,802,,,,,
sd_p0300,mcp4-n080-r10-07,87.81504437511146,3943.0001,3943.0001,0.0,3.037655564,84.77738881111145,84.42358896400002,84.403958768,193,188,114,489,790,,,,,
sd_p0300,mcp4-n080-r10-08,128.1012662444564,4339.000100000006,4339.000100000006,0.0,3.493112186,124.60815405845642,123.549835645,123.52543469400005,225,217,940,494,800,,,,,
sd_p0300,mcp4-n080-r10-09,36.77772085993921,3860.0001,3860.0001,0.0,4.233533791,32.54418706893921,32.27315058200001,32.267410903000005,65,59,207,486,784,,,,,
sd_p0300,mcp4-n080-r10-10,156.87117405171568,4385.500149999996,4385.500149999996,0.0,3.41583009,153.4553439617157,148.36032771299995,148.32790972000006,270,261,6035,492,796,,,,,
sd_p0300,mcp4-n080-r12-01,36.544237828864254,3733.000100000004,3733.000100000004,0.0,1.426651693,35.11758613586426,34.86615891099999,34.859778078000005,88,82,166,495,789,,,,,
sd_p0300,mcp4-n080-r12-02,57.65866464562683,3525.5001500000026,3525.5001500000026,0.0,2.315989675,55.34267497062683,52.026623304999994,52.014686944000026,139,136,4920,498,795,,,,,
sd_p0300,mcp4-n080-r12-03,54.83680198578222,3056.0001000000007,3056.0001000000007,0.0,2.961288909,51.87551307678223,51.48433215299998,51.46920020600002,157,149,365,497,793,,,,,
sd_p0300,mcp4-n080-r12-04,12.37874749240979,3247.000200000005,3247.000200000005,0.0,2.087649613,10.29109787940979,10.080060739,10.07794866,32,29,56,491,781,,,,,
sd_p0300,mcp4-n080-r12-05,80.8196889837671,3280.0001,3280.0001,0.0,2.963999935,77.85568904876709,77.297746703,77.27868260899999,205,194,500,488,775,,,,,
sd_p0300,mcp4-n080-r12-06,36.46907528528686,3081.3334666666665,3081.3334666666665,0.0,2.31571921,34.153356075286865,33.90485694300001,33.89417998600001,137,134,152,489,777,,,,,
sd_p0300,mcp4-n080-r12-07,59.60773917705566,2996.0002000000004,2996.0002000000004,0.0,2.992373195,56.615365982055664,56.15944592599996,56.145421099999986,192,186,328,490,779,,,,,
sd_p0300,mcp4-n080-r12-08,101.63945878922925,2750.0001000000007,2750.0001000000007,0.0,3.775712623,97.86374616622925,97.11543369699999,97.093830636,313,304,463,486,771,,,,,
sd_p0300,mcp4-n080-r12-09,39.78192783929028,3034.0000999999997,3034.0000999999997,0.0,2.085851923,37.69607591629028,37.406218615000014,37.39669986699999,135,130,44,495,789,,,,,
sd_p0300,mcp4-n080-r12-10,67.62604690840747,3249.0001000000007,3249.0001000000007,0.0,2.748772872,64.87727403640747,64.52280260499998,64.509601101,220,212,212,494,787,,,,,
sd_p0300,mcp4-n080-r14-01,22.359307112349487,2692.0001,2692.0001,0.0,2.001457276,20.357849836349487,20.160655138,20.155709468999998,64,58,128,488,766,,,,,
sd_p0300,mcp4-n080-r14-02,20.318733146416506,2471.000200000001,2471.0002000000004,0.0,2.076743057,18.241990089416504,18.01563855300001,18.010633961000003,64,57,184,496,782,,,,,
sd_p0300,mcp4-n080-r14-03,59.650543401414915,2417.5001500000026,2417.5001500000026,0.0,1.923295448,57.72724795341492,56.138102994000015,56.12213418299998,171,163,2132,495,781,,,,,
sd_p0300,mcp4-n080-r14-04,60.821703541043824,2289.000100000002,2289.000100000002,0.0,1.929317343,58.89238619804382,57.55715921199997,57.54088210699999,177,169,1652,488,768,,,,,
sd_p0300,mcp4-n080-r14-05,7.125178822305786,2817.0001000000007,2817.0001000000007,0.0,1.775167712,5.350011110305786,5.1400283270000005,5.13841586,21,19,21,490,770,,,,,
sd_p0300,mcp4-n080-r14-06,73.54512598005493,2750.50015,2750.50015,0.0,1.598372955,71.94675302505493,69.80290162099998,69.78028569499999,222,211,2146,496,782,,,,,
sd_p0300,mcp4-n080-r14-07,18.773128344839723,2926.0001,2926.0001,0.0,1.609740331,17.16338801383972,16.932081547999996,16.926830893000005,69,65,112,483,756,,,,,
sd_p0300,mcp4-n080-r14-08,32.62587519607556,2455.5001499999985,2455.5001499999985,0.0,1.702318153,30.92355704307556,30.694015671999992,30.686176339000003,95,89,243,500,790,,,,,
sd_p0300,mcp4-n080-r14-09,44.47564927082873,2462.500150000001,2462.500150000001,0.0,2.023096237,42.452553033828735,42.08713920499999,42.07063431999999,169,163,233,493,776,,,,,
sd_p0300,mcp4-n080-r14-10,30.91222907964966,2858.000133333334,2858.000133333334,0.0,1.06737997,29.844849109649658,29.647973668999995,29.639243014999998,107,97,97,490,770,,,,,
sd_p0300,mcp4-n080-r16-01,9.099845966953003,2328.0001000000007,2328.0001000000007,0.0,1.232653937,7.867192029953003,7.728041845999999,7.725343149000002,37,34,26,491,765,,,,,
sd_p0300,mcp4-n080-r16-02,35.35644903472168,2142.5001500000008,2142.5001500000008,0.0,1.45085707,33.90559196472168,32.86490733799999,32.852948219999995,127,121,1273,499,780,,,,,
sd_p0300,mcp4-n080-r16-03,28.993775545890625,1936.5001499999994,1936.5001499999994,0.0,1.286591708,27.707183837890625,27.475676731000007,27.463787997999997,138,132,91,492,766,,,,,
sd_p0300,mcp4-n080-r16-04,17.801136119059816,2156.7501500000003,2156.7501500000003,0.0,0.784984214,17.016151905059814,16.820182577,16.813493741000002,81,77,178,490,762,,,,,
sd_p0300,mcp4-n080-r16-05,13.948775663440063,2229.0001,2229.0001,0.0,1.774279728,12.174495935440063,11.989943985000002,11.986492886999999,50,43,85,489,760,,,,,
sd_p0300,mcp4-n080-r16-06,19.410768049611207,2299.000100000002,2299.000100000002,0.0,1.422981995,17.987786054611206,17.805031129999996,17.799109365999993,80,75,69,490,763,,,,,
sd_p0300,mcp4-n080-r16-07,45.173113323809204,2319.666833333336,2319.666833333336,0.0,1.566515185,43.606598138809204,41.118590583999975,41.10238934899997,164,157,3649,497,776,,,,,
sd_p0300,mcp4-n080-r16-08,31.316646410317382,1812.0001000000002,1812.0001000000002,0.0,1.60650046,29.710145950317383,29.431482633000012,29.41948025200001,142,138,51,495,772,,,,,
sd_p0300,mcp4-n080-r16-09,25.107278428560548,1992.0001000000002,1992.0001000000002,0.0,1.753568254,23.353710174560547,23.083660184000006,23.07475558100001,105,96,217,492,766,,,,,
sd_p0300,mcp4-n080-r16-10,24.398870141375244,1627.0000999999982,1627.0000999999982,0.0,1.563613088,22.835257053375244,22.525531614000002,22.516655199,110,104,356,490,762,,,,,
sd_p0300,mcp4-n090-r08-01,532.8821567182017,6051.333466666661,6051.333466666661,0.0,8.183951724,524.6982049942017,520.1098043999999,520.0803095919999,286,276,3672,528,868,,,,,
sd_p0300,mcp4-n090-r08-02,595.1144245921331,6350.000099999998,6350.104675163398,1.6468529409819073e-5,6.873695737,588.240728855133,587.1960224750002,587.1420924990003,471,464,576,523,858,,,,,
sd_p0300,mcp4-n090-r08-03,654.0993100620043,6544.400120000004,6544.400120000004,0.0,7.665539167,646.4337708950043,644.6377625750001,644.5429031900003,634,625,1004,522,856,,,,,
sd_p0300,mcp4-n090-r08-04,661.5391546659473,5604.000199999999,5604.000199999999,0.0,8.63631882,652.9028358459473,641.0311699570001,640.9862328319999,378,365,10670,524,860,,,,,
sd_p0300,mcp4-n090-r08-05,739.8102890525676,5733.500149999999,5733.500149999999,0.0,8.943622974,730.8666660785675,727.1939508669998,727.1346232140004,469,458,2177,525,862,,,,,
sd_p0300,mcp4-n090-r08-06,672.8427974007327,6854.833483333337,6854.833483333336,0.0,8.775198581,664.0675988197327,653.5478849149995,653.5034117810004,393,382,9683,520,852,,,,,
sd_p0300,mcp4-n090-r08-07,269.22929027306765,6628.500149999998,6628.500149999998,0.0,7.572803285,261.6564869880676,261.1181684340002,261.0953868069999,248,244,329,521,854,,,,,
sd_p0300,mcp4-n090-r08-08,675.9501130057242,5870.000150000002,5870.000150000002,0.0,8.982696004,666.9674170017242,657.7600733089997,657.7147982239998,383,372,6375,524,860,,,,,
sd_p0300,mcp4-n090-r08-09,624.4514775416847,5690.500150000003,5690.8772056591215,6.6260548138097e-5,7.780566468,616.6709110736847,575.234572742,575.1974132120004,304,296,46715,523,858,,,,,
sd_p0300,mcp4-n090-r08-10,146.11572218895117,6615.000100000007,6615.000100000007,0.0,8.674945364,137.44077682495117,137.061730867,137.05626239899996,75,70,192,523,858,,,,,
sd_p0300,mcp4-n090-r10-01,395.2375564636188,5127.500149999998,5127.500149999998,0.0,6.802358395,388.4351980686188,387.7125606719998,387.6824878539999,317,309,484,523,835,,,,,
sd_p0300,mcp4-n090-r10-02,223.56428209643468,4945.0002,4945.0002,0.0,5.966124929,217.5981571674347,216.89900877699986,216.86865018899988,298,287,681,518,825,,,,,
sd_p0300,mcp4-n090-r10-03,581.0155683448588,4279.000100000001,4279.000100000001,0.0,7.263165324,573.7524030208588,572.5901536009999,572.5425787250003,397,389,729,526,841,,,,,
sd_p0300,mcp4-n090-r10-04,91.13839368256055,4416.0001,4416.0001,0.0,6.413589758,84.72480392456055,84.30955658100002,84.30280947699995,102,95,386,525,839,,,,,
sd_p0300,mcp4-n090-r10-05,390.76677699683034,4297.000100000007,4297.000100000007,0.0,7.475263077,383.2915139198303,381.805356134,381.7738650009999,331,322,1136,523,837,,,,,
sd_p0300,mcp4-n090-r10-06,447.322436150707,4412.000199999999,4412.0001999999995,0.0,6.847697076,440.47473907470703,437.54900549799976,437.511337853,371,358,2758,528,845,,,,,
sd_p0300,mcp4-n090-r10-07,227.46662936643602,4309.0001,4309.0001,0.0,6.097434382,221.36919498443604,218.36603981700006,218.283925538,270,266,1842,528,846,,,,,
sd_p0300,mcp4-n090-r10-08,163.42183985380822,4828.000133333338,4828.000133333338,0.0,4.756855866,158.66498398780823,158.14377670500002,158.1264597380001,224,216,129,529,847,,,,,
sd_p0300,mcp4-n090-r10-09,209.321950249672,5061.000100000001,5061.000100000001,0.0,5.813898139,203.508052110672,202.95315741299999,202.93192023200007,273,269,205,521,831,,,,,
sd_p0300,mcp4-n090-r10-10,382.58306389040735,4562.400139999996,4562.400139999996,0.0,6.287602951,376.29546093940735,373.02636477299967,372.95835162999987,576,569,1850,524,837,,,,,
sd_p0300,mcp4-n090-r12-01,77.17323198062817,3706.400140000003,3706.400140000003,0.0,4.633737943,72.53949403762817,72.188991561,72.182048923,111,108,428,528,830,,,,,
sd_p0300,mcp4-n090-r12-02,102.10541852417676,3871.0001500000026,3871.0001500000026,0.0,4.522866568,97.58255195617676,97.22469149199996,97.21590952200003,135,130,230,521,816,,,,,
sd_p0300,mcp4-n090-r12-03,131.24336007686534,3755.0001000000025,3755.0001000000025,0.0,5.059377943,126.18398213386536,125.6064169,125.58931492,212,202,583,530,834,,,,,
sd_p0300,mcp4-n090-r12-04,190.8776285791222,3608.000149999998,3608.000149999998,0.0,5.328421607,185.5492069721222,184.68413919300002,184.64726531800005,374,369,585,528,830,,,,,
sd_p0300,mcp4-n090-r12-05,185.58914939452637,3550.0001000000007,3550.0001000000007,0.0,4.938028255,180.65112113952637,180.08321575900004,180.04565978899987,362,356,218,525,824,,,,,
sd_p0300,mcp4-n090-r12-06,104.31078319724708,3339.0002000000004,3339.0002000000004,0.0,4.926152994,99.38463020324707,98.954790332,98.93865898099993,175,166,388,526,826,,,,,
sd_p0300,mcp4-n090-r12-07,288.1115741089965,3782.50015,3782.50015,0.0,3.954857047,284.15671706199646,277.245535345,277.2007336979999,369,357,7372,529,832,,,,,
sd_p0300,mcp4-n090-r12-08,128.03389278525464,3672.000100000004,3672.000100000004,0.0,6.254584943,121.77930784225464,120.93030794900007,120.90714031599992,219,211,769,526,826,,,,,
sd_p0300,mcp4-n090-r12-09,122.18720579311841,4184.000100000002,4184.000100000002,0.0,3.281626703,118.90557909011841,117.287621488,117.26360254999993,278,269,808,520,815,,,,,
sd_p0300,mcp4-n090-r12-10,168.93453128667065,3350.333466666665,3350.4493753623187,3.4596166861245706e-5,5.404548243,163.52998304367065,158.19518426600004,158.16438048499995,268,263,2988,514,804,,,,,
sd_p0300,mcp4-n090-r14-01,174.34789684921412,3413.0001,3413.0001,0.0,2.787177836,171.5607190132141,170.0617278679999,170.03555173499998,363,350,781,521,806,,,,,
sd_p0300,mcp4-n090-r14-02,145.07920128754418,3182.0001500000008,3182.0001500000008,0.0,3.284149236,141.7950520515442,140.14446897699997,140.12790543699995,238,234,1182,529,823,,,,,
sd_p0300,mcp4-n090-r14-03,50.81165166960022,3149.000200000002,3149.000200000002,0.0,3.92727872,46.88437294960022,46.64796446299998,46.642953662000025,92,85,143,526,816,,,,,
sd_p0300,mcp4-n090-r14-04,101.9894723945487,3646.0001,3646.0001,0.0,2.956398254,99.0330741405487,98.54838969299996,98.535274306,211,204,392,525,814,,,,,
sd_p0300,mcp4-n090-r14-05,25.453750973119018,3044.0001,3044.0001,0.0,3.818793898,21.63495707511902,21.365250758,21.360997769,60,56,181,527,818,,,,,
sd_p0300,mcp4-n090-r14-06,142.04781467019066,3399.3334666666656,3399.3334666666656,0.0,3.451069656,138.59674501419067,137.78693999700005,137.765652303,235,223,626,519,802,,,,,
sd_p0300,mcp4-n090-r14-07,58.60193522123438,2659.6668333333337,2659.6668333333337,0.0,3.323523356,55.278411865234375,54.735667059,54.724558797,147,143,666,526,817,,,,,
sd_p0300,mcp4-n090-r14-08,132.61973203262548,2623.500133333331,2623.500133333331,0.0,4.333251129,128.2864809036255,127.76750579999997,127.74583205599984,266,257,320,523,810,,,,,
sd_p0300,mcp4-n090-r14-09,58.07458618762561,2984.0001999999986,2984.0001999999986,0.0,3.985589062,54.08899712562561,53.622125288000014,53.609085175,156,153,306,522,808,,,,,
sd_p0300,mcp4-n090-r14-10,117.9208333020265,2664.0001,2664.0001,0.0,3.589266253,114.33156704902649,113.87243700999998,113.84795482099999,272,263,270,528,821,,,,,
sd_p0300,mcp4-n090-r16-01,115.34661342896875,2082.3334666666665,2082.3334666666665,0.0,3.370844386,111.97576904296875,106.52751302099999,106.51168452799999,255,245,8718,515,786,,,,,
sd_p0300,mcp4-n090-r16-02,54.805753464223514,2594.000149999999,2594.000149999999,0.0,3.109488482,51.69626498222351,51.286110476000005,51.27823263100001,157,149,469,523,802,,,,,
sd_p0300,mcp4-n090-r16-03,65.06693769511914,2573.3334666666647,2573.333466666665,0.0,2.898995648,62.16794204711914,61.829945891,61.821103866,179,172,216,517,791,,,,,
sd_p0300,mcp4-n090-r16-04,109.21297361699426,2174.000140000002,2174.000140000002,0.0,3.298423551,105.91455006599426,100.91297420599996,100.89180175899993,255,245,6483,527,810,,,,,
sd_p0300,mcp4-n090-r16-05,38.924568785363526,2710.000149999999,2710.000149999999,0.0,2.332040919,36.592527866363525,36.367700705,36.358175326999984,134,130,63,525,806,,,,,
sd_p0300,mcp4-n090-r16-06,107.07666785315259,2677.0001,2677.0001,0.0,3.187249728,103.88941812515259,103.400344236,103.38216715700001,309,300,300,518,792,,,,,
sd_p0300,mcp4-n090-r16-07,32.627867551953614,2343.000150000001,2343.000150000001,0.0,2.375047537,30.252820014953613,29.980200345999993,29.97492201800001,96,94,194,526,808,,,,,
sd_p0300,mcp4-n090-r16-08,35.946316878524655,2537.0001,2537.0001,0.0,1.969875972,33.97644090652466,33.725982149,33.721149946999994,97,89,107,527,810,,,,,
sd_p0300,mcp4-n090-r16-09,66.95401061826124,2431.000199999999,2431.000199999999,0.0,3.666951788,63.28705883026123,62.577007782000024,62.564765269000006,182,172,737,523,803,,,,,
sd_p0300,mcp4-n090-r16-10,127.61607293664636,2754.0001,2754.0001,0.0,2.146193071,125.46987986564636,123.21669209200002,123.19658174199995,278,270,1666,525,806,,,,,
sd_p0300,mcp4-n100-r08-01,1206.0947720796273,6727.000200000002,6727.062653203173,9.283960355859978e-6,12.086954096,1194.0078179836273,1186.606692057,1186.5349786630002,503,492,4583,551,895,,,,,
sd_p0300,mcp4-n100-r08-02,182.74281958631383,7489.764852941178,7489.764852941178,0.0,10.346659699,172.39615988731384,171.344255033,171.33793330200004,72,67,1248,551,893,,,,,
sd_p0300,mcp4-n100-r08-03,1501.156953242858,7652.500149999999,7652.500149999999,0.0,11.354413179,1489.802540063858,1488.603630864001,1488.5377257359994,480,474,540,552,895,,,,,
sd_p0300,mcp4-n100-r08-04,820.5878024923074,6973.666799999995,6974.33353333334,9.560728272024447e-5,10.895142399,809.6926600933075,790.6782957450002,790.6142257069998,514,503,20406,553,897,,,,,
sd_p0300,mcp4-n100-r08-05,1491.5754546026178,7837.000099999999,7837.000099999999,0.0,10.015682588,1481.559772014618,1480.2348194929998,1480.1551099400006,547,539,701,556,903,,,,,
sd_p0300,mcp4-n100-r08-06,1631.140669033822,6773.400139999995,6773.942282093666,8.003987398726434e-5,13.656368182,1617.484300851822,1582.957056771,1582.895396270001,453,447,43891,551,893,,,,,
sd_p0300,mcp4-n100-r08-07,2607.2585236182285,7155.000150000002,7155.33426165316,4.669624684190794e-5,14.284311687,2592.9742119312286,2523.584951802998,2523.4603510139996,747,729,59113,551,893,,,,,
sd_p0300,mcp4-n100-r08-08,1181.563166630308,7455.000166666667,7455.672242012797,9.015094984644975e-5,12.396769774,1169.166396856308,1127.3698465080006,1127.2987207429999,501,491,43177,553,898,,,,,
sd_p0300,mcp4-n100-r08-09,301.7116380679635,8006.000100000001,8006.000100000001,0.0,11.265550946,290.4460871219635,289.98666197499995,289.96946549300003,173,171,149,555,902,,,,,
sd_p0300,mcp4-n100-r08-10,1567.9772665389441,7545.0001,7545.383884170568,5.0866025908747936e-5,10.92618059,1557.051085948944,1478.3642782009995,1478.2848022329986,545,537,46845,554,900,,,,,
sd_p0300,mcp4-n100-r10-01,514.7033038062938,5748.0000999999975,5748.0000999999975,0.0,9.161991827,505.5413119792938,504.5204764290003,504.48183481499984,292,284,813,552,871,,,,,
sd_p0300,mcp4-n100-r10-02,741.2539533154071,5565.500149999996,5566.000100000004,8.983020151524565e-5,8.866259195,732.3876941204071,648.3675005110005,648.2946445829994,477,471,51773,552,870,,,,,
sd_p0300,mcp4-n100-r10-03,432.9814632376062,5742.000199999995,5742.000199999995,0.0,9.080436035,423.9010272026062,423.19618387400016,423.15624252699985,301,296,327,551,868,,,,,
sd_p0300,mcp4-n100-r10-04,771.9342770811388,5337.000100000005,5337.000100000005,0.0,9.215520167,762.7187569141388,755.8499318790005,755.7923023389997,399,383,4693,549,864,,,,,
sd_p0300,mcp4-n100-r10-05,941.5405125896004,5641.600120000003,5641.600120000003,0.0,8.867513446,932.6729991436005,889.9261749780001,889.8334461169998,572,557,36958,557,880,,,,,
sd_p0300,mcp4-n100-r10-06,74.25616335456665,4740.285857142859,4740.285857142859,0.0,9.34304833,64.91311502456665,64.294830072,64.28919643700002,57,53,567,553,872,,,,,
sd_p0300,mcp4-n100-r10-07,572.726879173832,4962.000100000001,4962.000100000001,0.0,9.561466271,563.165412902832,561.2815481929998,561.2059992969998,481,473,878,556,878,,,,,
sd_p0300,mcp4-n100-r10-08,344.8382999048484,5207.200240000002,5207.200240000002,0.0,11.065400754,333.7728991508484,333.198976849,333.16792197899986,240,236,273,549,864,,,,,
sd_p0300,mcp4-n100-r10-09,669.0975922131269,5493.000199999995,5493.000199999995,0.0,10.02737818,659.0702140331268,653.9499379810003,653.8978724219999,369,357,3822,554,875,,,,,
sd_p0300,mcp4-n100-r10-10,442.25987764222134,5179.000100000002,5179.000100000002,0.0,8.493279656,433.7665979862213,433.12257556799955,433.0768135489997,343,336,292,555,877,,,,,
sd_p0300,mcp4-n100-r12-01,381.7641111095714,4715.000100000001,4715.000100000001,0.0,6.080207177,375.6839039325714,374.78471644499973,374.7536356140001,314,307,572,551,853,,,,,
sd_p0300,mcp4-n100-r12-02,156.96799605657165,4416.750150000001,4416.750150000001,0.0,8.309919055,148.65807700157166,147.82789823899998,147.81002996100003,203,197,668,548,846,,,,,
sd_p0300,mcp4-n100-r12-03,578.2713636319526,4371.000100000001,4371.000100000001,0.0,6.350564615,571.9207990169525,568.9905290189997,568.9343677549996,432,421,2507,547,844,,,,,
sd_p0300,mcp4-n100-r12-04,462.43685759685866,4026.0000999999997,4026.0000999999997,0.0,8.733064548,453.70379304885864,450.09089011200007,450.041057917,394,386,2858,554,858,,,,,
sd_p0300,mcp4-n100-r12-05,369.1441183592401,4321.000099999999,4321.000099999999,0.0,7.372053435,361.7720649242401,360.20969380700006,360.16938376,325,318,898,555,860,,,,,
sd_p0300,mcp4-n100-r12-06,159.9689222966614,4808.0001,4808.0001,0.0,7.22900025,152.73992204666138,152.25223487100004,152.23672524100004,223,220,102,550,850,,,,,
sd_p0300,mcp4-n100-r12-07,544.5680371941195,4274.0002,4274.0002,0.0,6.799187106,537.7688500881195,529.9653664449999,529.8848064289998,600,591,6039,549,848,,,,,
sd_p0300,mcp4-n100-r12-08,264.1624319806527,4097.00013333333,4097.00013333333,0.0,6.795692946,257.3667390346527,256.8107579060001,256.78797969000004,235,225,414,555,860,,,,,
sd_p0300,mcp4-n100-r12-09,440.6000680613802,4716.0001,4716.046522101446,9.843532752551668e-6,8.814770906,431.78529715538025,426.0250515669997,425.9841420450001,331,319,4681,552,856,,,,,
sd_p0300,mcp4-n100-r12-10,138.92181036766186,3990.000100000001,3990.000100000001,0.0,6.579245308,132.34256505966187,131.953652338,131.943144077,141,135,259,547,844,,,,,
sd_p0300,mcp4-n100-r14-01,180.10315431406812,3127.0001,3127.0001,0.0,7.357696188,172.74545812606812,170.819697968,170.7910903719999,271,264,1919,549,836,,,,,
sd_p0300,mcp4-n100-r14-02,197.18377726499756,3279.0001,3279.0001,0.0,6.41574233,190.76803493499756,190.08069285200006,190.03601523499992,348,342,378,554,846,,,,,
sd_p0300,mcp4-n100-r14-03,151.90409258841052,3916.000100000002,3916.000100000002,0.0,5.629928627,146.27416396141052,145.23199598500003,145.20449481899996,246,238,860,552,842,,,,,
sd_p0300,mcp4-n100-r14-04,99.62139132545617,3715.0001000000043,3715.0001000000043,0.0,4.049910336,95.57148098945618,95.339840547,95.330427808,105,98,142,554,846,,,,,
sd_p0300,mcp4-n100-r14-05,220.96787794711926,3551.0001000000047,3551.0001000000047,0.0,4.251325928,216.71655201911926,215.1898761190001,215.16341018000006,243,233,714,552,843,,,,,
sd_p0300,mcp4-n100-r14-06,306.66250915474694,3210.0001500000026,3210.000150000003,0.0,7.526684236,299.13582491874695,295.2090693080001,295.15207492199994,441,431,3188,552,842,,,,,
sd_p0300,mcp4-n100-r14-07,80.62841064780847,3198.0001999999995,3198.0001999999995,0.0,5.645503591,74.98290705680847,74.61664284399998,74.60417407300001,141,138,186,553,845,,,,,
sd_p0300,mcp4-n100-r14-08,217.54634451627967,3560.0001,3560.0001,0.0,4.446523664,213.09982085227966,211.80332055199997,211.702870192,295,283,582,549,836,,,,,
sd_p0300,mcp4-n100-r14-09,67.54463939884863,3627.7501625000054,3627.7501625000054,0.0,4.783895304,62.76074409484863,62.45783750700001,62.44719099700002,119,116,100,551,840,,,,,
sd_p0300,mcp4-n100-r14-10,196.04189265578785,3540.6001399999996,3540.7850293563597,5.221977886498786e-5,6.051414617,189.99047803878784,188.20100306200007,188.16691148800018,287,282,1143,552,842,,,,,
sd_p0300,mcp4-n100-r16-01,135.0678381906477,3241.000100000002,3241.000100000002,0.0,3.416764258,131.6510739326477,131.20722504299997,131.190060985,209,200,326,553,835,,,,,
sd_p0300,mcp4-n100-r16-02,102.13364001848804,2910.000149999999,2910.000149999999,0.0,4.042925087,98.09071493148804,97.63756681699996,97.623969609,185,178,325,549,827,,,,,
sd_p0300,mcp4-n100-r16-03,142.43700527935096,3159.0001000000016,3159.0001000000016,0.0,3.331773279,139.10523200035095,138.641989358,138.623842732,230,220,446,548,827,,,,,
sd_p0300,mcp4-n100-r16-04,83.05659173687171,3067.0001000000016,3067.0001000000016,0.0,4.868328559,78.1882631778717,77.845013707,77.83631698800001,106,101,100,547,823,,,,,
sd_p0300,mcp4-n100-r16-05,23.75379375184082,2811.0001,2811.0001,0.0,5.025962865,18.72783088684082,18.432661087000003,18.430048236999998,44,41,158,554,838,,,,,
sd_p0300,mcp4-n100-r16-06,106.14326579565491,2984.0000999999997,2984.0000999999997,0.0,4.36443789,101.77882790565491,101.45583356500005,101.44070386599999,193,189,93,553,835,,,,,
sd_p0300,mcp4-n100-r16-07,100.00524125156701,2678.0001000000007,2678.0001000000007,0.0,5.397468186,94.60777306556702,94.234520662,94.217879285,186,180,153,553,835,,,,,
sd_p0300,mcp4-n100-r16-08,208.55487269267064,3016.000200000002,3016.221536572704,7.338745292576652e-5,4.274889649,204.27998304367065,201.45476382900003,201.42202839099994,312,298,2342,551,831,,,,,
sd_p0300,mcp4-n100-r16-09,264.62258770040967,2889.0001599999973,2889.000159999998,0.0,4.798068543,259.82451915740967,257.58364662800017,257.53599289299996,430,415,1411,552,833,,,,,
sd_p0300,mcp4-n100-r16-10,51.537201433955076,2992.0001,2992.0001,0.0,3.458874255,48.07832717895508,47.80209878199998,47.79464600299999,96,92,102,549,828,,,,,
sd_p0300,mcp4-n110-r08-01,1529.8181250279515,7634.000200000004,7634.000200000004,0.0,21.368237037,1508.4498879909515,1506.6274856140005,1506.575582007999,359,352,1434,580,932,,,,,
sd_p0300,mcp4-n110-r08-02,3658.7671657661685,6159.600160000011,14455.416632243041,1.3468108735556328,23.487920628,3635.2792451381683,3616.8459438670006,3616.698264187,793,780,11428,578,928,,,,,
sd_p0300,mcp4-n110-r08-03,1353.5994198260607,8261.000150000016,8261.000150000016,0.0,21.31743502,1332.2819848060608,1331.3079757130004,1331.2572225920003,361,358,365,573,919,,,,,
sd_p0300,mcp4-n110-r08-04,3819.210060525962,8120.000100000002,8120.000100000001,0.0,21.042387415,3798.167673110962,3794.9692956229997,3794.8241981679994,816,805,1267,574,920,,,,,
sd_p0300,mcp4-n110-r08-05,1788.172185774388,7733.333500000007,7733.333500000007,0.0,23.486569758,1764.685616016388,1763.0763283970007,1763.0246242700002,373,370,1155,578,928,,,,,
sd_p0300,mcp4-n110-r08-06,3749.480313175327,8122.000199999995,8641.64737954972,0.0639801978273438,24.627463215,3724.852849960327,3701.1214011789993,3701.0138511999953,597,587,17153,577,926,,,,,
sd_p0300,mcp4-n110-r08-07,4002.011285473769,6521.000150000013,13421.290124522457,1.0581643637168803,28.758914401,3973.252371072769,3928.6822118590003,3928.5858860350017,530,522,31453,577,926,,,,,
sd_p0300,mcp4-n110-r08-08,2904.1789675327636,8720.333500000002,8720.333500000002,0.0,23.928498325,2880.2504692077637,2875.235704893001,2875.127379549001,626,612,2454,577,927,,,,,
sd_p0300,mcp4-n110-r08-09,3203.620429496967,8865.83346666668,8866.546639379476,8.04405717158543e-5,24.907449465,3178.712980031967,3174.594216331002,3174.522492608002,445,432,2807,574,921,,,,,
sd_p0300,mcp4-n110-r08-10,3588.624761335409,7896.000200000002,7896.718546601945,9.097601111286161e-5,23.73643326,3564.888328075409,3412.274340251999,3412.1589803670026,626,609,117745,580,932,,,,,
sd_p0300,mcp4-n110-r10-01,1096.5232679703397,5975.000100000001,5975.000100000001,0.0,14.853044019,1081.6702239513397,1067.1947038559997,1067.1383402350004,443,436,8040,577,899,,,,,
sd_p0300,mcp4-n110-r10-02,1732.2612802310598,5588.000100000001,5588.2985701850885,5.341270217360114e-5,16.012488298,1716.2487919330597,1701.628453849001,1701.5404645219996,534,520,6800,578,900,,,,,
sd_p0300,mcp4-n110-r10-03,2030.0032341817498,6293.200139999999,6293.794646309357,9.446804425922993e-5,15.518911157,2014.4843230247498,2001.547927146001,2001.433938551999,683,669,10217,579,902,,,,,
sd_p0300,mcp4-n110-r10-04,1314.7533883053986,5736.000100000001,5736.149738092961,2.6087533185404054e-5,15.112142225,1299.6412460803986,1251.8392975350005,1251.7373615670006,650,643,46383,576,896,,,,,
sd_p0300,mcp4-n110-r10-05,1948.5880904261544,6081.666800000003,6081.885823003207,3.6013647312067645e-5,15.949773318,1932.6383171081543,1915.7174620360001,1915.6216356389998,640,629,8156,578,901,,,,,
sd_p0300,mcp4-n110-r10-06,1571.1892140577202,6171.000099999999,6171.000099999999,0.0,12.280786104,1558.90842795372,1557.5606682299997,1557.4330577590003,780,769,295,580,905,,,,,
sd_p0300,mcp4-n110-r10-07,2169.7041365361947,6631.0001,6631.0001,0.0,15.034730599,2154.669405937195,2141.196652108,2141.083089297999,694,688,12934,579,903,,,,,
sd_p0300,mcp4-n110-r10-08,2156.7089640399813,6140.000150000001,6140.445108398828,7.246879282683917e-5,17.929711034,2138.7792530059814,2116.892238873999,2116.7798519639987,708,697,11462,578,902,,,,,
sd_p0300,mcp4-n110-r10-09,1396.043077565293,6376.00015000001,6376.528341446308,8.284056365627248e-5,16.62328539,1379.419792175293,1367.1560120070005,1367.1034932140008,406,396,9148,577,898,,,,,
sd_p0300,mcp4-n110-r10-10,1905.4579924424404,6065.000140000002,6065.000140000002,0.0,17.199948438,1888.2580440044403,1883.0440730660002,1882.8832116120004,893,885,2622,578,901,,,,,
sd_p0300,mcp4-n110-r12-01,547.280459043291,5279.500150000002,5279.500150000002,0.0,8.366942045,538.913516998291,532.4064003370004,532.3611077920001,350,343,5296,578,884,,,,,
sd_p0300,mcp4-n110-r12-02,1290.2293690876493,4376.000100000001,4376.000100000001,0.0,12.221756144,1278.0076129436493,1276.2949181739996,1276.1882527030004,671,663,844,575,877,,,,,
sd_p0300,mcp4-n110-r12-03,784.1031215230406,5184.000099999996,5184.000099999996,0.0,12.224594597,771.8785269260406,768.0493168439997,767.9862898119999,474,468,2135,576,878,,,,,
sd_p0300,mcp4-n110-r12-04,328.9223598340962,4269.000100000004,4269.000100000004,0.0,11.916530023,317.0058298110962,316.489880992,316.4670252259999,213,206,345,576,880,,,,,
sd_p0300,mcp4-n110-r12-05,1059.5091486118213,4786.500150000001,4786.847617730494,7.259327684195481e-5,13.828444495,1045.6807041168213,1036.1299813290009,1036.0503577090003,534,522,6358,575,877,,,,,
sd_p0300,mcp4-n110-r12-06,988.1122415182176,4867.666799999999,4868.087685628143,8.646557898003177e-5,12.675036442,975.4372050762177,953.4660651950004,953.3987556239999,491,481,20604,572,872,,,,,
sd_p0300,mcp4-n110-r12-07,590.9226371242805,5195.500150000002,5195.500150000002,0.0,11.836062093,579.0865750312805,577.8909003380004,577.8411561440001,410,405,717,573,874,,,,,
sd_p0300,mcp4-n110-r12-08,673.7043238303246,4649.5556999999935,4649.5556999999935,0.0,13.727752032,659.9765717983246,659.061380686,659.0337654890001,239,227,687,574,874,,,,,
sd_p0300,mcp4-n110-r12-09,1202.6713944987744,4766.0001666666685,4766.018566449624,3.860634140148038e-6,12.311216505,1190.3601779937744,1109.0504011439987,1108.9745316289996,569,555,43766,578,883,,,,,
sd_p0300,mcp4-n110-r12-10,986.5718736293103,4922.000099999999,4922.000099999999,0.0,12.673293555,973.8985800743103,970.0164436480002,969.9508654189999,502,494,2074,578,883,,,,,
sd_p0300,mcp4-n110-r14-01,363.74477139577806,4101.800180000001,4101.800180000001,0.0,6.568872367,357.1758990287781,353.0631507629999,353.022115507,353,343,3350,576,867,,,,,
sd_p0300,mcp4-n110-r14-02,563.4950234439906,4067.0001333333357,4067.0001333333357,0.0,9.476272538,554.0187509059906,549.1668798480003,549.1112551030001,443,433,4924,574,861,,,,,
sd_p0300,mcp4-n110-r14-03,131.48768149362036,4554.000100000005,4554.000100000005,0.0,7.697897539,123.78978395462036,122.57224781100004,122.55518843300005,195,187,695,575,866,,,,,
sd_p0300,mcp4-n110-r14-04,226.87975759121082,4383.0001,4383.0001,0.0,6.877601572,220.00215601921082,219.390568543,219.361012527,265,259,514,576,867,,,,,
sd_p0300,mcp4-n110-r14-05,1042.958018717793,3578.0001000000016,3578.0001000000016,0.0,9.437858758,1033.520159959793,1019.8096578789999,1019.7038878730009,694,676,8053,574,862,,,,,
sd_p0300,mcp4-n110-r14-06,542.1218214667473,3597.000200000003,3597.000200000003,0.0,10.527666632,531.5941548347473,526.8376829399998,526.792488209,378,370,2798,577,867,,,,,
sd_p0300,mcp4-n110-r14-07,576.3426705363358,4315.166800000001,4315.537891488783,8.599702073682066e-5,8.614684439,567.7279860973358,521.506016134,521.4498915170002,455,448,49945,577,868,,,,,
sd_p0300,mcp4-n110-r14-08,495.8019114103898,4166.666799999999,4166.666799999999,0.0,7.865661439,487.93624997138977,484.0120454770002,483.9465488399998,500,492,3825,575,863,,,,,
sd_p0300,mcp4-n110-r14-09,308.81190116625964,4067.000200000001,4067.000200000001,0.0,7.578646972,301.23325419425964,295.715663219,295.6759811989998,342,338,7223,576,866,,,,,
sd_p0300,mcp4-n110-r14-10,574.9036095461793,3643.0002000000004,3643.0002000000004,0.0,10.884232553,564.0193769931793,548.7506142739994,548.6938746810005,447,437,20005,577,867,,,,,
sd_p0300,mcp4-n110-r16-01,316.415391712047,3365.0001,3365.190506901212,5.658451576617937e-5,5.298208742,311.117182970047,301.4534371970002,301.4138143439998,364,356,8733,575,853,,,,,
sd_p0300,mcp4-n110-r16-02,251.53922818719775,3295.000100000001,3295.000100000001,0.0,6.068417297,245.47081089019775,243.45122183100003,243.41647352599992,330,324,1198,580,864,,,,,
sd_p0300,mcp4-n110-r16-03,198.22923219012316,3681.000200000001,3681.000200000001,0.0,6.425911067,191.80332112312317,174.44077894199998,174.41672419299996,254,246,18908,569,842,,,,,
sd_p0300,mcp4-n110-r16-04,199.13383459108522,3299.333499999999,3299.333499999999,0.0,7.415011635,191.7188229560852,191.1330463380001,191.11449613099995,194,187,590,580,864,,,,,
sd_p0300,mcp4-n110-r16-05,348.3287999116844,3513.0001000000016,3513.0001000000016,0.0,5.085186907,343.24361300468445,342.6032173410001,342.56147078799995,374,361,426,576,856,,,,,
sd_p0300,mcp4-n110-r16-06,383.8264957658507,3310.500149999999,3310.775453007652,8.316054830954701e-5,5.766725897,378.0597698688507,316.57779252400013,316.5217487829996,501,491,28323,579,861,,,,,
sd_p0300,mcp4-n110-r16-07,326.1617128450824,3346.0000999999997,3346.0000999999997,0.0,5.849981745,320.3117311000824,316.7182908360002,316.68271628100007,342,334,3478,578,859,,,,,
sd_p0300,mcp4-n110-r16-08,203.02558073646864,3322.0001500000017,3322.000150000001,0.0,5.417757603,197.60782313346863,196.70361313800015,196.62688420199999,215,209,617,570,843,,,,,
sd_p0300,mcp4-n110-r16-09,391.6209296848932,3576.0001000000007,3576.0001000000007,0.0,6.537467685,385.0834619998932,382.6967971749997,382.6494388079999,444,431,1317,580,864,,,,,
sd_p0300,mcp4-n110-r16-10,413.90763706983864,3257.000100000002,3257.000100000002,0.0,7.716895054,406.1907420158386,401.27805230099983,401.22808133600023,421,416,4813,573,849,,,,,
sd_p0300,mcp4-n120-r08-01,3824.061940982935,8003.333466666678,17147.46547663874,1.142540423694293,37.026398018,3787.0355429649353,3772.2132791489976,3772.1120964729994,558,556,9725,606,963,,,,,
sd_p0300,mcp4-n120-r08-02,3600.8504913887114,7551.6669,18486.863048477655,1.448050648059921,38.094543322,3562.7559480667114,3550.3064117309996,3550.229160130996,494,490,7754,607,966,,,,,
sd_p0300,mcp4-n120-r08-03,3723.506777878031,7182.428785714297,18774.32818332751,1.6139247242756185,35.362751837,3688.144026041031,3680.578536769999,3680.4788583570025,561,553,3643,603,958,,,,,
sd_p0300,mcp4-n120-r08-04,3640.369848884896,7876.071564285713,19115.255095284527,1.4270037339380248,39.333936848,3601.0359120368958,3597.951824933001,3597.8719408209995,476,468,1339,605,962,,,,,
sd_p0300,mcp4-n120-r08-05,5036.630501153004,8998.400140000012,9170.5501,0.01913117413335963,35.52268398,5001.107817173004,4993.972065501,4993.887517933001,484,478,4083,609,970,,,,,
sd_p0300,mcp4-n120-r08-06,4165.7255880452185,8924.50015000001,18402.726456259606,1.0620456212620024,41.722205124,4124.003382921219,4118.694440171,4118.633289098001,380,375,3011,609,969,,,,,
sd_p0300,mcp4-n120-r08-07,3600.0002225469566,7233.500175000005,17715.373655566655,1.449073508948473,46.572732551,3553.4274899959564,3531.3033125649963,3531.227903837001,479,473,9356,609,969,,,,,
sd_p0300,mcp4-n120-r08-08,4211.690036615254,6692.000200000002,17743.98761870824,1.6515222786018797,45.101480564,4166.588556051254,4163.577497400998,4163.491451775,496,487,1182,605,961,,,,,
sd_p0300,mcp4-n120-r08-09,3687.8942793442934,5871.000200000001,17869.091851321406,2.043619697257275,53.23859535,3634.655683994293,3625.4401717480014,3625.326371123002,642,632,3912,606,964,,,,,
sd_p0300,mcp4-n120-r08-10,3709.87004180075,7178.0001666666685,16670.640692320852,1.3224631241632294,30.13051386,3679.73952794075,3666.2380734790004,3666.1482917509998,548,542,5030,605,961,,,,,
sd_p0300,mcp4-n120-r10-01,3483.139276717946,6709.50015,6709.688521851436,2.8075392685755638e-5,22.007478689,3461.131798028946,3439.4116493420015,3439.2951045399986,640,630,9460,603,928,,,,,
sd_p0300,mcp4-n120-r10-02,3613.9104544840006,6284.500150000008,11155.701703301485,0.775113602837844,24.479686471,3589.4307680130005,3550.118197025,3549.987571832998,774,767,25539,606,934,,,,,
sd_p0300,mcp4-n120-r10-03,2771.756278258455,7147.000150000006,7147.000150000006,0.0,25.768553239,2745.987725019455,2741.8869370710004,2741.8054291810004,510,501,1949,608,938,,,,,
sd_p0300,mcp4-n120-r10-04,3600.000396572078,7145.3334666666615,10203.232047483592,0.4279574347484524,21.975515686,3578.024880886078,3459.2441848020017,3459.1022049109993,799,792,90222,605,932,,,,,
sd_p0300,mcp4-n120-r10-05,854.2175779634988,6967.0000999999975,6967.0000999999975,0.0,24.421451121,829.7961268424988,828.972445733,828.9501495180001,181,175,629,606,934,,,,,
sd_p0300,mcp4-n120-r10-06,1405.3730147099523,7058.0001,7058.0001,0.0,24.725216887,1380.6477978229523,1375.493418997001,1375.4321310730008,402,395,920,608,937,,,,,
sd_p0300,mcp4-n120-r10-07,2344.6717555721802,7019.000100000005,7019.000100000005,0.0,26.811890622,2317.85986495018,2312.5871843110003,2312.523715152,420,414,3521,602,926,,,,,
sd_p0300,mcp4-n120-r10-08,3058.812232805003,7300.000100000005,7300.000100000005,0.0,23.097201658,3035.715031147003,3034.2999290230023,3034.2326738649986,405,394,888,604,931,,,,,
sd_p0300,mcp4-n120-r10-09,331.7448474183716,6495.000100000001,6495.0001,0.0,24.9753114,306.7695360183716,306.02265239999997,306.01630919199994,61,58,734,603,928,,,,,
sd_p0300,mcp4-n120-r10-10,3836.597003093577,6770.666800000005,9576.642256862748,0.41443118377391425,24.600432268,3811.996570825577,3606.7723029559966,3606.6168175670036,807,798,143586,606,933,,,,,
sd_p0300,mcp4-n120-r12-01,1180.9866549500678,5697.000100000002,5697.000100000001,0.0,15.46905799,1165.5175969600677,1164.344338924,1164.1587824219994,455,446,964,605,913,,,,,
sd_p0300,mcp4-n120-r12-02,2284.9564180338284,5520.000200000001,5520.000200000001,0.0,18.276648041,2266.6797699928284,2261.4769857830006,2261.3538241319998,677,664,2780,603,908,,,,,
sd_p0300,mcp4-n120-r12-03,1767.6523021464182,5226.000150000006,5226.000150000006,0.0,18.270788074,1749.3815140724182,1745.3439375050002,1745.2535917779987,563,552,1261,604,910,,,,,
sd_p0300,mcp4-n120-r12-04,3087.890035081612,5197.000150000007,5197.253264556965,4.8703973379388896e-5,18.888369251,3069.001665830612,3032.4064003550006,3032.2232945700016,1021,1009,26949,604,912,,,,,
sd_p0300,mcp4-n120-r12-05,2198.0765535664464,5477.000100000001,5477.000100000001,0.0,19.17924474,2178.8973088264465,2176.951863208999,2176.8332751390008,738,729,939,600,902,,,,,
sd_p0300,mcp4-n120-r12-06,2554.094123916729,5150.3001500000055,5150.444544444444,2.803612221282841e-5,18.728964882,2535.365159034729,2516.6717682389994,2516.565782024998,664,650,13390,606,914,,,,,
sd_p0300,mcp4-n120-r12-07,996.6090139353231,5552.000100000002,5552.000100000002,0.0,19.606386801,977.0026271343231,973.3020098179998,973.25337319,380,372,1270,601,904,,,,,
sd_p0300,mcp4-n120-r12-08,1673.0583550823092,5772.666799999999,5773.222647053316,9.628947461802896e-5,19.089234103,1653.969120979309,1611.2724773909997,1611.1839528749995,599,590,36279,606,914,,,,,
sd_p0300,mcp4-n120-r12-09,1458.0164306669799,5736.000099999999,5736.000099999999,0.0,18.9982317,1439.01819896698,1437.90255164,1437.8470319379999,416,407,664,607,915,,,,,
sd_p0300,mcp4-n120-r12-10,2985.038256202183,5593.000100000001,5593.509903921567,9.115035087616666e-5,18.807328258,2966.2309279441833,2931.3764737140027,2931.2292527020027,816,804,35016,607,916,,,,,
sd_p0300,mcp4-n120-r14-01,78.05535308172657,4963.0001,4963.0001,0.0,14.779580987,63.27577209472656,62.93881570900001,62.93525905600001,46,43,90,607,901,,,,,
sd_p0300,mcp4-n120-r14-02,1106.1470345757612,4841.000150000001,4841.000150000001,0.0,12.02284353,1094.124191045761,1079.3171727220001,1079.234494875999,564,555,17084,601,891,,,,,
sd_p0300,mcp4-n120-r14-03,1173.8033387763583,4269.3334666666615,4269.751874128494,9.800299393317417e-5,15.259805928,1158.5435328483582,1060.5448509349997,1060.46994148,555,544,98385,604,898,,,,,
sd_p0300,mcp4-n120-r14-04,1370.7578730625355,4003.0001500000076,4003.0001500000076,0.0,18.540863995,1352.2170090675354,1338.3782631789993,1338.3110579180002,502,493,7680,604,896,,,,,
sd_p0300,mcp4-n120-r14-05,936.1513233136081,4559.000099999999,4559.259617563513,5.6924228519610555e-5,13.501833434,922.6494898796082,909.8183958410003,909.7716414959992,405,397,13682,604,896,,,,,
sd_p0300,mcp4-n120-r14-06,934.7315627748202,4695.000119999999,4695.314445327452,6.694894982301605e-5,14.244207781,920.4873549938202,855.7342842059998,855.6809514079998,480,476,71080,600,890,,,,,
sd_p0300,mcp4-n120-r14-07,1075.8766404220924,4324.333466666666,4324.333759491197,6.77155296880838e-8,14.203673465,1061.6729669570923,1050.641478449,1050.5731726159997,546,539,8029,604,896,,,,,
sd_p0300,mcp4-n120-r14-08,900.990283413472,4333.000200000003,4333.000200000003,0.0,12.607100411,888.3831830024719,887.0524844489997,887.0151941169997,354,344,821,607,902,,,,,
sd_p0300,mcp4-n120-r14-09,987.1873604243951,4077.0001000000016,4077.06949090208,1.7020088392526503e-5,14.061490435,973.1258699893951,971.1894382979997,971.1382447169999,452,442,1178,600,887,,,,,
sd_p0300,mcp4-n120-r14-10,339.028711795639,4344.000100000003,4344.000100000003,0.0,12.21761775,326.81109404563904,326.35098816700014,326.332244333,205,199,293,604,895,,,,,
sd_p0300,mcp4-n120-r16-01,980.489399813625,3533.0001,3533.0001,0.0,9.649311923,970.840087890625,969.0454055199992,968.9502129529995,619,605,978,600,878,,,,,
sd_p0300,mcp4-n120-r16-02,847.5806283862812,4065.0001499999994,4065.0001499999994,0.0,9.608643523,837.9719848632812,829.3457663890002,829.2533430599997,587,578,8867,604,884,,,,,
sd_p0300,mcp4-n120-r16-03,800.0740422501796,4025.4001399999984,4025.4001399999984,0.0,7.439867188,792.6341750621796,784.5147036479997,784.4415012390003,488,477,5325,604,885,,,,,
sd_p0300,mcp4-n120-r16-04,602.6740387473181,3979.0001000000007,3979.0001000000007,0.0,12.187857965,590.4861807823181,588.3975729020003,588.3387052130003,409,398,1261,597,873,,,,,
sd_p0300,mcp4-n120-r16-05,538.8797543441783,3748.0000999999966,3748.0000999999966,0.0,9.626210252,529.2535440921783,526.8239184389997,526.7736164569998,363,353,606,607,891,,,,,
sd_p0300,mcp4-n120-r16-06,761.7255809632867,3716.0001500000044,3716.2123960855824,5.711681297376813e-5,12.96849111,748.7570898532867,727.6141801359998,727.5211997079998,568,558,22650,603,883,,,,,
sd_p0300,mcp4-n120-r16-07,274.501926473625,3743.5002000000018,3743.5002000000018,0.0,10.284885458,264.217041015625,263.5183027329999,263.49437022600006,207,202,590,605,887,,,,,
sd_p0300,mcp4-n120-r16-08,587.0493114795963,3480.333466666666,3480.333466666666,0.0,13.279051384,573.7702600955963,572.6457850800002,572.5966402910004,367,359,875,604,885,,,,,
sd_p0300,mcp4-n120-r16-09,472.21300351954335,3623.000100000002,3623.000100000002,0.0,9.340252522,462.87275099754333,462.12678252399985,462.0877688070003,323,311,528,604,885,,,,,
sd_p0300,mcp4-n120-r16-10,1000.3481514717969,3788.000133333335,3788.231847634581,6.117061591603669e-5,12.68045738,987.6676940917969,947.6772795160006,947.5520097720001,725,713,40252,605,886,,,,,
sd_p0500,mcp4-n070-r08-01,42.480907268234134,4283.000133333337,4283.000133333337,0.0,3.360262222,39.12064504623413,38.67283440499999,38.662460137,120,110,473,619,1091,,,,,
sd_p0500,mcp4-n070-r08-02,56.355453115850345,4517.500149999999,4517.500149999999,0.0,3.271591288,53.08386182785034,52.611954897000004,52.603074068,101,93,457,631,1115,,,,,
sd_p0500,mcp4-n070-r08-03,31.801176604308473,3691.0002000000013,3691.0002000000013,0.0,3.278230485,28.52294611930847,27.941562681000008,27.93349798999999,88,83,657,633,1119,,,,,
sd_p0500,mcp4-n070-r08-04,19.898431046741944,4690.000099999998,4690.000099999998,0.0,2.48998998,17.408441066741943,17.119259235999998,17.115695991,45,41,78,634,1121,,,,,
sd_p0500,mcp4-n070-r08-05,56.958836432249875,3845.000100000001,3845.000100000001,0.0,3.559692498,53.39914393424988,52.498596035,52.485112982,134,128,1217,629,1111,,,,,
sd_p0500,mcp4-n070-r08-06,32.80446631574817,4825.000150000002,4825.000150000002,0.0,3.241135427,29.56333088874817,29.251919773000008,29.246122146000005,69,62,132,631,1115,,,,,
sd_p0500,mcp4-n070-r08-07,14.21991969316455,3732.0001000000007,3732.0001000000007,0.0,3.760083687,10.45983600616455,10.083217652999998,10.080018886,32,29,138,632,1117,,,,,
sd_p0500,mcp4-n070-r08-08,19.928791901832398,4167.0001,4167.0001,0.0,3.555049083,16.373742818832397,16.040191578,16.035442365,50,45,257,624,1101,,,,,
sd_p0500,mcp4-n070-r08-09,107.27546378129053,4190.0001,4190.0001,0.0,3.230214796,104.04524898529053,100.44981799100003,100.42817198100002,201,189,4348,645,1143,,,,,
sd_p0500,mcp4-n070-r08-10,38.17235955262292,4291.000099999999,4291.000099999999,0.0,3.006297436,35.166062116622925,34.886027314,34.87546214599999,119,114,40,634,1121,,,,,
sd_p0500,mcp4-n070-r10-01,23.992725014828736,3716.0002000000018,3716.0002000000018,0.0,1.881968856,22.110756158828735,21.722131879999992,21.71640985000001,96,91,399,625,1086,,,,,
sd_p0500,mcp4-n070-r10-02,15.816221966922363,3023.0001500000008,3023.0001500000008,0.0,2.511461034,13.304760932922363,12.972960626,12.970481940000003,43,37,221,629,1093,,,,,
sd_p0500,mcp4-n070-r10-03,10.794970732503662,3403.0001,3403.0001,0.0,2.73803876,8.056931972503662,7.82718072,7.825307973999999,33,30,102,625,1085,,,,,
sd_p0500,mcp4-n070-r10-04,30.40075021452478,3412.250150000001,3412.250150000001,0.0,1.672574336,28.72817587852478,28.356999368000007,28.349770329999984,109,105,367,624,1083,,,,,
sd_p0500,mcp4-n070-r10-05,9.900360857815308,3104.0001,3104.0001,0.0,1.906232869,7.994127988815308,7.746357072999999,7.744320996,31,29,79,629,1093,,,,,
sd_p0500,mcp4-n070-r10-06,5.165206241668946,3933.0002000000104,3933.0002000000104,0.0,0.493497181,4.671709060668945,4.590267592999999,4.589208899999999,17,15,1,635,1105,,,,,
sd_p0500,mcp4-n070-r10-07,25.547958138019776,3412.0001,3412.0001,0.0,1.368455174,24.179502964019775,23.892919691,23.885381745,90,82,209,639,1113,,,,,
sd_p0500,mcp4-n070-r10-08,17.06979751059265,3314.00015,3314.00015,0.0,1.49025845,15.579539060592651,15.330774086999993,15.326494185000001,62,56,128,633,1101,,,,,
sd_p0500,mcp4-n070-r10-09,41.77989941569824,3319.6667999999945,3319.6667999999945,0.0,2.85390645,38.92599296569824,38.31451461700001,38.298309804999995,151,147,471,623,1081,,,,,
sd_p0500,mcp4-n070-r10-10,19.28623873566626,4003.5001500000017,4003.5001500000017,0.0,1.148792809,18.13744592666626,17.905055841,17.899850841,71,63,123,638,1111,,,,,
sd_p0500,mcp4-n070-r12-01,34.9121014362461,2717.00018,2717.00018,0.0,1.752288509,33.159812927246094,32.623015812999995,32.597940095999995,144,135,402,627,1078,,,,,
sd_p0500,mcp4-n070-r12-02,12.088697603770996,2701.333466666667,2701.333466666667,0.0,1.552489451,10.536208152770996,10.323807282,10.315638888,51,47,81,630,1084,,,,,
sd_p0500,mcp4-n070-r12-03,32.05133052659131,2729.0001,2729.0001,0.0,1.467438658,30.58389186859131,30.222667770000008,30.20042323200001,128,119,81,628,1080,,,,,
sd_p0500,mcp4-n070-r12-04,13.556246623361572,2555.000100000001,2555.000100000001,0.0,2.202415809,11.353830814361572,11.12091982,11.113563914000002,45,40,86,619,1062,,,,,
sd_p0500,mcp4-n070-r12-05,27.149684418187988,2196.0001400000006,2196.0001400000006,0.0,3.053999413,24.09568500518799,23.736505123000004,23.724079488,77,69,261,631,1086,,,,,
sd_p0500,mcp4-n070-r12-06,12.746961052661499,2249.0001000000007,2249.0001000000007,0.0,1.708429034,11.038532018661499,10.814188605000004,10.806031148,46,41,99,626,1076,,,,,
sd_p0500,mcp4-n070-r12-07,23.370502627777586,2338.5002000000004,2338.5002000000004,0.0,2.500371612,20.870131015777588,20.461635218999987,20.448905057000008,79,71,257,619,1062,,,,,
sd_p0500,mcp4-n070-r12-08,45.34052543318042,2860.333466666665,2860.333466666665,0.0,1.643424317,43.69710111618042,43.15945175099999,43.12592441099998,171,161,309,634,1092,,,,,
sd_p0500,mcp4-n070-r12-09,18.071244160661255,2674.0001,2674.0001,0.0,1.629932086,16.441312074661255,16.156568609,16.146562954000004,66,59,150,626,1076,,,,,
sd_p0500,mcp4-n070-r12-10,11.237309877868652,2880.0002000000004,2880.0002000000004,0.0,1.483046,9.754263877868652,9.510698572,9.503872087000001,41,35,89,634,1092,,,,,
sd_p0500,mcp4-n070-r14-01,9.566123739954223,2391.6668,2391.6668,0.0,1.61517574,7.950947999954224,7.643479170999998,7.638275296999999,52,47,152,617,1049,,,,,
sd_p0500,mcp4-n070-r14-02,27.360099770714843,1915.5001500000008,1915.5001500000008,0.0,1.356353738,26.003746032714844,25.642401601999993,25.622997215000005,146,140,185,612,1039,,,,,
sd_p0500,mcp4-n070-r14-03,14.03095909880835,2035.5715714285714,2035.5715714285714,0.0,1.049787014,12.98117208480835,12.705185439,12.698773246999998,58,53,182,627,1069,,,,,
sd_p0500,mcp4-n070-r14-04,11.551723059391113,2220.0001500000008,2220.0001500000008,0.0,0.498732146,11.052990913391113,10.856743602000002,10.850505971999997,53,49,34,630,1075,,,,,
sd_p0500,mcp4-n070-r14-05,24.610971801491576,1797.5001500000005,1797.5001500000005,0.0,1.893770807,22.717200994491577,22.243028345999996,22.229491835999998,113,102,473,638,1091,,,,,
sd_p0500,mcp4-n070-r14-06,17.13916768436865,2060.0002000000027,2060.0002000000027,0.0,1.952286619,15.186881065368652,14.850528660000002,14.842795070999994,81,73,281,628,1071,,,,,
sd_p0500,mcp4-n070-r14-07,16.105440823000123,2126.0001,2126.0001,0.0,1.070502726,15.034938097000122,14.791765624999995,14.784983870999998,81,72,103,633,1081,,,,,
sd_p0500,mcp4-n070-r14-08,17.702755169562135,1959.0001000000018,1959.0001000000018,0.0,1.510084109,16.192671060562134,15.907339511999998,15.900537873000005,68,63,205,631,1077,,,,,
sd_p0500,mcp4-n070-r14-09,10.554817233338014,1995.0000999999997,1995.0000999999997,0.0,1.149117265,9.405699968338013,9.192678607,9.188311793,43,39,70,631,1077,,,,,
sd_p0500,mcp4-n070-r14-10,17.78871485234192,2080.0001,2080.0001,0.0,1.76499578,16.02371907234192,15.757734310999998,15.747997670999997,79,75,129,631,1077,,,,,
sd_p0500,mcp4-n070-r16-01,21.50081206427466,2000.000100000002,2000.000100000002,0.0,0.659625064,20.841187000274658,20.454836929000006,20.441833795999997,130,123,497,624,1057,,,,,
sd_p0500,mcp4-n070-r16-02,12.389450814985352,1713.0000999999997,1713.0000999999997,0.0,0.492178705,11.897272109985352,11.638545160000001,11.630932784999995,82,75,193,635,1079,,,,,
sd_p0500,mcp4-n070-r16-03,13.139680191092163,1780.000133333337,1780.000133333337,0.0,1.091495081,12.048185110092163,11.809534941999999,11.802427956,74,68,144,630,1069,,,,,
sd_p0500,mcp4-n070-r16-04,7.892013137062988,2174.0001499999958,2174.0001499999958,0.0,0.80340821,7.088604927062988,6.867627698,6.863080960000001,49,45,80,625,1059,,,,,
sd_p0500,mcp4-n070-r16-05,9.808985928436645,1872.0001000000002,1872.0001000000002,0.0,0.958459834,8.850526094436646,8.611672207000002,8.606223495,61,55,126,616,1041,,,,,
sd_p0500,mcp4-n070-r16-06,13.872125003912476,1821.250125,1821.250125,0.0,0.959849928,12.912275075912476,12.693840317,12.686896129,76,69,160,624,1057,,,,,
sd_p0500,mcp4-n070-r16-07,8.045630174403199,1802.5001499999996,1802.5001499999996,0.0,1.617752033,6.427878141403198,6.165277841999999,6.161965619999999,42,39,175,609,1027,,,,,
sd_p0500,mcp4-n070-r16-08,7.533491589908203,1836.0000999999997,1836.0000999999997,0.0,1.105768659,6.427722930908203,6.244215591,6.240113862000001,47,40,38,629,1067,,,,,
sd_p0500,mcp4-n070-r16-09,5.143501533158935,1988.0001,1988.0001,0.0,1.097458614,4.0460429191589355,3.888159539,3.886002308,26,23,22,615,1039,,,,,
sd_p0500,mcp4-n070-r16-10,10.515913403024047,1810.0001666666665,1810.0001666666665,0.0,0.726858294,9.789055109024048,9.595138184999998,9.587817039000003,69,63,88,633,1075,,,,,
sd_p0500,mcp4-n080-r08-01,105.67947132158936,4810.833483333333,4810.833483333333,0.0,5.236620255,100.44285106658936,100.02330973999997,100.00708497,137,133,277,667,1166,,,,,
sd_p0500,mcp4-n080-r08-02,44.07877083767871,5122.000300000002,5122.000300000002,0.0,4.856154642,39.22261619567871,38.77483554200001,38.769536752,53,48,228,664,1160,,,,,
sd_p0500,mcp4-n080-r08-03,277.25111786591174,6000.000100000003,6000.000100000003,0.0,4.900033872,272.35108399391174,271.45096866200015,271.4123204929999,291,281,654,664,1160,,,,,
sd_p0500,mcp4-n080-r08-04,58.63781705819226,5927.111266666661,5927.111266666661,0.0,4.295861158,54.34195590019226,53.992212591,53.98617070700002,66,59,160,671,1174,,,,,
sd_p0500,mcp4-n080-r08-05,31.951063628639773,5400.000100000001,5400.000100000001,0.0,5.582684751,26.36837887763977,25.954112806999998,25.949963423,48,42,168,672,1176,,,,,
sd_p0500,mcp4-n080-r08-06,49.61742811335242,4848.000200000008,4848.000200000008,0.0,5.313642074,44.30378603935242,43.660136026,43.65261657299999,72,68,656,664,1160,,,,,
sd_p0500,mcp4-n080-r08-07,112.71853819473193,4926.000149999996,4926.000149999996,0.0,4.880099207,107.83843898773193,107.389647422,107.375915544,127,121,134,661,1154,,,,,
sd_p0500,mcp4-n080-r08-08,131.86421544364856,5168.000099999999,5168.000099999999,0.0,5.462715457,126.40149998664856,125.55134343399997,125.53277991300006,169,157,518,660,1152,,,,,
sd_p0500,mcp4-n080-r08-09,200.2418192701006,5038.500149999994,5038.500149999994,0.0,6.140327342,194.1014919281006,192.38564775500006,192.35569149400004,219,213,1437,667,1166,,,,,
sd_p0500,mcp4-n080-r08-10,103.18441662305908,4610.0001,4610.111211111114,2.4102192777401827e-5,6.31929955,96.86511707305908,95.815522164,95.80357373200002,105,98,847,667,1166,,,,,
sd_p0500,mcp4-n080-r10-01,78.53357853488257,3691.0001499999958,3691.0001499999958,0.0,3.923324724,74.61025381088257,74.11543494799996,74.10613171500002,123,116,440,661,1134,,,,,
sd_p0500,mcp4-n080-r10-02,108.8958000155332,3995.2501499999994,3995.2501499999994,0.0,4.034239194,104.8615608215332,104.39688695399994,104.38060730100001,202,196,315,660,1132,,,,,
sd_p0500,mcp4-n080-r10-03,63.57539974559839,4124.000100000001,4124.000100000001,0.0,3.693613876,59.88178586959839,59.26657479599999,59.25281495499997,133,125,607,669,1150,,,,,
sd_p0500,mcp4-n080-r10-04,36.92359881626306,4292.000200000003,4292.000200000003,0.0,2.727702906,34.19589591026306,33.901527810000005,33.895019219999995,75,72,56,666,1144,,,,,
sd_p0500,mcp4-n080-r10-05,62.01002013262415,3823.0001999999995,3823.0001999999995,0.0,4.045358296,57.964661836624146,57.364710598000016,57.353125268000014,124,119,592,663,1138,,,,,
sd_p0500,mcp4-n080-r10-06,79.54523349446276,4038.000099999999,4038.000099999999,0.0,3.653501517,75.89173197746277,75.45370700500001,75.44420818299997,140,132,158,673,1158,,,,,
sd_p0500,mcp4-n080-r10-07,25.1165954805188,3943.0000999999984,3943.0000999999984,0.0,3.14921448,21.9673810005188,21.697518064999997,21.69217357000001,62,58,63,660,1132,,,,,
sd_p0500,mcp4-n080-r10-08,35.524094045048216,4339.000100000006,4339.000100000006,0.0,3.33682698,32.18726706504822,31.883537048999997,31.875568875000003,84,82,58,676,1164,,,,,
sd_p0500,mcp4-n080-r10-09,39.123201385378295,3860.0001,3860.0001,0.0,4.330507532,34.792693853378296,34.482250969,34.47610521000001,64,58,207,670,1152,,,,,
sd_p0500,mcp4-n080-r10-10,54.78413579174878,4385.500150000002,4385.500150000002,0.0,3.489473793,51.29466199874878,50.983876631,50.973608889000005,108,105,100,662,1136,,,,,
sd_p0500,mcp4-n080-r12-01,16.35637357201013,3733.0001,3733.0001,0.0,1.675261521,14.681112051010132,14.467661353000002,14.462611319,30,28,24,666,1131,,,,,
sd_p0500,mcp4-n080-r12-02,32.435293195910525,3525.5001499999994,3525.5001499999994,0.0,2.761715172,29.673578023910522,29.367022716999998,29.353440566000003,76,70,149,673,1145,,,,,
sd_p0500,mcp4-n080-r12-03,49.24355382825525,3056.000100000001,3056.000100000001,0.0,3.342289876,45.90126395225525,45.419924628,45.39602759400001,129,120,358,672,1143,,,,,
sd_p0500,mcp4-n080-r12-04,11.90836662041687,3247.0001999999995,3247.0001999999995,0.0,2.567421615,9.34094500541687,9.118372532999999,9.115229375,24,21,44,671,1141,,,,,
sd_p0500,mcp4-n080-r12-05,147.79440577123083,3280.0001,3280.0001,0.0,3.169823719,144.62458205223083,143.828701547,143.74764392300003,343,335,324,669,1137,,,,,
sd_p0500,mcp4-n080-r12-06,87.92509622636096,3081.333466666664,3081.333466666664,0.0,2.890487147,85.03460907936096,77.51466431899995,77.46355372500003,205,196,6296,669,1137,,,,,
sd_p0500,mcp4-n080-r12-07,55.5984796235365,2996.000200000001,2996.000200000001,0.0,3.567027683,52.0314519405365,51.46478026,51.43462011899999,149,144,360,672,1143,,,,,
sd_p0500,mcp4-n080-r12-08,103.47172290067505,2750.000100000001,2750.000100000001,0.0,4.426155865,99.04556703567505,98.32434753700001,98.27462533099995,207,199,370,664,1127,,,,,
sd_p0500,mcp4-n080-r12-09,31.83331448964917,3034.0001,3034.0001,0.0,2.546186518,29.28712797164917,28.96749709,28.94557895899999,88,86,33,661,1121,,,,,
sd_p0500,mcp4-n080-r12-10,41.36617515174072,3249.0000999999997,3249.0000999999997,0.0,3.338365055,38.02781009674072,37.600757105,37.58153154600001,87,76,243,678,1155,,,,,
sd_p0500,mcp4-n080-r14-01,20.997179610025757,2692.0001,2692.0001,0.0,2.068600518,18.928579092025757,18.698828712,18.693285226000004,61,55,115,662,1114,,,,,
sd_p0500,mcp4-n080-r14-02,20.536041035738037,2471.000199999999,2471.000199999999,0.0,2.212415948,18.323625087738037,18.066825663000003,18.061263964,63,56,141,664,1118,,,,,
sd_p0500,mcp4-n080-r14-03,45.18702252547913,2417.50015,2417.50015,0.0,1.78546055,43.401561975479126,42.923523519,42.909771897,142,133,545,666,1122,,,,,
sd_p0500,mcp4-n080-r14-04,47.86146993235681,2289.0001,2289.0001,0.0,2.073349901,45.78812003135681,45.408704377000014,45.39427103799999,159,154,253,671,1132,,,,,
sd_p0500,mcp4-n080-r14-05,10.643621608325073,2817.0001,2817.0001000000007,0.0,1.531203672,9.112417936325073,8.863375422999999,8.860182879000002,33,30,21,671,1132,,,,,
sd_p0500,mcp4-n080-r14-06,24.499557079372316,2750.5001500000008,2750.5001500000008,0.0,1.717658104,22.781898975372314,22.521297816999994,22.512543546999996,90,86,49,661,1112,,,,,
sd_p0500,mcp4-n080-r14-07,17.059915220755737,2926.0001,2926.0001,0.0,1.473000443,15.586914777755737,15.319027014,15.312392565999994,67,63,118,676,1142,,,,,
sd_p0500,mcp4-n080-r14-08,36.399213277590334,2455.5001500000017,2455.5001500000017,0.0,1.817482435,34.58173084259033,34.28745780599999,34.277680436000004,104,98,230,666,1122,,,,,
sd_p0500,mcp4-n080-r14-09,21.332347139020264,2462.5001500000008,2462.5001500000008,0.0,2.081451162,19.250895977020264,18.86312004400001,18.856388439000003,78,73,235,657,1104,,,,,
sd_p0500,mcp4-n080-r14-10,7.580789533307251,2858.0001333333366,2858.0001333333366,0.0,1.063474384,6.517315149307251,6.411530771000001,6.409699414000001,24,21,1,668,1126,,,,,
sd_p0500,mcp4-n080-r16-01,21.174035318993532,2328.0001000000025,2328.0001000000025,0.0,1.20934821,19.96468710899353,19.774006998999994,19.765474701000002,93,89,35,664,1110,,,,,
sd_p0500,mcp4-n080-r16-02,12.182888198035766,2142.500150000001,2142.500150000001,0.0,1.530010152,10.652878046035767,10.370846213,10.366861591000001,45,41,121,657,1096,,,,,
sd_p0500,mcp4-n080-r16-03,22.75619647550427,1936.50015,1936.50015,0.0,1.186683393,21.569513082504272,21.311055857000003,21.303423038,87,77,155,670,1122,,,,,
sd_p0500,mcp4-n080-r16-04,38.063510319072634,2156.750149999999,2156.750149999999,0.0,0.878858229,37.18465209007263,36.670909536999986,36.65398701999999,172,162,466,665,1112,,,,,
sd_p0500,mcp4-n080-r16-05,10.336098724659424,2229.0001,2229.0001,0.0,1.817295605,8.518803119659424,8.296446878,8.293595747,38,33,89,664,1110,,,,,
sd_p0500,mcp4-n080-r16-06,6.107658108329224,2299.0000999999997,2299.0000999999997,0.0,1.438204249,4.669453859329224,4.48116647,4.479184969,24,22,25,674,1130,,,,,
sd_p0500,mcp4-n080-r16-07,53.55818022619751,2319.6668333333323,2319.6668333333323,0.0,1.588886155,51.96929407119751,51.41285533099998,51.38879075999998,233,223,448,653,1088,,,,,
sd_p0500,mcp4-n080-r16-08,9.638805501700196,1812.0001000000002,1812.0001000000002,0.0,1.601068609,8.037736892700195,7.813195623000002,7.810492221000002,35,31,48,667,1116,,,,,
sd_p0500,mcp4-n080-r16-09,29.725794561942383,1992.0001000000002,1992.0001000000002,0.0,1.767357596,27.958436965942383,27.609407941000004,27.597496972999988,130,117,257,657,1096,,,,,
sd_p0500,mcp4-n080-r16-10,18.958792243649047,1627.0000999999993,1627.0000999999993,0.0,1.657774244,17.301017999649048,16.958261427,16.950731624999996,86,77,320,672,1126,,,,,
sd_p0500,mcp4-n090-r08-01,100.55605058694324,6051.333466666664,6051.333466666664,0.0,8.302265692,92.25378489494324,91.77935218800005,91.77224738400002,76,71,227,699,1210,,,,,
sd_p0500,mcp4-n090-r08-02,163.52001606703453,6350.000100000001,6350.000100000001,0.0,6.954800241,156.56521582603455,155.884365983,155.87300102799998,115,108,394,695,1202,,,,,
sd_p0500,mcp4-n090-r08-03,139.45837556747594,6544.400120000006,6545.0000999999975,9.167837983472404e-5,7.738641614,131.71973395347595,130.81429760300003,130.803451424,116,109,923,700,1212,,,,,
sd_p0500,mcp4-n090-r08-04,223.06295681423853,5604.000200000001,5604.000200000001,0.0,8.741180901,214.32177591323853,213.26106164999987,213.2477068279999,129,123,1070,706,1224,,,,,
sd_p0500,mcp4-n090-r08-05,304.437538299137,5733.50015,5733.50015,0.0,9.111993465,295.32554483413696,293.726565339,293.70510366299993,200,190,1754,707,1226,,,,,
sd_p0500,mcp4-n090-r08-06,268.33031602913246,6854.8334833333265,6854.8334833333265,0.0,8.928340159,259.40197587013245,258.6422474769999,258.62681038,153,146,618,696,1204,,,,,
sd_p0500,mcp4-n090-r08-07,100.37964609448376,6628.500149999995,6628.500149999995,0.0,7.628952058,92.75069403648376,92.31471076100003,92.30962334,61,55,305,700,1212,,,,,
sd_p0500,mcp4-n090-r08-08,165.60949450323326,5870.000149999996,5870.000149999996,0.0,9.081072386,156.52842211723328,155.609260349,155.60056245900003,98,91,642,697,1206,,,,,
sd_p0500,mcp4-n090-r08-09,171.20021964865734,5690.500150000002,5690.500150000002,0.0,7.919895428,163.28032422065735,162.493374957,162.478167727,153,148,381,699,1210,,,,,
sd_p0500,mcp4-n090-r08-10,629.8429479189227,6615.000100000004,6615.000100000004,0.0,8.890403945,620.9525439739227,616.4687382750002,616.4319072369999,278,268,3666,703,1218,,,,,
sd_p0500,mcp4-n090-r10-01,414.500761500885,5127.50015,5127.50015,0.0,6.873386375,407.627375125885,406.66262333400016,406.60777468199996,406,398,525,717,1223,,,,,
sd_p0500,mcp4-n090-r10-02,175.38897782931542,4945.000200000002,4945.000200000002,0.0,6.105028931,169.28394889831543,168.597024834,168.575474345,219,211,640,707,1203,,,,,
sd_p0500,mcp4-n090-r10-03,91.33193761975501,4279.000099999999,4279.000099999999,0.0,7.456604549,83.875333070755,83.34820421400002,83.340693301,87,79,296,711,1211,,,,,
sd_p0500,mcp4-n090-r10-04,77.49622910125805,4416.000100000004,4416.07317692308,1.6548215901503173e-5,6.607795168,70.88843393325806,70.43221074200001,70.42482761299998,90,84,343,709,1207,,,,,
sd_p0500,mcp4-n090-r10-05,183.0592962543484,4297.000099999999,4297.000099999999,0.0,7.502217416,175.5570788383484,174.59369359200002,174.51945367599993,152,145,1066,703,1195,,,,,
sd_p0500,mcp4-n090-r10-06,110.09650734145069,4412.000200000002,4412.000200000002,0.0,6.952709467,103.14379787445068,102.59469260600001,102.584984984,107,98,453,688,1165,,,,,
sd_p0500,mcp4-n090-r10-07,37.35578530036255,4309.000100000001,4309.000100000001,0.0,6.169715335,31.18606996536255,30.701977580000005,30.697863086999998,46,41,162,704,1197,,,,,
sd_p0500,mcp4-n090-r10-08,57.021459896624876,4828.0001333333275,4828.0001333333275,0.0,4.870606978,52.15085291862488,51.747684488,51.74212655099999,69,64,161,698,1185,,,,,
sd_p0500,mcp4-n090-r10-09,87.92580669962817,5061.0001,5061.0001,0.0,5.823812662,82.10199403762817,81.56402176000003,81.55590468599996,88,82,297,689,1167,,,,,
sd_p0500,mcp4-n090-r10-10,182.6687172898893,4562.400140000002,4562.400140000002,0.0,6.295071269,176.37364602088928,174.345922555,174.3244613380001,196,190,1468,707,1203,,,,,
sd_p0500,mcp4-n090-r12-01,77.0407474687312,3706.4001400000034,3706.4001400000034,0.0,4.761546438,72.2792010307312,71.86297491600001,71.85026790299997,107,104,416,705,1184,,,,,
sd_p0500,mcp4-n090-r12-02,58.78013616487158,3871.000149999997,3871.000149999997,0.0,4.613139209,54.16699695587158,53.78155546300001,53.773486147999996,76,70,223,697,1168,,,,,
sd_p0500,mcp4-n090-r12-03,287.92110731739075,3755.0000999999993,3755.0000999999993,0.0,5.402618195,282.51848912239075,280.79703424400026,280.72306126000007,485,473,716,698,1170,,,,,
sd_p0500,mcp4-n090-r12-04,105.32926547585352,3608.0001500000017,3608.0001500000017,0.0,5.514747501,99.81451797485352,99.19837136800001,99.17931633999996,162,157,629,713,1200,,,,,
sd_p0500,mcp4-n090-r12-05,66.69209593896814,3550.0001,3550.009533962263,2.657454083690522e-6,5.193751756,61.49834418296814,61.060878777000006,61.04978655499999,112,106,210,699,1172,,,,,
sd_p0500,mcp4-n090-r12-06,117.7490694446167,3339.0001999999968,3339.0001999999968,0.0,4.962506525,112.7865629196167,112.22604852299996,112.20373743600005,197,189,286,706,1186,,,,,
sd_p0500,mcp4-n090-r12-07,37.00853460374145,3782.500149999999,3782.500149999999,0.0,4.17148655,32.837048053741455,32.476315846,32.471905351000004,46,42,81,709,1192,,,,,
sd_p0500,mcp4-n090-r12-08,39.297157254858035,3672.0001,3672.0001,0.0,6.230945316,33.06621193885803,32.592404175999995,32.58705919899999,57,51,232,700,1175,,,,,
sd_p0500,mcp4-n090-r12-09,53.89828499412195,4184.0001,4184.0001,0.0,3.305672966,50.59261202812195,50.207547975,50.195905364,108,102,212,710,1194,,,,,
sd_p0500,mcp4-n090-r12-10,157.90041882040467,3350.3334666666697,3350.3334666666697,0.0,5.30523664,152.59518218040466,151.71164605600003,151.679338111,263,259,738,706,1186,,,,,
sd_p0500,mcp4-n090-r14-01,57.02830324139001,3413.0000999999997,3413.0000999999997,0.0,2.930380201,54.097923040390015,53.81265247499999,53.80003924599999,107,98,114,696,1156,,,,,
sd_p0500,mcp4-n090-r14-02,47.527861002108274,3182.0001499999994,3182.0001499999994,0.0,3.537768963,43.990092039108276,43.65340342799999,43.642513539999996,104,101,64,706,1176,,,,,
sd_p0500,mcp4-n090-r14-03,56.825380930311155,3149.0001999999995,3149.0001999999995,0.0,4.100202927,52.72517800331116,52.336152877999986,52.326387227000005,99,91,148,704,1172,,,,,
sd_p0500,mcp4-n090-r14-04,76.88962848917187,3646.0000999999997,3646.0000999999997,0.0,3.110850413,73.77877807617188,73.35263212999999,73.32939600999998,204,200,105,701,1166,,,,,
sd_p0500,mcp4-n090-r14-05,21.896132202162597,3044.000100000001,3044.000100000001,0.0,3.940618248,17.955513954162598,17.674306674,17.670485644,46,42,133,699,1162,,,,,
sd_p0500,mcp4-n090-r14-06,44.19668277324365,3399.333466666667,3399.333466666667,0.0,3.624303661,40.57237911224365,40.23663856899999,40.229005654,78,73,182,703,1170,,,,,
sd_p0500,mcp4-n090-r14-07,172.34196450636986,2659.6668333333337,2659.6668333333337,0.0,3.323280596,169.01868391036987,165.35969673199983,165.32232282000004,358,348,3479,693,1151,,,,,
sd_p0500,mcp4-n090-r14-08,43.5399728699043,2623.500133333334,2623.500133333334,0.0,4.368940918,39.1710319519043,38.791787248000006,38.785236356,78,71,293,707,1179,,,,,
sd_p0500,mcp4-n090-r14-09,191.74614141794922,2984.0001999999995,2984.0001999999995,0.0,4.165155395,187.58098602294922,180.89728860399993,180.86071218400008,328,315,4876,695,1154,,,,,
sd_p0500,mcp4-n090-r14-10,37.77692001997351,2664.0001,2664.0001,0.0,3.713955819,34.06296420097351,33.695009798,33.687251419,94,86,283,703,1170,,,,,
sd_p0500,mcp4-n090-r16-01,36.26106380491528,2082.333466666666,2082.333466666666,0.0,3.455368748,32.80569505691528,32.352635641,32.346663787000004,98,92,409,697,1150,,,,,
sd_p0500,mcp4-n090-r16-02,30.508630349820066,2594.00015,2594.00015,0.0,3.149963453,27.35866689682007,26.938870975999997,26.93355439500001,94,88,399,708,1172,,,,,
sd_p0500,mcp4-n090-r16-03,63.73227427984412,2573.333466666666,2573.333466666666,0.0,3.035724149,60.696550130844116,60.31696057100002,60.29726948799998,185,180,196,705,1166,,,,,
sd_p0500,mcp4-n090-r16-04,38.16407481161511,2174.00014,2174.00014,0.0,3.298504028,34.86557078361511,34.28012696,34.273665192,96,89,631,703,1162,,,,,
sd_p0500,mcp4-n090-r16-05,15.36448984162622,2710.0001500000008,2710.0001500000008,0.0,2.374239731,12.99025011062622,12.751443642999995,12.749041365000002,39,36,56,702,1160,,,,,
sd_p0500,mcp4-n090-r16-06,29.37158506117053,2677.0001,2677.0001,0.0,3.213454177,26.158130884170532,25.883598358999997,25.877653032000005,77,70,184,707,1170,,,,,
sd_p0500,mcp4-n090-r16-07,23.47738248161206,2343.000150000003,2343.000150000003,0.0,2.383701623,21.09368085861206,20.857790384,20.852727167999994,63,57,113,707,1170,,,,,
sd_p0500,mcp4-n090-r16-08,60.76528027795593,2537.0001,2537.0001,0.0,2.06348017,58.70180010795593,58.34727898400001,58.327292538999984,202,198,88,700,1156,,,,,
sd_p0500,mcp4-n090-r16-09,69.81309719453894,2431.000200000001,2431.000200000001,0.0,3.627805189,66.18529200553894,65.544704626,65.52859466299999,190,184,390,698,1152,,,,,
sd_p0500,mcp4-n090-r16-10,38.44404595080371,2754.0001,2754.0001,0.0,2.216302802,36.22774314880371,35.89818387100001,35.889684963,110,102,214,701,1158,,,,,
sd_p0500,mcp4-n100-r08-01,313.3928141409447,6727.000199999999,6727.000199999999,0.0,12.079147082,301.3136670589447,299.248329316,299.2357311070001,119,112,1441,736,1263,,,,,
sd_p0500,mcp4-n100-r08-02,1612.060218150257,7489.764852941176,7490.000100000002,3.140913812979788e-5,10.361445243,1601.698772907257,1597.1584817200003,1597.0420881660013,682,675,2107,747,1285,,,,,
sd_p0500,mcp4-n100-r08-03,517.3757490136379,7652.500149999997,7652.560870351194,7.93470761280978e-6,11.334175966,506.04157304763794,505.07957366200003,505.062495708,164,155,896,731,1253,,,,,
sd_p0500,mcp4-n100-r08-04,167.69037529144776,6973.666799999999,6973.666799999999,0.0,10.740560495,156.94981479644775,155.76774784599996,155.75638534099997,134,129,1073,738,1267,,,,,
sd_p0500,mcp4-n100-r08-05,154.16772235980213,7837.000100000002,7837.571528571427,7.2914197286383e-5,9.876596347,144.29112601280212,143.60635965699996,143.59918073400002,88,84,542,735,1261,,,,,
sd_p0500,mcp4-n100-r08-06,1967.7495008362248,6773.400140000002,6773.500100000001,1.4757728457417735e-5,13.485104884,1954.2643959522247,1950.5425403900006,1950.464496525,565,553,2263,740,1272,,,,,
sd_p0500,mcp4-n100-r08-07,814.8979687150734,7155.000149999997,7155.000149999997,0.0,14.093531793,800.8044369220734,795.0049334929992,794.9563711230006,401,395,4280,743,1277,,,,,
sd_p0500,mcp4-n100-r08-08,390.8700266890182,7455.000166666665,7455.000166666665,0.0,12.299015861,378.5710108280182,376.0858294800001,376.06586518700004,200,194,1713,734,1259,,,,,
sd_p0500,mcp4-n100-r08-09,965.746601581526,8006.000100000002,8006.000100000002,0.0,11.057716608,954.688884973526,953.3773768100002,953.3279763549998,430,424,754,732,1255,,,,,
sd_p0500,mcp4-n100-r08-10,544.6446258757497,7545.000100000001,7545.0001,0.0,10.722802851,533.9218230247498,532.9639950549998,532.9456808970001,187,177,865,732,1255,,,,,
sd_p0500,mcp4-n100-r10-01,735.7373162833136,5748.000099999985,5748.000099999984,0.0,9.31337634,726.4239399433136,725.2387587120002,725.1710639830003,404,398,593,740,1246,,,,,
sd_p0500,mcp4-n100-r10-02,64.07860396891125,5565.500150000003,5565.500150000003,0.0,8.861412988,55.217190980911255,54.869105641,54.866424620000004,37,34,156,731,1228,,,,,
sd_p0500,mcp4-n100-r10-03,783.8407507896482,5742.0002,5742.568727450982,9.901209181105422e-5,8.571408844,775.2693419456482,723.063761751,722.9804350769995,516,508,56146,725,1216,,,,,
sd_p0500,mcp4-n100-r10-04,360.6398981398656,5337.0000999999975,5337.0000999999975,0.0,8.720024187,351.9198739528656,351.21136487200005,351.1753113859999,367,363,316,736,1238,,,,,
sd_p0500,mcp4-n100-r10-05,866.6396193302687,5641.600120000004,5641.600120000004,0.0,8.438133458,858.2014858722687,855.1354701619998,855.0505402049998,551,540,1540,743,1252,,,,,
sd_p0500,mcp4-n100-r10-06,468.02557545049416,4740.285857142852,4740.285857142852,0.0,8.996549419,459.02902603149414,457.76508960700005,457.728749926,294,288,1061,742,1250,,,,,
sd_p0500,mcp4-n100-r10-07,555.9848441858651,4962.000099999999,4962.000099999999,0.0,9.116831996,546.8680121898651,544.923948467,544.8589432559999,383,377,931,737,1240,,,,,
sd_p0500,mcp4-n100-r10-08,319.7459223033495,5207.200240000001,5207.200240000001,0.0,11.337291217,308.4086310863495,307.8549897890002,307.83546448000004,166,162,281,730,1226,,,,,
sd_p0500,mcp4-n100-r10-09,1164.7274442835721,5493.000199999998,5493.000199999998,0.0,10.064380519,1154.6630637645721,1131.2495913480002,1131.1472867969997,589,579,20185,732,1230,,,,,
sd_p0500,mcp4-n100-r10-10,500.91524120924095,5179.0000999999975,5179.0000999999975,0.0,8.113453356,492.80178785324097,491.9936855880003,491.93510587599974,437,427,300,746,1258,,,,,
sd_p0500,mcp4-n100-r12-01,78.4672238397782,4715.000099999999,4715.0001,0.0,6.180214839,72.2870090007782,72.02291677499997,72.017007289,73,69,76,736,1222,,,,,
sd_p0500,mcp4-n100-r12-02,104.50104434002368,4416.750149999998,4416.750149999998,0.0,8.346100397,96.15494394302368,95.771094527,95.76119192899996,118,115,116,738,1226,,,,,
sd_p0500,mcp4-n100-r12-03,78.31734806770373,4371.0001,4371.0001,0.0,6.573046987,71.74430108070374,71.33835751999999,71.33237531500001,75,71,210,734,1218,,,,,
sd_p0500,mcp4-n100-r12-04,189.34381397360426,4026.0001000000016,4026.0001000000016,0.0,8.605311948,180.73850202560425,179.56151777399995,179.5421945059999,189,182,1149,735,1220,,,,,
sd_p0500,mcp4-n100-r12-05,319.71013931748166,4321.0000999999975,4321.0000999999975,0.0,7.215502305,312.4946370124817,311.3156060569999,311.2144678739999,424,418,744,740,1230,,,,,
sd_p0500,mcp4-n100-r12-06,317.8814703263556,4808.000099999999,4808.261327544913,5.4331850973486615e-5,7.11655939,310.7649109363556,305.1612739010001,305.1166814290002,342,334,4937,742,1234,,,,,
sd_p0500,mcp4-n100-r12-07,515.125230750925,4274.000200000001,4274.000200000001,0.0,6.649269781,508.4759609699249,507.33291858300015,507.2728422760003,501,493,547,741,1232,,,,,
sd_p0500,mcp4-n100-r12-08,165.99482196577392,4097.000133333337,4097.000133333337,0.0,6.706036985,159.28878498077393,158.707531022,158.692412041,145,136,499,729,1208,,,,,
sd_p0500,mcp4-n100-r12-09,434.0851477202494,4716.0001,4716.437382325366,9.272313742447563e-5,8.632396799,425.4527509212494,415.9028372259996,415.85000358899964,404,393,8311,741,1232,,,,,
sd_p0500,mcp4-n100-r12-10,64.59923142531555,3990.0000999999997,3990.0000999999997,0.0,6.606516305,57.99271512031555,57.594055772000026,57.58922431200002,68,64,220,740,1230,,,,,
sd_p0500,mcp4-n100-r14-01,110.94685537021326,3127.0001,3127.0001,0.0,8.292812411,102.65404295921326,101.80747288000003,101.79491560799998,148,141,487,736,1211,,,,,
sd_p0500,mcp4-n100-r14-02,150.32467436352002,3279.0001,3279.0001,0.0,7.195412393,143.12926197052002,142.41813222400003,142.39945493,166,162,437,729,1196,,,,,
sd_p0500,mcp4-n100-r14-03,107.6062902562223,3916.000100000002,3916.000100000002,0.0,6.353156244,101.25313401222229,100.85441138500002,100.83946969499999,183,178,108,737,1212,,,,,
sd_p0500,mcp4-n100-r14-04,19.485242507593263,3715.000099999999,3715.000099999999,0.0,4.504450462,14.980792045593262,14.736950574,14.735158877999996,22,20,31,733,1204,,,,,
sd_p0500,mcp4-n100-r14-05,44.63114965494812,3551.0000999999993,3551.0000999999993,0.0,4.81968463,39.81146502494812,39.436067275999996,39.43195888899999,56,51,109,739,1216,,,,,
sd_p0500,mcp4-n100-r14-06,121.83652752768201,3210.0001500000017,3210.0001500000017,0.0,8.461598338,113.374929189682,112.44709018200001,112.43197701300002,138,131,917,734,1206,,,,,
sd_p0500,mcp4-n100-r14-07,54.334842751579586,3198.000199999999,3198.000199999999,0.0,6.304226945,48.03061580657959,47.632820549999984,47.626911398000004,75,72,187,734,1206,,,,,
sd_p0500,mcp4-n100-r14-08,120.36038028016883,3560.0001000000007,3560.0001000000007,0.0,5.152320254,115.20806002616882,114.75923161399997,114.74511806600002,135,131,45,740,1218,,,,,
sd_p0500,mcp4-n100-r14-09,73.50660841444177,3627.750162500004,3627.750162500004,0.0,5.425010371,68.08159804344177,67.67058108900001,67.659321906,131,128,103,734,1206,,,,,
sd_p0500,mcp4-n100-r14-10,44.52856847394336,3540.60014,3540.60014,0.0,6.833595482,37.69497299194336,37.28495914599999,37.280858087999995,49,44,210,742,1222,,,,,
sd_p0500,mcp4-n100-r16-01,89.43948508223328,3241.0001,3241.0001,0.0,3.49114109,85.94834399223328,85.60774779899998,85.58643371199999,158,154,111,738,1205,,,,,
sd_p0500,mcp4-n100-r16-02,113.32227898628027,2910.000149999996,2910.0001499999967,0.0,4.176673899,109.14560508728027,108.69043512,108.568579333,264,259,123,727,1183,,,,,
sd_p0500,mcp4-n100-r16-03,21.13549939747351,3159.000100000001,3159.000100000001,0.0,3.364527384,17.77097201347351,17.518801224,17.515349622,37,34,71,728,1185,,,,,
sd_p0500,mcp4-n100-r16-04,76.96448822169324,3067.0001,3067.0001,0.0,4.861582233,72.10290598869324,71.669426749,71.65879977999998,104,97,193,727,1183,,,,,
sd_p0500,mcp4-n100-r16-05,196.07130969751734,2811.0000999999997,2811.0000999999997,0.0,5.206779611,190.86453008651733,190.15881001199998,190.10478629700003,407,398,304,724,1177,,,,,
sd_p0500,mcp4-n100-r16-06,76.06883229130871,2984.000100000001,2984.000100000001,0.0,4.323666228,71.74516606330872,71.38603196800001,71.37121534900001,152,147,88,727,1183,,,,,
sd_p0500,mcp4-n100-r16-07,13.21196776126587,2678.0001,2678.0001,0.0,5.355073745,7.856894016265869,7.566768031,7.565238626000001,18,16,108,739,1207,,,,,
sd_p0500,mcp4-n100-r16-08,68.53787451670922,3016.000199999998,3016.000199999998,0.0,4.244796571,64.29307794570923,63.82379099400003,63.80909010899999,143,138,470,737,1203,,,,,
sd_p0500,mcp4-n100-r16-09,29.435479695496827,2889.0001600000023,2889.0001600000023,0.0,4.82922178,24.606257915496826,24.282051032,24.276719385,57,53,188,728,1185,,,,,
sd_p0500,mcp4-n100-r16-10,122.51098289618042,2992.0000999999993,2992.0000999999993,0.0,3.48966303,119.02131986618042,118.55602924399994,118.52459235299996,266,262,87,736,1201,,,,,
sd_p0500,mcp4-n110-r08-01,3712.5217033809595,7453.000100000001,8092.010996333793,0.08573874785454404,21.28716721,3691.2345361709595,3686.485074413999,3686.383223894992,558,547,2486,769,1311,,,,,
sd_p0500,mcp4-n110-r08-02,4089.250135645055,7045.000099999999,8531.068102702093,0.21093938702741732,23.088320717,4066.161814928055,4062.1469780190014,4062.0213303920027,649,641,1769,769,1310,,,,,
sd_p0500,mcp4-n110-r08-03,3917.584039972768,6297.500150000008,13853.257399270073,1.1998026310916492,21.040643023,3896.543396949768,3858.897564042998,3858.741133577999,771,762,26434,763,1298,,,,,
sd_p0500,mcp4-n110-r08-04,781.3467601475492,8120.000100000002,8120.482392623156,5.939564251404697e-5,20.806746119,760.5400140285492,759.3696573459998,759.3539307919999,134,127,974,761,1294,,,,,
sd_p0500,mcp4-n110-r08-05,2983.32066260851,7733.333500000002,7734.072999669242,9.562495516844108e-5,23.013137689,2960.30752491951,2953.1425019549974,2952.9952399969998,777,768,2695,762,1296,,,,,
sd_p0500,mcp4-n110-r08-06,2737.6420384217763,8346.666799999995,8346.666799999995,0.0,24.376711445,2713.265326976776,2710.8225867849997,2710.778828075999,298,292,1582,764,1300,,,,,
sd_p0500,mcp4-n110-r08-07,1458.4138732064732,7014.900120000004,7014.900120000004,0.0,28.351449262,1430.0624239444733,1426.954094882,1426.9302622530004,206,198,2164,770,1312,,,,,
sd_p0500,mcp4-n110-r08-08,275.3888330426792,8720.333499999997,8720.333499999997,0.0,23.694433209,251.6943998336792,250.93288900299999,250.92806114799995,55,51,594,759,1290,,,,,
sd_p0500,mcp4-n110-r08-09,3940.0627038186485,7824.0001500000035,13351.056306161918,0.7064233192993883,24.678781957,3915.3839218616486,3827.8588844979995,3827.7747645329996,568,559,81605,768,1308,,,,,
sd_p0500,mcp4-n110-r08-10,2423.967505206036,7896.000200000001,7896.603383009823,7.639095675577681e-5,23.297485341,2400.670019865036,2387.1108541189997,2387.032876841002,559,551,8103,770,1312,,,,,
sd_p0500,mcp4-n110-r10-01,1482.9323173207288,5975.000099999999,5975.410814285713,6.873879143763798e-5,15.32062823,1467.6116890907288,1465.808473634999,1465.723649724999,444,434,1405,774,1292,,,,,
sd_p0500,mcp4-n110-r10-02,2359.017016268448,5588.000099999992,5588.408259801829,7.304219658790424e-5,15.56156025,2343.455456018448,2305.120061361999,2305.022900140998,552,537,36450,763,1270,,,,,
sd_p0500,mcp4-n110-r10-03,175.21334948234852,6293.200140000001,6293.542799341457,5.444914095105446e-5,15.789301297,159.4240481853485,158.634277949,158.62668538100002,68,65,613,758,1260,,,,,
sd_p0500,mcp4-n110-r10-04,2331.03526862513,5736.0001,5736.376138486383,6.555761503257998e-5,15.174069723,2315.86119890213,2233.689604507,2233.546109438,720,706,76147,764,1272,,,,,
sd_p0500,mcp4-n110-r10-05,411.24046733979236,6081.666800000003,6081.666800000003,0.0,15.828373462,395.41209387779236,393.4917123369999,393.466279041,205,199,889,767,1278,,,,,
sd_p0500,mcp4-n110-r10-06,68.06713405293652,6171.000099999999,6171.000099999999,0.0,12.289631993,55.77750205993652,55.369059248,55.36535205199999,35,33,112,764,1272,,,,,
sd_p0500,mcp4-n110-r10-07,1129.3677842307281,6631.000100000004,6631.000100000004,0.0,15.032348125,1114.3354361057281,1113.6028664630003,1113.5602718399998,270,265,251,762,1268,,,,,
sd_p0500,mcp4-n110-r10-08,1258.510277506865,6140.0001500000035,6140.0001500000035,0.0,18.821734664,1239.688542842865,1235.6819830430002,1235.5589881540006,656,652,2172,763,1270,,,,,
sd_p0500,mcp4-n110-r10-09,2198.811417198172,6376.00015,6376.00015,0.0,17.194530344,2181.6168868541718,2174.0906870720005,2173.984245077998,571,562,3207,770,1284,,,,,
sd_p0500,mcp4-n110-r10-10,2167.053776450468,6065.000140000006,6065.000140000006,0.0,17.738049455,2149.315726995468,2125.2882103110023,2125.1990513589994,545,538,19368,763,1270,,,,,
sd_p0500,mcp4-n110-r12-01,906.888372828832,5279.500150000003,5279.9282457326,8.108641356839146e-5,9.644616773,897.2437560558319,887.0224072030009,886.9138540989995,442,433,8926,763,1253,,,,,
sd_p0500,mcp4-n110-r12-02,594.0898597577484,4376.0001,4376.0001,0.0,13.87657455,580.2132852077484,579.0848861500002,579.0088877579996,364,361,390,757,1240,,,,,
sd_p0500,mcp4-n110-r12-03,371.37759610307705,5184.000100000001,5184.000100000001,0.0,13.460563146,357.917032957077,357.0884283690002,357.0591486539999,188,180,553,766,1258,,,,,
sd_p0500,mcp4-n110-r12-04,97.66790461507507,4269.0000999999975,4269.0000999999975,0.0,13.28253746,84.38536715507507,83.67244928300002,83.662818098,65,60,440,760,1246,,,,,
sd_p0500,mcp4-n110-r12-05,156.89873405626685,4786.50015,4786.50015,0.0,15.244757139,141.65397691726685,139.40971989699997,139.39290027599992,103,96,1965,767,1260,,,,,
sd_p0500,mcp4-n110-r12-06,416.9865030569514,4867.6668,4867.6668,0.0,13.942646913,403.0438561439514,401.82081239699977,401.77362304800005,244,238,902,774,1274,,,,,
sd_p0500,mcp4-n110-r12-07,800.9540926913148,5195.500150000002,5195.500150000002,0.0,13.149521778,787.8045709133148,784.4819546889993,784.3704258579999,518,512,1699,765,1256,,,,,
sd_p0500,mcp4-n110-r12-08,221.5618074995072,4649.555699999999,4649.555699999999,0.0,15.130342589,206.4314649105072,205.53530841299994,205.51845822500005,105,96,674,756,1238,,,,,
sd_p0500,mcp4-n110-r12-09,1307.8969276217301,4766.0001666666685,4766.213775213679,4.4819248749533896e-5,13.264200714,1294.63272690773,1283.7055460940012,1283.5744579969992,589,569,7007,762,1250,,,,,
sd_p0500,mcp4-n110-r12-10,206.35891379230958,4922.0001,4922.0001,0.0,14.207071675,192.15184211730957,191.5074655960001,191.486442211,124,114,354,762,1251,,,,,
sd_p0500,mcp4-n110-r14-01,648.7949479099279,4101.800179999998,4102.046229667254,5.998577611248909e-5,6.574440765,642.220507144928,623.4089046389995,623.3393680030001,467,454,15919,766,1245,,,,,
sd_p0500,mcp4-n110-r14-02,367.50929619820874,4067.0001333333303,4067.0001333333303,0.0,9.515150328,357.99414587020874,356.4019155410002,356.36133468900016,324,311,851,759,1231,,,,,
sd_p0500,mcp4-n110-r14-03,132.9974092977947,4554.000100000001,4554.000100000001,0.0,7.794538452,125.20287084579468,124.50862045099996,124.4938063640001,160,152,565,764,1241,,,,,
sd_p0500,mcp4-n110-r14-04,45.196265584032474,4383.0001,4383.0001,0.0,6.961325532,38.23494005203247,37.92125107099999,37.917494323,44,41,56,769,1251,,,,,
sd_p0500,mcp4-n110-r14-05,847.4966378711139,3578.0001,3578.0001,0.0,9.409158995,838.0874788761139,836.4948193239998,836.4010067690002,603,592,790,767,1247,,,,,
sd_p0500,mcp4-n110-r14-06,370.4586700369192,3597.0002000000004,3597.0002000000004,0.0,10.443159001,360.0155110359192,359.1031398789999,359.0704784090001,277,272,514,771,1255,,,,,
sd_p0500,mcp4-n110-r14-07,113.78604555135632,4315.166800000003,4315.166800000003,0.0,8.645490408,105.14055514335632,104.73717009700002,104.72755326799997,114,105,204,765,1243,,,,,
sd_p0500,mcp4-n110-r14-08,309.14421129395396,4166.666799999999,4166.666799999999,0.0,7.882280113,301.261931180954,300.58926350300004,300.5471577239998,354,351,308,771,1255,,,,,
sd_p0500,mcp4-n110-r14-09,55.60298977474963,4067.0002000000004,4067.0002000000004,0.0,7.604776722,47.998213052749634,47.634578270999995,47.62929286100002,64,60,208,761,1235,,,,,
sd_p0500,mcp4-n110-r14-10,170.79866808873976,3643.0001999999986,3643.0001999999986,0.0,10.868722143,159.92994594573975,158.97598994499995,158.96078929500007,152,146,973,764,1241,,,,,
sd_p0500,mcp4-n110-r16-01,177.21494184305786,3365.0001,3365.0001,0.0,5.58983074,171.62511110305786,170.57243273799997,170.54679338200012,221,213,653,759,1221,,,,,
sd_p0500,mcp4-n110-r16-02,99.2420304272395,3295.0001,3295.0001,0.0,6.107546613,93.1344838142395,92.70058570799998,92.68794734499998,134,128,263,766,1235,,,,,
sd_p0500,mcp4-n110-r16-03,67.75918044877064,3681.0001999999995,3681.0001999999995,0.0,6.419583462,61.33959698677063,61.026528757000015,61.019832714,75,69,197,766,1235,,,,,
sd_p0500,mcp4-n110-r16-04,68.40247043530188,3299.3335000000006,3299.3335000000006,0.0,7.389228429,61.01324200630188,60.59458675199999,60.58778123899998,74,67,213,769,1241,,,,,
sd_p0500,mcp4-n110-r16-05,173.3741769976466,3513.000100000002,3513.090092154318,2.5616894891620046e-5,5.084420938,168.2897560596466,167.914685042,167.88909969800002,226,221,74,764,1231,,,,,
sd_p0500,mcp4-n110-r16-06,160.13306346519482,3310.50015,3310.50015,0.0,5.727329403,154.40573406219482,153.065767405,153.04237694700004,218,209,1744,759,1221,,,,,
sd_p0500,mcp4-n110-r16-07,111.8128251543573,3346.0000999999997,3346.0000999999993,0.0,5.752140235,106.0606849193573,105.60489081299997,105.59574359299998,103,93,235,770,1243,,,,,
sd_p0500,mcp4-n110-r16-08,256.68429378334923,3322.0001500000026,3322.0001500000026,0.0,5.423663891,251.26062989234924,249.23123719600005,249.19339890200007,327,317,1086,766,1235,,,,,
sd_p0500,mcp4-n110-r16-09,615.3833881979198,3576.0001,3576.1775600157584,4.9625282660993956e-5,6.495921052,608.8874671459198,596.349840884,596.2651615129996,571,554,11056,762,1227,,,,,
sd_p0500,mcp4-n110-r16-10,344.18287433963707,3257.0001,3257.0001,0.0,7.624149221,336.5587251186371,335.70478418800025,335.6489162340001,432,424,301,762,1228,,,,,
sd_p0500,mcp4-n120-r08-01,2757.9160886847526,9001.000100000005,9001.000100000005,0.0,36.722157582,2721.1939311027527,2717.836670030997,2717.800860353999,231,222,2079,801,1353,,,,,
sd_p0500,mcp4-n120-r08-02,3798.4050812926425,9066.375150000007,10271.574606884806,0.13293068474943898,37.811251184,3760.5938301086426,3756.1783504460022,3756.1069910939987,391,383,1750,800,1351,,,,,
sd_p0500,mcp4-n120-r08-03,4527.912672679188,7418.833483333336,16657.843419753124,1.245345370963716,35.124064605,4492.788608074188,4465.666692909003,4465.528397153998,653,649,15425,787,1325,,,,,
sd_p0500,mcp4-n120-r08-04,2634.6338283842397,8953.800139999992,8953.800139999992,0.0,39.054468376,2595.5793600082397,2591.50160702,2591.462796281,255,246,2789,792,1335,,,,,
sd_p0500,mcp4-n120-r08-05,3770.317768930851,8286.000100000008,11380.672489467182,0.37348206035710413,35.250841021,3735.066927909851,3734.5314023240007,3734.493292103001,231,227,117,794,1339,,,,,
sd_p0500,mcp4-n120-r08-06,5378.538848091685,8924.500149999996,11226.501305969961,0.25794174657165153,41.126403977,5337.412444114685,5334.742808663002,5334.660166578001,432,427,784,793,1337,,,,,
sd_p0500,mcp4-n120-r08-07,3602.4232196350895,6819.85732857143,17421.522579844623,1.5545288912215331,45.975485756,3556.4477338790894,3544.123870508,3544.029234071999,512,508,7457,786,1323,,,,,
sd_p0500,mcp4-n120-r08-08,4170.481014233487,8660.000200000002,10167.479737928586,0.17407384562515182,44.676754218,4125.804260015488,4122.03994128,4121.951188155001,357,353,1697,790,1331,,,,,
sd_p0500,mcp4-n120-r08-09,3603.760111173577,6433.800180000002,16577.285687781412,1.5765931834988085,52.572352251,3551.187758922577,3539.0700921430007,3538.941899381002,643,638,5898,794,1339,,,,,
sd_p0500,mcp4-n120-r08-10,4498.873513728497,8818.0001,10267.557670935395,0.1643862048646831,29.997724563,4468.875789165497,4467.185837329998,4467.137782161998,274,264,609,791,1333,,,,,
sd_p0500,mcp4-n120-r10-01,4176.045856463892,6691.800179999997,10532.013362997739,0.5738684777939295,22.772058475,4153.273797988892,3926.191670168999,3925.993390930002,811,803,151598,795,1311,,,,,
sd_p0500,mcp4-n120-r10-02,3707.6639698965523,7276.000099999988,11587.434048678084,0.5925555098161835,25.100112818,3682.5638570785522,3642.7768830370005,3642.649099227002,636,630,30314,786,1293,,,,,
sd_p0500,mcp4-n120-r10-03,3674.7594322090663,6541.750125000006,11874.142752840758,0.8151324226620086,26.909139288,3647.8502929210663,3616.7795309350013,3616.6291444249982,681,674,16127,800,1321,,,,,
sd_p0500,mcp4-n120-r10-04,1429.593338286336,7145.333466666668,7145.333466666668,0.0,22.801117217,1406.792221069336,1404.1407256900006,1404.0977275329997,303,293,1444,794,1309,,,,,
sd_p0500,mcp4-n120-r10-05,289.9418191208418,6967.000100000004,6967.000100000004,0.0,25.176670958,264.7651481628418,263.9659093799999,263.95761289999996,74,70,581,790,1301,,,,,
sd_p0500,mcp4-n120-r10-06,1079.7989901399396,7058.000100000001,7058.000100000001,0.0,25.687098155,1054.1118919849396,1051.7345615969998,1051.6971294870002,264,254,1032,790,1301,,,,,
sd_p0500,mcp4-n120-r10-07,892.888834169049,7019.000100000001,7019.000100000001,0.0,27.986079147,864.902755022049,863.9316832559997,863.911660443,146,138,641,798,1317,,,,,
sd_p0500,mcp4-n120-r10-08,2698.5823215000723,7300.000100000001,7300.000100000001,0.0,24.106435632,2674.4758858680725,2671.045850063001,2670.882053964001,757,752,907,790,1301,,,,,
sd_p0500,mcp4-n120-r10-09,3770.6857582257403,5872.000133333331,13095.32399619146,1.2301300577044945,25.522746198,3745.1630120277405,3736.9029025830037,3736.7968040920036,579,568,3978,792,1305,,,,,
sd_p0500,mcp4-n120-r10-10,3785.496251110613,6598.000100000001,10696.165482838993,0.6211223584005389,25.31012917,3760.186121940613,3668.408606689001,3668.289559755998,646,640,62473,798,1317,,,,,
sd_p0500,mcp4-n120-r12-01,269.1051737881766,5697.000100000001,5697.000100000001,0.0,16.836856804,252.26831698417664,251.60105168799998,251.583144279,104,101,352,799,1299,,,,,
sd_p0500,mcp4-n120-r12-02,437.65937639859106,5520.000200000004,5520.000200000004,0.0,18.655126349,419.00425004959106,417.796803441,417.7708736499999,159,152,980,795,1292,,,,,
sd_p0500,mcp4-n120-r12-03,192.21999619098878,5226.000150000002,5226.000150000002,0.0,19.141332365,173.07866382598877,172.656888579,172.64628887400002,76,71,225,794,1289,,,,,
sd_p0500,mcp4-n120-r12-04,467.88526265999195,5197.000150000002,5197.000150000002,0.0,19.575942687,448.30931997299194,446.6873588999998,446.6610482389999,160,150,1140,799,1299,,,,,
sd_p0500,mcp4-n120-r12-05,1921.33422212715,5477.000100000002,5477.000100000002,0.0,20.395519067,1900.9387030601501,1896.608692602001,1896.4761641030007,659,641,1956,796,1293,,,,,
sd_p0500,mcp4-n120-r12-06,2354.714585889787,5150.3001500000055,5150.3001500000055,0.0,19.696972002,2335.017613887787,2300.9766790729996,2300.8325485200016,663,648,28100,789,1279,,,,,
sd_p0500,mcp4-n120-r12-07,463.05675076809194,5552.000100000002,5552.000100000002,0.0,20.326488727,442.7302620410919,441.56023281399996,441.53624215099995,169,161,1094,792,1285,,,,,
sd_p0500,mcp4-n120-r12-08,2375.5069339707065,5772.666799999999,5773.162327602906,8.584032650330773e-5,19.980541034,2355.5263929367065,2353.491755555,2353.317701447,755,747,716,796,1293,,,,,
sd_p0500,mcp4-n120-r12-09,181.99296230263354,5736.000099999999,5736.125100000004,2.1792189300092146e-5,19.703301372,162.28966093063354,161.64151467500002,161.633728183,59,54,445,790,1281,,,,,
sd_p0500,mcp4-n120-r12-10,1662.330058653949,5593.0001,5593.0001,0.0,19.7076207,1642.622437953949,1636.2907487990003,1636.2085286370007,435,424,3819,797,1295,,,,,
sd_p0500,mcp4-n120-r14-01,46.66775277471802,4963.000099999999,4963.0001,0.0,14.93530372,31.732449054718018,31.431129799999994,31.429270112,26,24,69,799,1285,,,,,
sd_p0500,mcp4-n120-r14-02,765.9567584657178,4841.00015,4841.00015,0.0,12.321529355,753.6352291107178,752.7880462100002,752.721260746,469,461,223,788,1263,,,,,
sd_p0500,mcp4-n120-r14-03,810.0012466964426,4269.333466666663,4269.333466666663,0.0,15.345003849,794.6562428474426,792.8743578259994,792.7955300720002,532,523,1106,796,1279,,,,,
sd_p0500,mcp4-n120-r14-04,1001.764349080766,4003.0001500000008,4003.0001500000008,0.0,18.53755603,983.226793050766,899.7949218680001,899.7344638209996,401,396,87249,792,1271,,,,,
sd_p0500,mcp4-n120-r14-05,672.5065485647971,4559.000099999997,4559.000099999997,0.0,13.552181404,658.9543671607971,657.587232048,657.5498308080005,305,298,675,803,1293,,,,,
sd_p0500,mcp4-n120-r14-06,1331.906000085475,4695.000120000008,4695.362321553732,7.714622885333053e-5,14.45578713,1317.4502129554749,1199.0368673749995,1198.9445462550002,623,616,99969,797,1281,,,,,
sd_p0500,mcp4-n120-r14-07,1836.1919458071902,4324.3334666666715,4324.3334666666715,0.0,14.477358834,1821.7145869731903,1812.7288202200018,1812.5420740030017,969,957,5178,797,1281,,,,,
sd_p0500,mcp4-n120-r14-08,326.99576350809656,4333.0001999999995,4333.0001999999995,0.0,12.793322531,314.20244097709656,313.3585465289999,313.34461251,151,142,796,796,1279,,,,,
sd_p0500,mcp4-n120-r14-09,878.967718970692,4077.0001,4077.0001,0.0,14.169272077,864.798446893692,863.5647365060004,863.5026236220004,439,431,721,795,1277,,,,,
sd_p0500,mcp4-n120-r14-10,828.584397579273,4344.000100000003,4344.000100000003,0.0,12.445234562,816.139163017273,815.1503439009998,815.0750842279995,521,513,311,796,1279,,,,,
sd_p0500,mcp4-n120-r16-01,602.9976654780509,3533.0001000000043,3533.0001000000043,0.0,9.684338404,593.3133270740509,591.2596675780001,591.1967380479998,442,435,853,782,1240,,,,,
sd_p0500,mcp4-n120-r16-02,128.57284471696656,4065.00015,4065.00015,0.0,9.49549267,119.07735204696655,118.49057841799997,118.48073720000001,128,121,513,793,1262,,,,,
sd_p0500,mcp4-n120-r16-03,499.7305455185737,4025.4001400000056,4025.4001400000056,0.0,7.332036493,492.39850902557373,490.25068882700026,490.20914412400015,380,368,1446,795,1266,,,,,
sd_p0500,mcp4-n120-r16-04,109.47011928410046,3979.0000999999997,3979.0000999999997,0.0,11.790284203,97.67983508110046,97.18743085499999,97.17716754199996,102,96,351,787,1250,,,,,
sd_p0500,mcp4-n120-r16-05,148.3224395129088,3748.0001,3748.0001,0.0,9.243463597,139.0789759159088,138.688003136,138.67433683300004,120,118,68,799,1274,,,,,
sd_p0500,mcp4-n120-r16-06,107.14734262851734,3716.000150000003,3716.000150000003,0.0,12.394140667,94.75320196151733,94.047119731,94.04032618399997,88,82,523,792,1260,,,,,
sd_p0500,mcp4-n120-r16-07,552.7143013480461,3743.5001999999977,3743.5001999999977,0.0,9.986216307,542.7280850410461,541.8854012700002,541.8373519120003,421,415,266,793,1262,,,,,
sd_p0500,mcp4-n120-r16-08,607.1142899769015,3480.3334666666665,3480.333466666666,0.0,13.006599881,594.1076900959015,585.9087852870001,585.8476836780002,466,459,9661,794,1264,,,,,
sd_p0500,mcp4-n120-r16-09,93.25671262854871,3623.000100000004,3623.000100000004,0.0,9.178716613,84.0779960155487,83.48970317299995,83.47921212599998,110,102,499,795,1266,,,,,
sd_p0500,mcp4-n120-r16-10,862.8962413351227,3788.0001333333303,3788.000200000002,1.759943759470066e-8,12.117438225,850.7788031101227,839.0524152970007,838.9494261119994,655,644,9128,795,1266,,,,,
sd_p0700,mcp4-n070-r08-01,39.10062271649219,4283.000133333338,4283.000133333338,0.0,3.357168737,35.74345397949219,35.26022686100001,35.25199537200001,113,105,452,783,1419,,,,,
sd_p0700,mcp4-n070-r08-02,42.71676084865735,4517.500149999995,4517.500149999995,0.0,3.297764753,39.41899609565735,38.92523072499999,38.91904220699999,87,81,460,782,1417,,,,,
sd_p0700,mcp4-n070-r08-03,51.97821048793054,3691.0001999999995,3691.0001999999995,0.0,3.275956431,48.70225405693054,47.902200285999974,47.89194008799999,129,122,769,787,1427,,,,,
sd_p0700,mcp4-n070-r08-04,23.764379602943357,4690.000099999999,4690.000099999999,0.0,2.444406611,21.31997299194336,21.002423532999998,20.998259919000002,47,43,73,773,1399,,,,,
sd_p0700,mcp4-n070-r08-05,63.59064260080835,3845.000099999998,3845.0000999999984,0.0,3.658298641,59.93234395980835,58.831047688999995,58.81687843300001,145,138,1247,790,1433,,,,,
sd_p0700,mcp4-n070-r08-06,70.83574675790832,4825.000150000003,4825.000150000003,0.0,3.15433573,67.68141102790833,67.21935513200003,67.20923175599998,145,138,128,792,1437,,,,,
sd_p0700,mcp4-n070-r08-07,20.674939320060425,3732.000100000001,3732.000100000001,0.0,3.864956305,16.809983015060425,16.360615165000006,16.357517738,41,37,191,790,1433,,,,,
sd_p0700,mcp4-n070-r08-08,32.53858352702893,4167.000099999999,4167.000099999999,0.0,3.586379538,28.95220398902893,28.549918125,28.542110281999996,74,66,265,785,1423,,,,,
sd_p0700,mcp4-n070-r08-09,69.2522805851106,4190.000099999999,4190.000099999999,0.0,3.192114703,66.0601658821106,65.458515812,65.44525342099998,158,149,559,779,1411,,,,,
sd_p0700,mcp4-n070-r08-10,14.84858964327307,4291.000099999999,4291.000099999999,0.0,3.002613529,11.845976114273071,11.594629213000001,11.592131927,37,34,49,781,1415,,,,,
sd_p0700,mcp4-n070-r10-01,18.4951699650907,3716.000199999999,3716.000199999999,0.0,1.883820144,16.6113498210907,16.224541376,16.217611286000004,66,62,341,766,1367,,,,,
sd_p0700,mcp4-n070-r10-02,38.44965275703552,3023.000149999997,3023.000149999997,0.0,2.601025905,35.84862685203552,35.39587637000002,35.38581517000002,106,99,418,770,1375,,,,,
sd_p0700,mcp4-n070-r10-03,7.141633544049682,3403.0001,3403.0001,0.0,2.648390565,4.493242979049683,4.223672548,4.2223222389999995,21,18,62,773,1381,,,,,
sd_p0700,mcp4-n070-r10-04,27.82860619319458,3412.25015,3412.25015,0.0,1.805248325,26.02335786819458,25.613027821000003,25.604529773999996,92,87,341,786,1407,,,,,
sd_p0700,mcp4-n070-r10-05,21.763319140986084,3104.0001,3104.0001,0.0,1.824387199,19.938931941986084,19.606474357999996,19.599870513,71,65,156,777,1389,,,,,
sd_p0700,mcp4-n070-r10-06,6.857359028825561,3933.0001999999927,3933.0001999999927,0.0,0.602259017,6.2551000118255615,6.149034263,6.14717691,21,19,1,780,1395,,,,,
sd_p0700,mcp4-n070-r10-07,42.07490244482092,3412.000100000001,3412.000100000001,0.0,1.323231369,40.75167107582092,40.336424535999996,40.318127436,168,160,207,783,1401,,,,,
sd_p0700,mcp4-n070-r10-08,20.99793214387561,3314.0001500000003,3314.0001500000003,0.0,1.537352987,19.46057915687561,19.172820410999996,19.165559282000004,77,69,127,773,1381,,,,,
sd_p0700,mcp4-n070-r10-09,38.08264889910474,3319.6668000000036,3319.6668000000036,0.0,2.920214798,35.162434101104736,34.32395758,34.31247918599999,116,107,822,775,1385,,,,,
sd_p0700,mcp4-n070-r10-10,7.874721243069092,4003.5001500000008,4003.5001500000008,0.0,1.173977091,6.700744152069092,6.483136963999999,6.480138778999998,33,30,37,781,1397,,,,,
sd_p0700,mcp4-n070-r12-01,32.27270531613464,2717.0001800000014,2717.0001800000014,0.0,1.548484325,30.724220991134644,30.189614636000005,30.180177091000015,148,139,427,767,1358,,,,,
sd_p0700,mcp4-n070-r12-02,9.79532470714978,2701.3334666666715,2701.3334666666715,0.0,1.473154688,8.32217001914978,8.111200227000001,8.108476272999999,44,39,85,788,1400,,,,,
sd_p0700,mcp4-n070-r12-03,7.630325475788818,2729.0001000000007,2729.0001000000007,0.0,1.153311411,6.477014064788818,6.211173050999999,6.209432053,31,26,63,770,1364,,,,,
sd_p0700,mcp4-n070-r12-04,14.58427703317041,2555.000100000001,2555.000100000001,0.0,2.035302996,12.54897403717041,12.304602457,12.30107999,51,45,86,772,1368,,,,,
sd_p0700,mcp4-n070-r12-05,29.523430327392944,2196.0001399999983,2196.0001399999983,0.0,2.528399209,26.995031118392944,26.567635173000006,26.560082962000006,103,95,369,780,1384,,,,,
sd_p0700,mcp4-n070-r12-06,13.084017611884398,2249.000100000001,2249.000100000001,0.0,1.592270471,11.4917471408844,11.317108493000001,11.313472885999998,53,48,97,763,1350,,,,,
sd_p0700,mcp4-n070-r12-07,19.387169216037353,2338.5002000000004,2338.5002000000004,0.0,2.051580284,17.335588932037354,16.957308038,16.951994763999995,72,68,244,780,1384,,,,,
sd_p0700,mcp4-n070-r12-08,24.388640158620483,2860.3334666666683,2860.3334666666683,0.0,1.501418107,22.887222051620483,22.448470962999995,22.439561111000003,90,82,336,784,1392,,,,,
sd_p0700,mcp4-n070-r12-09,30.74951823400403,2674.000100000001,2674.000100000001,0.0,1.364139158,29.38537907600403,28.960388712000004,28.950056362999995,115,104,364,786,1396,,,,,
sd_p0700,mcp4-n070-r12-10,20.180181244304567,2880.000200000001,2880.000200000001,0.0,1.259629229,18.920552015304565,18.636006114999994,18.628270965999995,96,92,91,786,1396,,,,,
sd_p0700,mcp4-n070-r14-01,8.964548766097046,2391.6667999999995,2391.6667999999995,0.0,1.534464776,7.430083990097046,7.106279139000001,7.101245214000001,51,46,182,767,1349,,,,,
sd_p0700,mcp4-n070-r14-02,13.889213857201781,1915.5001500000005,1915.5001500000005,0.0,1.359195766,12.530018091201782,12.217881063000004,12.209756467,70,65,161,777,1369,,,,,
sd_p0700,mcp4-n070-r14-03,18.613021903133422,2035.5715714285689,2035.5715714285689,0.0,0.925681882,17.687340021133423,17.343740236000002,17.333020418000004,96,91,172,761,1337,,,,,
sd_p0700,mcp4-n070-r14-04,14.840471224470093,2220.0001500000017,2220.0001500000017,0.0,0.569250302,14.271220922470093,13.952334514000002,13.944442588000001,74,65,70,798,1411,,,,,
sd_p0700,mcp4-n070-r14-05,21.684301638616944,1797.5001500000017,1797.5001500000017,0.0,1.76731565,19.916985988616943,19.421521292,19.409125142999994,102,93,452,777,1369,,,,,
sd_p0700,mcp4-n070-r14-06,12.637853591216553,2060.000200000002,2060.000200000002,0.0,1.987747638,10.650105953216553,10.305430576,10.300075621000003,57,52,279,779,1373,,,,,
sd_p0700,mcp4-n070-r14-07,17.320183438805664,2126.0001,2126.0001,0.0,1.029524488,16.290658950805664,16.003154030999998,15.993258033000005,88,79,102,795,1405,,,,,
sd_p0700,mcp4-n070-r14-08,17.428740381608034,1959.0001000000018,1959.0001000000018,0.0,1.417704224,16.011036157608032,15.696848368000001,15.689242886000002,72,66,205,764,1343,,,,,
sd_p0700,mcp4-n070-r14-09,11.112160287761231,1995.0001000000009,1995.0001000000009,0.0,1.124906145,9.98725414276123,9.751906721,9.74729936,46,42,70,781,1377,,,,,
sd_p0700,mcp4-n070-r14-10,15.889404517965454,2080.0000999999993,2080.0000999999993,0.0,1.739776594,14.149627923965454,13.868855499000006,13.862445394000003,66,59,131,785,1385,,,,,
sd_p0700,mcp4-n070-r16-01,4.196810112909302,2000.000100000003,2000.000100000003,0.0,0.638238059,3.5585720539093018,3.4582230640000002,3.456138003,25,22,1,790,1389,,,,,
sd_p0700,mcp4-n070-r16-02,14.753683323582885,1713.0001000000002,1713.0001000000002,0.0,0.533645148,14.220038175582886,13.861881877000002,13.851394344000001,99,90,193,764,1337,,,,,
sd_p0700,mcp4-n070-r16-03,14.972929238534912,1780.000133333333,1780.000133333333,0.0,0.999188184,13.973741054534912,13.606496276999993,13.599060433000005,87,81,264,769,1348,,,,,
sd_p0700,mcp4-n070-r16-04,7.711289183732544,2174.000149999998,2174.000149999998,0.0,0.875894086,6.835395097732544,6.582405466999999,6.578703269999999,49,44,81,771,1351,,,,,
sd_p0700,mcp4-n070-r16-05,11.955617125167725,1872.0001,1872.0001,0.0,0.860828097,11.094789028167725,10.788162250000001,10.781263455999998,82,75,172,784,1377,,,,,
sd_p0700,mcp4-n070-r16-06,12.973567291248413,1821.2501249999996,1821.2501249999996,0.0,1.005399271,11.968168020248413,11.732670923,11.727294207999996,68,62,136,780,1369,,,,,
sd_p0700,mcp4-n070-r16-07,16.47309439019287,1802.500150000001,1802.500150000001,0.0,1.554104255,14.918990135192871,14.378122459999998,14.371698354,104,92,537,767,1343,,,,,
sd_p0700,mcp4-n070-r16-08,5.701835820176513,1836.0001,1836.0001,0.0,1.044628808,4.657207012176514,4.464766528,4.4629331709999995,33,29,32,786,1381,,,,,
sd_p0700,mcp4-n070-r16-09,7.171117649769897,1988.0001000000002,1988.0001000000002,0.0,1.06263362,6.1084840297698975,5.921167444999998,5.9189998710000005,37,32,33,771,1351,,,,,
sd_p0700,mcp4-n070-r16-10,8.736177372076416,1810.0001666666672,1810.0001666666672,0.0,0.706725525,8.029451847076416,7.832498094999999,7.8283723840000015,59,54,92,780,1369,,,,,
sd_p0700,mcp4-n080-r08-01,124.06241660197779,4810.833483333327,4810.833483333327,0.0,5.143806506,118.91861009597778,117.119586305,117.10217858,197,188,1367,821,1474,,,,,
sd_p0700,mcp4-n080-r08-02,36.9134844100437,5122.000300000003,5122.000300000003,0.0,4.729864434,32.1836199760437,31.730417336000002,31.726393151000003,49,44,208,840,1512,,,,,
sd_p0700,mcp4-n080-r08-03,112.18653892460034,6000.000100000001,6000.000100000001,0.0,4.845352878,107.34118604660034,106.73949028400004,106.728999967,111,105,484,833,1498,,,,,
sd_p0700,mcp4-n080-r08-04,25.195785738171754,5927.111266666664,5927.111266666664,0.0,4.282023884,20.913761854171753,20.598707570999995,20.59665271,27,24,66,843,1518,,,,,
sd_p0700,mcp4-n080-r08-05,40.2938474462854,5400.000100000008,5400.000100000008,0.0,5.52654541,34.7673020362854,34.298357378000006,34.292824212,54,49,163,831,1494,,,,,
sd_p0700,mcp4-n080-r08-06,143.61479275553162,4848.000200000003,4848.000200000003,0.0,5.17031782,138.44447493553162,137.40466549500007,137.38072421500004,204,197,861,823,1478,,,,,
sd_p0700,mcp4-n080-r08-07,59.305693531705074,4926.000149999997,4926.000149999997,0.0,4.901682759,54.40401077270508,53.98879967199999,53.98194600499999,72,66,136,824,1480,,,,,
sd_p0700,mcp4-n080-r08-08,125.45186672408776,5168.0001000000075,5168.0001000000075,0.0,5.358718731,120.09314799308777,119.36090950200001,119.34867392999999,141,132,613,820,1472,,,,,
sd_p0700,mcp4-n080-r08-09,176.26596226312597,5038.500150000002,5038.500150000002,0.0,5.977424284,170.28853797912598,168.390937272,168.37399099000004,168,161,1877,846,1524,,,,,
sd_p0700,mcp4-n080-r08-10,150.86557908739928,4610.000100000002,4610.000100000002,0.0,6.167048175,144.6985309123993,143.438067062,143.42278303999998,150,141,1183,835,1502,,,,,
sd_p0700,mcp4-n080-r10-01,49.16437236145483,3691.0001500000003,3691.0001500000003,0.0,3.881507314,45.282865047454834,44.884889753999985,44.87696117599999,78,70,238,820,1452,,,,,
sd_p0700,mcp4-n080-r10-02,98.36543717935254,3995.25015,3995.25015,0.0,3.983744293,94.38169288635254,93.84931505799997,93.82727887200001,183,174,314,833,1478,,,,,
sd_p0700,mcp4-n080-r10-03,61.804253330316165,4124.0001,4124.0001,0.0,3.851691475,57.95256185531616,57.312455455,57.29907790399998,125,117,581,817,1446,,,,,
sd_p0700,mcp4-n080-r10-04,23.51223400210437,4292.0002,4292.0002,0.0,2.796411067,20.71582293510437,20.435253115000002,20.432204898000002,39,35,62,821,1454,,,,,
sd_p0700,mcp4-n080-r10-05,63.05443864680969,3823.000199999997,3823.000199999997,0.0,3.974103745,59.08033490180969,58.408194352999985,58.398569458,124,118,592,814,1440,,,,,
sd_p0700,mcp4-n080-r10-06,32.37170315895703,4038.0000999999993,4038.0000999999993,0.0,3.808585178,28.56311798095703,28.110569975999997,28.105670431,57,52,140,839,1490,,,,,
sd_p0700,mcp4-n080-r10-07,17.093302507098265,3943.0001,3943.0001,0.0,3.157587547,13.935714960098267,13.684209338000002,13.680713166,46,44,65,823,1458,,,,,
sd_p0700,mcp4-n080-r10-08,13.10376280264148,4339.000099999999,4339.000099999999,0.0,3.388828692,9.71493411064148,9.460243819,9.458770433,22,20,51,820,1452,,,,,
sd_p0700,mcp4-n080-r10-09,37.32671621214612,3860.0001,3860.0001,0.0,4.365189103,32.96152710914612,32.587390181,32.581157263,71,64,207,831,1474,,,,,
sd_p0700,mcp4-n080-r10-10,48.336662969522465,4385.500150000002,4385.500150000002,0.0,3.508639059,44.82802391052246,44.42191227699998,44.41271199999999,96,88,276,825,1462,,,,,
sd_p0700,mcp4-n080-r12-01,13.843834360135864,3733.0001,3733.0001000000007,0.0,1.471404274,12.372430086135864,12.147205073,12.145346829,24,22,22,830,1459,,,,,
sd_p0700,mcp4-n080-r12-02,17.688869580714723,3525.500150000001,3525.500150000001,0.0,2.423186645,15.265682935714722,15.041258717,15.038142067,40,35,89,836,1471,,,,,
sd_p0700,mcp4-n080-r12-03,34.57763506262073,3056.000100000001,3056.000100000001,0.0,3.046318067,31.531316995620728,31.046594584999994,31.035716525999998,110,101,363,827,1453,,,,,
sd_p0700,mcp4-n080-r12-04,10.537753814509399,3247.000200000001,3247.000200000001,0.0,2.141465658,8.3962881565094,8.127548006,8.125889003,23,20,62,817,1433,,,,,
sd_p0700,mcp4-n080-r12-05,32.19510743014526,3280.0001000000007,3280.0001000000007,0.0,2.952756375,29.242351055145264,28.85379806000001,28.846728891,84,79,180,825,1449,,,,,
sd_p0700,mcp4-n080-r12-06,19.23787945923242,3081.333466666668,3081.333466666668,0.0,2.350508396,16.887371063232422,16.61664078,16.611663103,56,52,145,818,1435,,,,,
sd_p0700,mcp4-n080-r12-07,36.956472363403684,2996.0002000000004,2996.0002000000004,0.0,2.943529334,34.01294302940369,33.562357104,33.55227770100001,104,97,292,826,1451,,,,,
sd_p0700,mcp4-n080-r12-08,30.217600842581543,2750.0001,2750.0001,0.0,3.915084859,26.302515983581543,25.617356021,25.611024777,77,69,481,832,1463,,,,,
sd_p0700,mcp4-n080-r12-09,13.086455733995606,3034.0001,3034.0001,0.0,2.070789726,11.015666007995605,10.731103455999994,10.729079977,35,30,54,836,1471,,,,,
sd_p0700,mcp4-n080-r12-10,20.78400910851416,3249.0000999999993,3249.0000999999993,0.0,2.868885169,17.91512393951416,17.594238178,17.589127113,54,50,170,821,1441,,,,,
sd_p0700,mcp4-n080-r14-01,24.2381888412428,2692.0001,2692.0001,0.0,2.179907658,22.058281183242798,21.769947188,21.762487926000002,68,62,128,825,1440,,,,,
sd_p0700,mcp4-n080-r14-02,20.69722530875525,2471.000199999998,2471.000199999998,0.0,2.242250419,18.45497488975525,18.121234264000005,18.114399938,67,61,151,833,1456,,,,,
sd_p0700,mcp4-n080-r14-03,35.16730866387695,2417.5001500000017,2417.5001500000017,0.0,1.949363565,33.21794509887695,32.664540663,32.652769003,115,108,550,834,1458,,,,,
sd_p0700,mcp4-n080-r14-04,31.912583432685913,2289.000100000001,2289.000100000001,0.0,1.923541389,29.989042043685913,29.575744870000005,29.568536501,107,99,407,832,1454,,,,,
sd_p0700,mcp4-n080-r14-05,12.84843857552417,2817.0001000000007,2817.0001000000007,0.0,1.566437557,11.28200101852417,11.006173249,11.003625533999998,40,37,21,823,1436,,,,,
sd_p0700,mcp4-n080-r14-06,10.574003800543334,2750.500149999999,2750.500149999999,0.0,1.607502803,8.966500997543335,8.701282317,8.698432422999998,31,28,41,830,1450,,,,,
sd_p0700,mcp4-n080-r14-07,10.53408307446875,2926.0001000000016,2926.0001000000016,0.0,1.444056219,9.09002685546875,8.867123021000001,8.864579718,38,35,36,812,1414,,,,,
sd_p0700,mcp4-n080-r14-08,27.82242552821277,2455.5001500000017,2455.5001500000017,0.0,1.755400582,26.06702494621277,25.763224366000006,25.757896595000002,82,75,224,824,1438,,,,,
sd_p0700,mcp4-n080-r14-09,19.53187535086145,2462.500149999998,2462.500149999998,0.0,2.045990446,17.48588490486145,17.025665719999996,17.021392630999998,70,64,264,839,1468,,,,,
sd_p0700,mcp4-n080-r14-10,16.852888886700928,2858.0001333333357,2858.0001333333357,0.0,1.048882787,15.804006099700928,15.635468326000002,15.630149026999998,75,72,1,813,1416,,,,,
sd_p0700,mcp4-n080-r16-01,9.394845431459961,2328.000100000001,2328.000100000001,0.0,1.224658435,8.170186996459961,7.992069924000002,7.9890433949999995,34,30,35,826,1434,,,,,
sd_p0700,mcp4-n080-r16-02,14.61204826168396,2142.5001500000008,2142.5001500000008,0.0,1.547250145,13.06479811668396,12.748201664999998,12.742475254999999,57,52,152,834,1450,,,,,
sd_p0700,mcp4-n080-r16-03,16.307287886466554,1936.5001499999994,1936.5001499999994,0.0,1.209428027,15.097859859466553,14.779884711999994,14.773605089000004,70,60,178,831,1444,,,,,
sd_p0700,mcp4-n080-r16-04,19.130560412629517,2156.7501500000003,2156.7501500000003,0.0,0.820028558,18.310531854629517,17.921935458999997,17.910679825999996,102,97,265,833,1448,,,,,
sd_p0700,mcp4-n080-r16-05,10.742559077933471,2229.0001,2229.0001,0.0,1.863900068,8.878659009933472,8.632422271000001,8.629304796,41,35,72,826,1434,,,,,
sd_p0700,mcp4-n080-r16-06,6.657520958846069,2299.0001,2299.0001,0.0,1.317976901,5.339544057846069,5.154639906,5.1522317850000015,32,28,29,827,1436,,,,,
sd_p0700,mcp4-n080-r16-07,35.76596025034631,2319.6668333333346,2319.6668333333346,0.0,1.617282186,34.14867806434631,33.624113447999996,33.610773574,136,126,600,822,1426,,,,,
sd_p0700,mcp4-n080-r16-08,9.44746792482837,1812.0000999999997,1812.0000999999997,0.0,1.562619807,7.884848117828369,7.621963252000001,7.618742231999999,37,33,48,824,1430,,,,,
sd_p0700,mcp4-n080-r16-09,21.22757068329895,1992.0001000000004,1992.0001000000004,0.0,1.736436755,19.49113392829895,19.14088286100001,19.13018843499999,97,87,170,828,1438,,,,,
sd_p0700,mcp4-n080-r16-10,21.052017417095826,1627.0001000000004,1627.0001000000004,0.0,1.611939397,19.440078020095825,19.033886390000003,19.025845764999996,96,87,359,822,1426,,,,,
sd_p0700,mcp4-n090-r08-01,100.84219687720947,6051.333466666671,6051.333466666671,0.0,8.271234925,92.57096195220947,92.055647426,92.047918977,66,62,227,881,1574,,,,,
sd_p0700,mcp4-n090-r08-02,95.71977771923474,6350.0000999999975,6350.0000999999975,0.0,6.867801563,88.85197615623474,88.33344755999998,88.32585526399998,79,72,230,858,1528,,,,,
sd_p0700,mcp4-n090-r08-03,189.55238303672377,6544.400120000004,6544.400120000004,0.0,7.890734048,181.66164898872375,180.494227519,180.47710686500002,153,145,1037,882,1576,,,,,
sd_p0700,mcp4-n090-r08-04,492.62692902065623,5604.000199999997,5604.000199999997,0.0,8.899328923,483.72760009765625,481.44788662899975,481.4023441919999,323,316,1417,878,1568,,,,,
sd_p0700,mcp4-n090-r08-05,346.2882592708729,5733.500149999994,5733.500149999994,0.0,9.205693248,337.0825660228729,335.3821739179999,335.356155283,208,199,1540,869,1550,,,,,
sd_p0700,mcp4-n090-r08-06,209.83309902773266,6854.833483333332,6854.833483333332,0.0,9.013547083,200.81955194473267,200.062902232,200.04866728900012,122,115,639,881,1574,,,,,
sd_p0700,mcp4-n090-r08-07,103.64282405193579,6628.500150000002,6629.078101102155,8.71918366259292e-5,7.660888074,95.98193597793579,95.51761286800001,95.51036807399998,60,56,300,866,1544,,,,,
sd_p0700,mcp4-n090-r08-08,304.57357126046975,5870.000150000001,5870.000150000001,0.0,9.071227129,295.5023441314697,293.83343478400013,293.809434329,170,158,1113,877,1566,,,,,
sd_p0700,mcp4-n090-r08-09,80.60198741840455,5690.500150000004,5690.500150000004,0.0,7.963618335,72.63836908340454,71.89669769200002,71.889238234,60,56,374,885,1582,,,,,
sd_p0700,mcp4-n090-r08-10,180.0325584928513,6615.000099999999,6615.428671428566,6.478781890978521e-5,8.848879389,171.18367910385132,170.60137552,170.58967001099995,93,87,379,874,1560,,,,,
sd_p0700,mcp4-n090-r10-01,98.92010094444898,5127.500150000001,5127.500150000001,0.0,6.991998928,91.92810201644897,91.331596192,91.32025786399998,88,83,469,876,1541,,,,,
sd_p0700,mcp4-n090-r10-02,39.16971601865796,4945.000200000002,4945.000200000002,0.0,6.288920063,32.88079595565796,32.436961558,32.43270218099999,40,36,195,888,1565,,,,,
sd_p0700,mcp4-n090-r10-03,132.96158950416796,4279.000099999999,4279.000099999999,0.0,7.474658657,125.48693084716797,124.78654015299993,124.76995876800002,126,120,475,865,1519,,,,,
sd_p0700,mcp4-n090-r10-04,97.84412724971399,4416.0001,4416.0001,0.0,6.573229146,91.27089810371399,90.74097233399999,90.73164495800002,99,94,355,877,1543,,,,,
sd_p0700,mcp4-n090-r10-05,198.53819809944105,4297.000099999999,4297.000099999999,0.0,7.580291138,190.95790696144104,189.00038973300002,188.97823159799998,200,192,1191,873,1535,,,,,
sd_p0700,mcp4-n090-r10-06,90.73387699188366,4412.000199999995,4412.000199999995,0.0,6.959570933,83.77430605888367,83.23142156499998,83.22203044699998,86,79,412,875,1539,,,,,
sd_p0700,mcp4-n090-r10-07,43.3968569468396,4309.000100000001,4309.000100000001,0.0,6.23715703,37.1596999168396,36.70550573799999,36.700796774,49,46,190,882,1553,,,,,
sd_p0700,mcp4-n090-r10-08,51.53755795248401,4828.000133333334,4828.000133333334,0.0,4.875190847,46.66236710548401,46.14853274399999,46.143448279,65,59,195,872,1533,,,,,
sd_p0700,mcp4-n090-r10-09,118.69380931597034,5061.000099999997,5061.000099999997,0.0,5.879079387,112.81472992897034,112.20484079300002,112.19389617399999,125,117,382,875,1539,,,,,
sd_p0700,mcp4-n090-r10-10,150.07653449683826,4562.400140000003,4562.400140000003,0.0,6.377325522,143.69920897483826,141.66365031099994,141.64629779199998,164,156,1328,881,1551,,,,,
sd_p0700,mcp4-n090-r12-01,99.27253012450451,3706.4001400000006,3706.4001400000006,0.0,4.654625223,94.61790490150452,94.06375102400003,94.04816754900004,137,131,453,880,1534,,,,,
sd_p0700,mcp4-n090-r12-02,58.22341495009729,3871.0001499999953,3871.0001499999953,0.0,4.541814141,53.68160080909729,53.27501444600002,53.26750427,81,76,150,864,1502,,,,,
sd_p0700,mcp4-n090-r12-03,299.3293071327638,3755.0000999999993,3755.0000999999993,0.0,5.127884203,294.2014229297638,293.039844282,292.95880434599997,511,501,538,871,1516,,,,,
sd_p0700,mcp4-n090-r12-04,125.90981683803028,3608.0001500000017,3608.0001500000017,0.0,5.293996907,120.61581993103027,119.753601114,119.73435574199998,191,181,799,866,1506,,,,,
sd_p0700,mcp4-n090-r12-05,59.212166615855104,3550.0000999999997,3550.0000999999997,0.0,4.961031505,54.2511351108551,53.71477326699999,53.70604439,105,96,399,876,1526,,,,,
sd_p0700,mcp4-n090-r12-06,96.93808588802453,3339.0001999999986,3339.0001999999986,0.0,4.860840891,92.07724499702454,91.538091847,91.51938726099999,167,160,294,861,1496,,,,,
sd_p0700,mcp4-n090-r12-07,28.37999937195349,3782.500149999997,3782.500149999997,0.0,4.033211204,24.34678816795349,24.024204781,24.021055084999993,37,33,73,874,1522,,,,,
sd_p0700,mcp4-n090-r12-08,37.86203934407007,3672.0001,3672.0001,0.0,6.069290416,31.79274892807007,31.31245121099999,31.306331369,70,64,240,868,1510,,,,,
sd_p0700,mcp4-n090-r12-09,9.597591844528441,4184.000099999999,4184.000099999999,0.0,3.239241806,6.358350038528442,6.015823363,6.014516026,19,17,36,866,1506,,,,,
sd_p0700,mcp4-n090-r12-10,54.46111314590881,3350.333466666665,3350.333466666665,0.0,5.16338723,49.29772591590881,48.598985721999995,48.590504153,101,96,725,867,1508,,,,,
sd_p0700,mcp4-n090-r14-01,49.37173087297644,3413.0000999999993,3413.285814285714,8.371352983982496e-5,2.837439844,46.53429102897644,46.220283001,46.211302303999986,95,87,128,875,1514,,,,,
sd_p0700,mcp4-n090-r14-02,19.67591071744275,3182.00015,3182.00015,0.0,3.361682898,16.31422781944275,16.055596769,16.052957527,32,29,75,870,1504,,,,,
sd_p0700,mcp4-n090-r14-03,31.261492830967164,3149.0001999999995,3149.0001999999995,0.0,3.845387799,27.416105031967163,27.121161805000003,27.116973024999997,57,52,130,871,1506,,,,,
sd_p0700,mcp4-n090-r14-04,30.869307449916747,3646.0001000000007,3646.0001000000007,0.0,3.068183354,27.801124095916748,27.404067123999997,27.398368886000004,83,78,133,865,1494,,,,,
sd_p0700,mcp4-n090-r14-05,35.11327565142481,3044.0001000000016,3044.0001000000016,0.0,3.852916841,31.260358810424805,30.839535626,30.833972153999994,81,76,227,875,1514,,,,,
sd_p0700,mcp4-n090-r14-06,39.3263293623269,3399.3334666666647,3399.3334666666647,0.0,3.539449346,35.786880016326904,35.424165990000006,35.417208662,68,62,175,878,1520,,,,,
sd_p0700,mcp4-n090-r14-07,66.73713956184606,2659.6668333333346,2659.6668333333346,0.0,3.321423629,63.41571593284607,62.648356885,62.634028026,161,152,640,881,1526,,,,,
sd_p0700,mcp4-n090-r14-08,38.829770782322875,2623.500133333335,2623.500133333335,0.0,4.318894842,34.510875940322876,34.087579621,34.082556340999986,76,67,300,872,1508,,,,,
sd_p0700,mcp4-n090-r14-09,47.01846352050952,2984.0002000000004,2984.0002000000004,0.0,4.077471642,42.94099187850952,42.333308100999986,42.326350197,102,97,451,866,1496,,,,,
sd_p0700,mcp4-n090-r14-10,40.532910607983766,2664.0001000000007,2664.0001,0.0,3.617177509,36.915733098983765,36.503951969,36.49551121700001,97,89,280,871,1506,,,,,
sd_p0700,mcp4-n090-r16-01,33.31323565611462,2082.3334666666688,2082.3334666666688,0.0,3.318862573,29.994373083114624,29.424762580999996,29.414436447999996,95,86,397,869,1494,,,,,
sd_p0700,mcp4-n090-r16-02,34.46719719718103,2594.0001499999994,2594.0001499999994,0.0,3.056343096,31.41085410118103,30.946580509,30.936016603,105,100,400,857,1470,,,,,
sd_p0700,mcp4-n090-r16-03,30.11931367875,2573.3334666666665,2573.333466666667,0.0,3.020192585,27.09912109375,26.786127438000015,26.77773460200001,78,74,199,869,1494,,,,,
sd_p0700,mcp4-n090-r16-04,36.465362532181395,2174.000140000001,2174.000140000001,0.0,3.330553515,33.1348090171814,32.336542386,32.32775768,97,90,889,874,1504,,,,,
sd_p0700,mcp4-n090-r16-05,12.354216832950561,2710.0001499999994,2710.0001499999994,0.0,2.312739868,10.041476964950562,9.7654359,9.762871133,30,27,55,880,1516,,,,,
sd_p0700,mcp4-n090-r16-06,21.055070302076782,2677.0000999999997,2677.0000999999997,0.0,3.188382289,17.866688013076782,17.569585078,17.565185953,55,49,93,866,1488,,,,,
sd_p0700,mcp4-n090-r16-07,17.531553259656494,2343.000149999997,2343.000149999997,0.0,2.392280093,15.139273166656494,14.886720948999994,14.883180221,51,48,104,853,1462,,,,,
sd_p0700,mcp4-n090-r16-08,18.400141096025514,2537.0001000000007,2537.0001000000007,0.0,2.041438198,16.358702898025513,16.079121229000002,16.075530086,55,50,113,886,1528,,,,,
sd_p0700,mcp4-n090-r16-09,75.90432743177197,2431.0002000000004,2431.0002000000004,0.0,3.600333253,72.30399417877197,71.58221709900002,71.56112353299993,204,199,391,862,1480,,,,,
sd_p0700,mcp4-n090-r16-10,32.81015464705652,2754.0001000000007,2754.0001000000007,0.0,2.209987611,30.60016703605652,30.222899133999995,30.215923701000012,92,85,198,862,1480,,,,,
sd_p0700,mcp4-n100-r08-01,828.636773490606,6727.000200000002,6727.000200000002,0.0,12.135700607,816.501072883606,813.0979497990004,813.0532656520003,312,304,2417,913,1617,,,,,
sd_p0700,mcp4-n100-r08-02,626.6280717565745,7489.76485294117,7489.76485294117,0.0,10.625402899,616.0026688575745,613.506526465,613.46707298,272,264,1323,916,1623,,,,,
sd_p0700,mcp4-n100-r08-03,828.9809601205159,7652.500150000009,7652.500150000009,0.0,11.426312198,817.5546479225159,815.7208379269997,815.6813898870005,247,237,1101,897,1585,,,,,
sd_p0700,mcp4-n100-r08-04,187.14776142114917,6973.666799999997,6973.666799999997,0.0,11.010047512,176.13771390914917,174.107665709,174.09062006199997,141,135,1438,919,1629,,,,,
sd_p0700,mcp4-n100-r08-05,382.7605069554502,7837.000100000006,7837.571528571429,7.291419728615088e-5,10.108023969,372.6524829864502,371.7060059090001,371.6837704719999,180,171,658,914,1619,,,,,
sd_p0700,mcp4-n100-r08-06,897.0659591257096,6773.400140000002,6773.400140000002,0.0,13.843848139,883.2221109867096,879.473879144,879.4297653219998,299,290,2985,915,1621,,,,,
sd_p0700,mcp4-n100-r08-07,1118.5356150312646,7155.00015,7155.619513606111,8.656374467171884e-5,14.264211957,1104.2714030742645,1097.5191007019998,1097.4502386499998,402,396,4886,903,1597,,,,,
sd_p0700,mcp4-n100-r08-08,148.33213365694763,7455.000166666661,7455.000166666661,0.0,12.373311645,135.95882201194763,135.28167208599996,135.274655644,60,57,405,917,1625,,,,,
sd_p0700,mcp4-n100-r08-09,55.28385246526428,8006.000100000004,8006.000100000004,0.0,11.234669335,44.04918313026428,43.625314669000005,43.623122388999995,21,19,136,915,1621,,,,,
sd_p0700,mcp4-n100-r08-10,247.6175613455808,7545.000100000001,7545.000100000001,0.0,10.843033319,236.7745280265808,236.273967613,236.25940612200003,118,112,199,910,1611,,,,,
sd_p0700,mcp4-n100-r10-01,287.0230599911389,5748.000100000001,5748.000100000001,0.0,9.15998998,277.8630700111389,276.87553159399994,276.85151354400006,196,187,724,918,1602,,,,,
sd_p0700,mcp4-n100-r10-02,65.00561011406836,5565.500150000008,5565.500150000008,0.0,8.854338294,56.15127182006836,55.74531712600002,55.740237597000004,45,41,156,916,1598,,,,,
sd_p0700,mcp4-n100-r10-03,71.23884386123596,5742.0001999999995,5742.0001999999995,0.0,8.478892985,62.75995087623596,62.28585075799999,62.28154396199999,41,37,204,914,1594,,,,,
sd_p0700,mcp4-n100-r10-04,108.79670510860413,5337.000100000004,5337.000100000004,0.0,8.747438055,100.04926705360413,99.457210988,99.447365363,97,91,413,912,1590,,,,,
sd_p0700,mcp4-n100-r10-05,237.90516030982423,5641.60012,5641.60012,0.0,8.440629365,229.46453094482422,227.80784932700004,227.78422629600004,174,165,1747,915,1596,,,,,
sd_p0700,mcp4-n100-r10-06,96.15709140535218,4740.285857142847,4740.285857142847,0.0,9.01693156,87.14015984535217,86.32500298500003,86.31562513699994,90,85,650,903,1572,,,,,
sd_p0700,mcp4-n100-r10-07,347.4486887491805,4962.0001,4962.0001,0.0,9.171727661,338.27696108818054,335.95068159,335.9214872199999,207,199,1821,923,1612,,,,,
sd_p0700,mcp4-n100-r10-08,833.1179262324274,5207.20024,5207.20024,0.0,10.37191426,822.7460119724274,821.3173744100002,821.2451609700001,426,417,766,908,1582,,,,,
sd_p0700,mcp4-n100-r10-09,703.4593981478145,5493.000199999997,5493.000199999997,0.0,9.715696213,693.7437019348145,690.8565937649997,690.8039775599997,362,351,1362,904,1574,,,,,
sd_p0700,mcp4-n100-r10-10,109.83102742176783,5179.0001,5179.0001,0.0,8.072350416,101.75867700576782,101.27198811099997,101.26201738299996,93,86,318,895,1556,,,,,
sd_p0700,mcp4-n100-r12-01,236.1340864815095,4715.0001,4715.0001,0.0,6.238016478,229.89607000350952,229.38192720399982,229.35334444299974,214,209,101,920,1590,,,,,
sd_p0700,mcp4-n100-r12-02,35.49368201378357,4416.750150000002,4416.750150000002,0.0,8.33150612,27.16217589378357,26.764732947999992,26.762419195,29,26,118,922,1594,,,,,
sd_p0700,mcp4-n100-r12-03,84.88968832455896,4371.000099999999,4371.000099999999,0.0,6.521423411,78.36826491355896,77.894932109,77.88626495800004,94,88,275,910,1570,,,,,
sd_p0700,mcp4-n100-r12-04,344.7311475688253,4026.0001,4026.000100000001,0.0,8.493189376,336.2379581928253,334.947121643,334.907936737,349,344,864,911,1572,,,,,
sd_p0700,mcp4-n100-r12-05,119.4904996276892,4321.000100000001,4321.000100000001,0.0,7.16164459,112.32885503768921,111.44165738100007,111.42202234499999,176,169,684,908,1566,,,,,
sd_p0700,mcp4-n100-r12-06,51.3225452779104,4808.0001,4808.0001,0.0,7.056952226,44.2655930519104,43.740920282000005,43.735906286,57,51,182,901,1552,,,,,
sd_p0700,mcp4-n100-r12-07,170.16688287473804,4274.000199999999,4274.384715384616,8.996615971561514e-5,6.534664037,163.63221883773804,162.82492336700008,162.79860584700015,200,189,592,924,1598,,,,,
sd_p0700,mcp4-n100-r12-08,75.71137821408362,4097.000133333329,4097.000133333329,0.0,6.644016144,69.06736207008362,68.67367520200001,68.66710307599998,75,69,183,913,1576,,,,,
sd_p0700,mcp4-n100-r12-09,310.4461621675211,4716.0001,4716.0001,0.0,8.580582324,301.8655798435211,300.4034058740001,300.3731619629999,244,236,732,910,1570,,,,,
sd_p0700,mcp4-n100-r12-10,24.45819565904724,3990.0000999999984,3990.0000999999984,0.0,6.489886495,17.96830916404724,17.606386190000002,17.604425975,24,21,103,910,1570,,,,,
sd_p0700,mcp4-n100-r14-01,83.70147351105737,3127.000100000001,3127.000100000001,0.0,7.413380421,76.28809309005737,75.50473931600001,75.48687621099998,131,123,412,906,1550,,,,,
sd_p0700,mcp4-n100-r14-02,241.5987955514624,3279.000100000001,3279.000100000001,0.0,6.401721615,235.1970739364624,234.16868297699997,234.12612013700007,319,313,560,901,1540,,,,,
sd_p0700,mcp4-n100-r14-03,34.24262345479333,3916.0001,3916.0001,0.0,5.685790426,28.556833028793335,28.247838324000003,28.242487719000007,58,52,125,914,1566,,,,,
sd_p0700,mcp4-n100-r14-04,16.134247808521973,3715.000100000001,3715.000100000001,0.0,3.985038786,12.149209022521973,11.918872790999998,11.917295985,18,16,39,904,1546,,,,,
sd_p0700,mcp4-n100-r14-05,40.28395336985584,3551.0000999999997,3551.0001,0.0,4.225533427,36.058419942855835,35.70923930500002,35.703387941,59,54,83,917,1572,,,,,
sd_p0700,mcp4-n100-r14-06,184.60269276425745,3210.0001500000008,3210.0001500000008,0.0,7.508089941,177.09460282325745,175.73172362899996,175.7007366100002,233,221,1382,912,1562,,,,,
sd_p0700,mcp4-n100-r14-07,30.01006555374341,3198.0002000000013,3198.0002000000013,0.0,5.684320448,24.325745105743408,23.908096732,23.904245703,39,36,224,914,1566,,,,,
sd_p0700,mcp4-n100-r14-08,32.807603632067625,3560.0001,3560.0001,0.0,4.588616644,28.218986988067627,27.932334515999994,27.928607141999997,37,34,44,907,1552,,,,,
sd_p0700,mcp4-n100-r14-09,49.58022311197229,3627.7501624999973,3627.7501624999973,0.0,4.761171131,44.81905198097229,44.475999435000006,44.469946306,63,57,131,906,1550,,,,,
sd_p0700,mcp4-n100-r14-10,42.23507844218726,3540.6001400000005,3540.6001400000005,0.0,6.011131394,36.223947048187256,35.844960092,35.839410937000004,50,45,193,922,1582,,,,,
sd_p0700,mcp4-n100-r16-01,28.261060798983397,3241.0001,3241.0001,0.0,3.432563866,24.8284969329834,24.48128501399999,24.475114840999996,54,49,115,913,1555,,,,,
sd_p0700,mcp4-n100-r16-02,78.4542763970879,2910.000149999999,2910.000149999999,0.0,4.171893432,74.28238296508789,73.85200215999998,73.83728427699997,140,130,222,906,1541,,,,,
sd_p0700,mcp4-n100-r16-03,47.20757002722827,3159.0000999999993,3159.0000999999993,0.0,3.334266137,43.87330389022827,43.47956824999999,43.471814767,81,75,163,907,1543,,,,,
sd_p0700,mcp4-n100-r16-04,31.85172835118982,3067.0001,3067.0001,0.0,4.726112516,27.12561583518982,26.781900994,26.777237887000002,45,42,97,902,1533,,,,,
sd_p0700,mcp4-n100-r16-05,12.330262346047608,2811.0001,2811.0001,0.0,5.122373266,7.207889080047607,6.8473311059999995,6.845674386999999,20,18,150,908,1545,,,,,
sd_p0700,mcp4-n100-r16-06,19.65681423731006,2984.0001,2984.0001,0.0,4.310532232,15.346282005310059,15.046433163000001,15.043685128999995,40,37,78,911,1551,,,,,
sd_p0700,mcp4-n100-r16-07,10.655454885136352,2678.0001,2678.0001,0.0,5.321006786,5.3344480991363525,5.022909037,5.0218402619999996,14,12,119,915,1559,,,,,
sd_p0700,mcp4-n100-r16-08,139.59982984638597,3016.000199999999,3016.0001999999995,0.0,4.291582757,135.308247089386,133.67297183000002,133.647927277,214,208,1191,909,1547,,,,,
sd_p0700,mcp4-n100-r16-09,25.364582647347657,2889.0001600000005,2889.0001600000005,0.0,4.804241766,20.560340881347656,20.182758358999997,20.17906547,51,46,183,897,1523,,,,,
sd_p0700,mcp4-n100-r16-10,17.33372790921289,2992.000100000002,2992.2801000000013,9.35828845725274e-5,3.483717991,13.85000991821289,13.564816358,13.561897856,36,33,25,912,1553,,,,,
sd_p0700,mcp4-n110-r08-01,2010.953992793319,7634.000199999995,7634.000199999995,0.0,21.244729707,1989.709263086319,1986.2477977250012,1986.1045500579996,355,346,1680,947,1666,,,,,
sd_p0700,mcp4-n110-r08-02,1452.916270178563,7522.000100000001,7522.000100000001,0.0,23.473391217,1429.442878961563,1427.16841721,1427.1205919860013,276,272,1725,938,1648,,,,,
sd_p0700,mcp4-n110-r08-03,195.01176598243188,8261.000149999998,8261.000149999998,0.0,21.199606921,173.81215906143188,172.98645436500001,172.98193871700002,40,37,361,941,1654,,,,,
sd_p0700,mcp4-n110-r08-04,1092.1155582535087,8120.000099999999,8120.000100000001,0.0,20.952336179,1071.1632220745087,1068.9498405130003,1068.9191903730002,211,205,1162,937,1646,,,,,
sd_p0700,mcp4-n110-r08-05,461.1851969612538,7733.333500000001,7733.333500000001,0.0,23.293033923,437.8921630382538,436.2970892469999,436.2872592929999,81,77,1402,940,1652,,,,,
sd_p0700,mcp4-n110-r08-06,1484.724105002097,8346.666799999999,8346.666799999999,0.0,24.575271012,1460.148833990097,1457.7813448509999,1457.748226934,213,206,1359,947,1666,,,,,
sd_p0700,mcp4-n110-r08-07,3280.721124790015,7014.900119999999,7014.900119999999,0.0,28.703253887,3252.017870903015,3248.8437057549995,3248.7916580420006,284,275,2089,937,1646,,,,,
sd_p0700,mcp4-n110-r08-08,303.49383156562965,8720.333500000002,8720.450481679385,1.3414817149213526e-5,23.960861614,279.53296995162964,278.433496139,278.424237857,69,65,807,938,1648,,,,,
sd_p0700,mcp4-n110-r08-09,909.343590879035,8865.833466666661,8865.833466666661,0.0,24.939403915,884.404186964035,882.9521214080002,882.931563223,136,132,1341,956,1684,,,,,
sd_p0700,mcp4-n110-r08-10,2509.160334197443,7896.000200000006,7896.000200000006,0.0,23.635605184,2485.524729013443,2459.774916286,2459.6365931540017,634,624,18369,960,1692,,,,,
sd_p0700,mcp4-n110-r10-01,437.27044246521666,5975.000099999999,5975.355655555556,5.950720495498369e-5,14.854929665,422.4155128002167,421.1836548420001,421.163807267,151,142,1012,937,1618,,,,,
sd_p0700,mcp4-n110-r10-02,996.0331833189746,5588.000099999998,5588.000099999998,0.0,15.515151245,980.5180320739746,978.7088300460003,978.645901102,403,394,1098,945,1634,,,,,
sd_p0700,mcp4-n110-r10-03,2845.38364777307,6293.20014,6293.6899136585835,7.782585134556751e-5,15.134085748,2830.24956202507,2729.487924986001,2729.332681614001,741,728,86422,946,1636,,,,,
sd_p0700,mcp4-n110-r10-04,903.6617233952027,5736.000100000001,5736.457727118646,7.978157438406906e-5,14.695732375,888.9659910202026,885.2659939540002,885.1842619070003,476,470,2368,946,1636,,,,,
sd_p0700,mcp4-n110-r10-05,1704.063237902466,6081.666799999999,6081.666799999999,0.0,15.610989806,1688.452248096466,1685.1491857449998,1685.0679507309999,516,505,2128,945,1634,,,,,
sd_p0700,mcp4-n110-r10-06,238.77078068234215,6171.000100000005,6171.000100000005,0.0,12.058044791,226.71273589134216,225.69239046199988,225.67896974300015,144,136,654,937,1618,,,,,
sd_p0700,mcp4-n110-r10-07,354.82487609222426,6631.0001,6631.009424009321,1.4061241412230526e-6,14.788123153,340.03675293922424,339.48176391299995,339.47307689499985,86,79,265,944,1632,,,,,
sd_p0700,mcp4-n110-r10-08,481.25165053301134,6140.00015,6140.00015,0.0,17.564907512,463.68674302101135,460.86950611700007,460.84275082,236,232,2404,950,1644,,,,,
sd_p0700,mcp4-n110-r10-09,270.017132891608,6376.000149999998,6376.000149999998,0.0,16.367424859,253.64970803260803,252.576984939,252.56861278099998,74,68,799,947,1638,,,,,
sd_p0700,mcp4-n110-r10-10,618.3956165295051,6065.000140000004,6065.000140000004,0.0,16.954583643,601.4410328865051,599.0113016759998,598.97996988,233,227,2234,945,1634,,,,,
sd_p0700,mcp4-n110-r12-01,53.49262176847107,5279.500150000002,5279.500150000002,0.0,8.48486482,45.00775694847107,44.68972257,44.686492702,33,30,48,935,1596,,,,,
sd_p0700,mcp4-n110-r12-02,112.07747623537878,4376.0001,4376.0001,0.0,12.367686244,99.70978999137878,99.05195364199997,99.045017075,59,56,392,947,1620,,,,,
sd_p0700,mcp4-n110-r12-03,101.82599862720764,5184.0001,5184.0001,0.0,12.003717505,89.82228112220764,89.41386906100001,89.409926841,38,35,184,927,1580,,,,,
sd_p0700,mcp4-n110-r12-04,172.20232252801952,4269.0001,4269.0001,0.0,11.762617633,160.43970489501953,159.87928343900003,159.86583833099994,104,98,275,945,1616,,,,,
sd_p0700,mcp4-n110-r12-05,327.2750798997168,4786.500150000002,4786.500150000002,0.0,13.642011815,313.6330680847168,311.06279207799986,311.0293988419998,248,241,2119,940,1606,,,,,
sd_p0700,mcp4-n110-r12-06,652.7308107767319,4867.666800000002,4867.666800000001,0.0,12.628699914,640.1021108627319,638.571889033,638.5030817539999,426,419,909,954,1634,,,,,
sd_p0700,mcp4-n110-r12-07,385.1087566013269,5195.500150000002,5195.500150000002,0.0,11.63242346,373.4763331413269,371.0666376139999,371.02250531999994,302,297,1267,950,1626,,,,,
sd_p0700,mcp4-n110-r12-08,1014.875667520832,4649.555699999997,4649.555699999997,0.0,13.600879618,1001.274787902832,999.0913505029995,998.9824145679993,545,533,959,930,1586,,,,,
sd_p0700,mcp4-n110-r12-09,274.5866732330371,4766.000166666667,4766.000166666667,0.0,11.785804245,262.8008689880371,261.95679769400004,261.93866217700014,153,145,576,948,1622,,,,,
sd_p0700,mcp4-n110-r12-10,624.326841319074,4922.000100000001,4922.000100000001,0.0,12.699276412,611.627564907074,610.546215652,610.4828764349998,415,408,419,944,1614,,,,,
sd_p0700,mcp4-n110-r14-01,37.23057957052844,4101.800179999999,4101.800179999999,0.0,6.653479532,30.577100038528442,30.253699422000008,30.249997517000004,33,29,91,932,1577,,,,,
sd_p0700,mcp4-n110-r14-02,139.46958550598157,4067.0001333333266,4067.0001333333266,0.0,9.469847528,129.99973797798157,129.381430594,129.36612948999996,129,123,408,932,1577,,,,,
sd_p0700,mcp4-n110-r14-03,38.55644934467371,4554.000100000001,4554.000100000001,0.0,7.881529501,30.674919843673706,30.238730032000003,30.234589500000002,41,38,154,954,1621,,,,,
sd_p0700,mcp4-n110-r14-04,86.46418428885437,4383.000099999999,4383.000099999999,0.0,6.979318385,79.48486590385437,79.10901029599998,79.09879762300005,82,75,154,942,1597,,,,,
sd_p0700,mcp4-n110-r14-05,210.12335942198254,3578.0001,3578.0001,0.0,9.482788543,200.64057087898254,199.67921885199996,199.65460075600006,189,181,716,947,1607,,,,,
sd_p0700,mcp4-n110-r14-06,113.32324740920618,3597.0002000000013,3597.2742573033725,7.619051657854703e-5,10.556942201,102.76630520820618,101.914782311,101.90681978,71,66,546,941,1595,,,,,
sd_p0700,mcp4-n110-r14-07,255.64998639228065,4315.1667999999945,4315.166799999995,0.0,8.749176389,246.90081000328064,224.31212407999988,224.27546074400016,268,264,24958,932,1577,,,,,
sd_p0700,mcp4-n110-r14-08,142.98515432564488,4166.666799999999,4166.666799999999,0.0,8.053672249,134.9314820766449,134.22346148399998,134.20490602999993,162,155,478,941,1595,,,,,
sd_p0700,mcp4-n110-r14-09,47.62313959785681,4067.000200000002,4067.000200000002,0.0,7.625058629,39.99808096885681,39.603244206000014,39.597718926999995,60,56,202,953,1619,,,,,
sd_p0700,mcp4-n110-r14-10,354.3689752487832,3643.0001999999986,3643.0001999999986,0.0,10.883879271,343.4850959777832,341.23689793000005,341.201646987,244,234,1845,955,1623,,,,,
sd_p0700,mcp4-n110-r16-01,71.65004995550781,3365.0000999999997,3365.0000999999997,0.0,5.456003935,66.19404602050781,65.77720763100001,65.765460831,93,88,175,940,1583,,,,,
sd_p0700,mcp4-n110-r16-02,72.8762171983645,3295.0001,3295.0001,0.0,6.183872056,66.6923451423645,66.23249673900001,66.22011624299999,102,97,257,944,1591,,,,,
sd_p0700,mcp4-n110-r16-03,58.98360747444177,3681.0001999999995,3681.0001999999995,0.0,6.556306306,52.42730116844177,52.062492164999995,52.05450201200001,69,62,192,941,1585,,,,,
sd_p0700,mcp4-n110-r16-04,33.97316834120349,3299.3335000000006,3299.3335000000006,0.0,7.538001267,26.43516707420349,26.092776117000003,26.089390459,33,29,137,937,1577,,,,,
sd_p0700,mcp4-n110-r16-05,40.06273835899048,3513.0001000000007,3513.090092154318,2.5616894892008397e-5,5.213691175,34.84904718399048,34.538759365000004,34.531276125000005,62,58,119,939,1581,,,,,
sd_p0700,mcp4-n110-r16-06,189.83713751602184,3310.50015,3310.5001500000003,0.0,5.868374403,183.96876311302185,182.33573415200007,182.30047121000004,257,246,1762,944,1591,,,,,
sd_p0700,mcp4-n110-r16-07,108.1320333715879,3346.0000999999997,3346.0000999999997,0.0,5.870158219,102.26187515258789,101.71043786200005,101.69750928600001,97,89,231,950,1603,,,,,
sd_p0700,mcp4-n110-r16-08,147.3760371563727,3322.000149999997,3322.000149999997,0.0,5.54010514,141.83593201637268,141.21669394999998,141.19249793100005,199,195,128,941,1585,,,,,
sd_p0700,mcp4-n110-r16-09,107.13925063127344,3576.0001,3576.0001,0.0,6.663069601,100.47618103027344,99.76150163699997,99.74498081199997,142,135,547,947,1597,,,,,
sd_p0700,mcp4-n110-r16-10,152.36535649549683,3257.000100000001,3257.000100000001,0.0,7.77472358,144.59063291549683,144.000646911,143.98260335700004,152,145,358,950,1603,,,,,
sd_p0700,mcp4-n120-r08-01,1931.4281504397075,9001.000100000001,9001.000100000001,0.0,37.540003324,1893.8881471157074,1891.584992943,1891.5565285519992,156,149,1856,989,1729,,,,,
sd_p0700,mcp4-n120-r08-02,4290.913031345273,9128.000099999997,10032.007809604891,0.09903677691731114,38.59114719,4252.321884155273,4248.473189954001,4248.392971454002,393,386,2210,972,1695,,,,,
sd_p0700,mcp4-n120-r08-03,3605.3125500622823,8080.0002,9462.848940818423,0.1711446419046404,35.664576048,3569.647974014282,3548.290275569999,3548.114234732996,725,722,14299,980,1711,,,,,
sd_p0700,mcp4-n120-r08-04,2924.998710010424,8953.800140000008,8954.388988888888,6.57652482378851e-5,39.60640106,2885.392308950424,2881.2758068019994,2881.218221159,288,280,2704,980,1711,,,,,
sd_p0700,mcp4-n120-r08-05,3708.7494126514594,7828.0001,18143.45343333333,1.317763566882597,35.55860364,3673.1908090114594,3667.0785767900015,3666.980165051,466,461,2761,979,1709,,,,,
sd_p0700,mcp4-n120-r08-06,3738.1101369203493,8936.571557142863,10168.686438532908,0.13787333022642617,41.613178903,3696.4969580173492,3691.4063788959975,3691.322233539002,445,438,2291,963,1677,,,,,
sd_p0700,mcp4-n120-r08-07,3600.0001594587798,7830.000133333335,10106.391943971636,0.2907269185025174,46.542376475,3553.45778298378,3549.1252380199953,3549.0427606329995,446,441,2142,975,1701,,,,,
sd_p0700,mcp4-n120-r08-08,1860.8915562745094,9321.750124999984,9321.750124999984,0.0,45.794314396,1815.0972418785095,1812.3801469009998,1812.3539540579989,183,175,1518,989,1729,,,,,
sd_p0700,mcp4-n120-r08-09,4373.181679775436,7727.33352222222,10653.532185370686,0.3786815535699761,53.366091778,4319.8155879974365,4315.800832029,4315.719873835001,471,463,1460,986,1723,,,,,
sd_p0700,mcp4-n120-r08-10,4473.313380297374,7051.571585714291,10205.773391021008,0.44730479822353114,30.374379214,4442.939001083374,4439.553894844997,4439.451518637,588,576,1061,980,1711,,,,,
sd_p0700,mcp4-n120-r10-01,2787.3784104258198,6709.500149999997,6709.500149999997,0.0,22.118698445,2765.2597119808197,2758.9520585060013,2758.8044615550007,699,694,3163,970,1661,,,,,
sd_p0700,mcp4-n120-r10-02,2043.6701591606395,7276.000099999999,7276.000099999998,0.0,23.885328352,2019.7848308086395,2018.4751720780007,2018.3936313130002,487,476,352,979,1679,,,,,
sd_p0700,mcp4-n120-r10-03,3760.5459213978374,7147.000149999996,7344.414014144318,0.027621919686726403,25.278997255,3735.2669241428375,3731.847247263999,3731.740101868001,573,561,1444,967,1655,,,,,
sd_p0700,mcp4-n120-r10-04,707.8713217123787,7145.333466666671,7145.333466666671,0.0,21.786531721,686.0847899913788,683.2726407619999,683.2484416829998,193,184,1927,967,1655,,,,,
sd_p0700,mcp4-n120-r10-05,311.667061341079,6967.000100000001,6967.000100000001,0.0,24.011331332,287.655730009079,286.82071318600003,286.812528699,75,71,580,971,1663,,,,,
sd_p0700,mcp4-n120-r10-06,2847.641680556751,7058.0001,7058.0001,0.0,24.261101562,2823.380578994751,2820.9839759769993,2820.856652994999,672,664,659,982,1685,,,,,
sd_p0700,mcp4-n120-r10-07,975.7308888809207,7019.000100000001,7019.000100000001,0.0,26.346901931,949.3839869499207,948.3035239459995,948.2782930710002,195,187,639,973,1667,,,,,
sd_p0700,mcp4-n120-r10-08,1870.2131798242374,7300.000100000001,7300.113502061857,1.5534528808512628e-5,22.629674909,1847.5835049152374,1845.6660160000004,1845.614277463,342,335,851,973,1667,,,,,
sd_p0700,mcp4-n120-r10-09,2094.1852816233563,6495.000100000003,6495.000100000003,0.0,24.265211452,2069.920070171356,2065.4322848020006,2065.3613117370005,450,439,2747,976,1673,,,,,
sd_p0700,mcp4-n120-r10-10,3240.2479577655736,6770.666799999999,6771.257427547289,8.723329100906893e-5,24.103136837,3216.1448209285736,3209.905379183999,3209.7944893149997,585,577,2960,974,1669,,,,,
sd_p0700,mcp4-n120-r12-01,1046.51005843388,5697.000100000001,5697.000100000001,0.0,15.518270285,1030.99178814888,1023.8974351939999,1023.8133813720009,486,477,4697,977,1655,,,,,
sd_p0700,mcp4-n120-r12-02,251.14584555669677,5520.0002,5520.0002,0.0,17.82465663,233.32118892669678,232.28471390400009,232.27326927999997,94,89,817,979,1659,,,,,
sd_p0700,mcp4-n120-r12-03,620.2212959003883,5226.000150000002,5226.000150000002,0.0,17.856646843,602.3646490573883,601.6542340180004,601.6211702689998,236,231,236,977,1655,,,,,
sd_p0700,mcp4-n120-r12-04,846.2178744231335,5197.000150000001,5197.000150000001,0.0,18.389909402,827.8279650211334,826.2990475759998,826.2258112239998,442,437,785,985,1671,,,,,
sd_p0700,mcp4-n120-r12-05,721.7540287629183,5477.000100000003,5477.000100000003,0.0,18.861990656,702.8920381069183,701.7050524309999,701.6698381009999,245,235,901,981,1663,,,,,
sd_p0700,mcp4-n120-r12-06,430.59624968385486,5150.300150000002,5150.300150000002,0.0,18.428662642,412.16758704185486,409.609443833,409.58711469400015,174,165,1973,977,1655,,,,,
sd_p0700,mcp4-n120-r12-07,1830.2174097184316,5552.000100000001,5552.000100000001,0.0,19.129423726,1811.0879859924316,1809.0628898660002,1808.9739794299987,532,521,1101,973,1647,,,,,
sd_p0700,mcp4-n120-r12-08,579.3232279415901,5772.666799999992,5773.162327602904,8.584032650425315e-5,18.604342043,560.7188858985901,559.73933718,559.7152049179999,193,184,717,974,1649,,,,,
sd_p0700,mcp4-n120-r12-09,361.92614375073936,5736.000099999999,5736.000099999999,0.0,18.534605846,343.3915379047394,342.55896453099996,342.54654526499996,117,110,587,980,1661,,,,,
sd_p0700,mcp4-n120-r12-10,456.3831465260395,5593.000100000001,5593.000100000001,0.0,18.336640598,438.04650592803955,436.92494662699977,436.90495846399995,171,162,938,978,1657,,,,,
sd_p0700,mcp4-n120-r14-01,123.02452160019861,4963.000100000002,4963.000100000002,0.0,15.412659656,107.61186194419861,107.15045983200002,107.140943299,86,82,176,976,1639,,,,,
sd_p0700,mcp4-n120-r14-02,124.14565808336316,4841.000149999998,4841.000149999998,0.0,12.634507008,111.51115107536316,111.03320142999999,111.02399700000001,79,74,190,968,1623,,,,,
sd_p0700,mcp4-n120-r14-03,636.0689219125168,4269.333466666663,4269.333466666663,0.0,15.937676061,620.1312458515167,618.7597301980003,618.7166905340003,301,296,831,981,1649,,,,,
sd_p0700,mcp4-n120-r14-04,311.01630361649916,4003.000149999995,4003.000149999995,0.0,19.195440608,291.82086300849915,290.78309370599993,290.76862470400005,119,115,676,980,1647,,,,,
sd_p0700,mcp4-n120-r14-05,280.80530017264834,4559.0001,4559.0001,0.0,14.03227013,266.7730300426483,266.03086178499996,266.0120191839999,144,136,420,970,1627,,,,,
sd_p0700,mcp4-n120-r14-06,252.5408365394137,4695.000120000001,4695.000120000001,0.0,14.989141431,237.5516951084137,236.80589469900005,236.7903876700001,130,122,410,974,1635,,,,,
sd_p0700,mcp4-n120-r14-07,816.0035116266779,4324.3334666666715,4324.3334666666715,0.0,15.06452461,800.9389870166779,795.5462294069998,795.4640131129995,461,456,4017,981,1649,,,,,
sd_p0700,mcp4-n120-r14-08,301.18963894500513,4333.000199999997,4333.000199999997,0.0,13.253488871,287.9361500740051,286.3350050059999,286.31824333799995,142,134,749,976,1639,,,,,
sd_p0700,mcp4-n120-r14-09,232.45966663341625,4077.0001,4077.0556555555545,1.3626576941779414e-5,14.816849613,217.64281702041626,216.62778529999997,216.61247831699995,126,119,671,980,1647,,,,,
sd_p0700,mcp4-n120-r14-10,177.69069652208813,4344.00009999999,4344.151615151517,3.487917772534984e-5,12.904843613,164.78585290908813,164.17904411400002,164.16358752899998,136,128,297,975,1637,,,,,
sd_p0700,mcp4-n120-r16-01,215.4630845396637,3533.0000999999997,3533.0000999999997,0.0,9.729260525,205.7338240146637,204.925193824,204.90185852900015,203,192,530,966,1608,,,,,
sd_p0700,mcp4-n120-r16-02,67.50941847775256,4065.0001500000035,4065.0001500000035,0.0,9.664878597,57.84453988075256,57.297795711999996,57.28689105699999,81,77,334,986,1648,,,,,
sd_p0700,mcp4-n120-r16-03,345.6912290086533,4025.400139999995,4025.400139999995,0.0,7.442768239,338.2484607696533,337.27941039000007,337.21625332800005,404,398,319,977,1630,,,,,
sd_p0700,mcp4-n120-r16-04,280.89515174653945,3979.0001,3979.0001,0.0,11.890419853,269.00473189353943,268.2470019970001,268.2102318749999,252,246,299,980,1636,,,,,
sd_p0700,mcp4-n120-r16-05,150.85834317912804,3748.0001000000007,3748.0001000000007,0.0,9.376248176,141.48209500312805,141.095441962,141.08294334500002,109,107,68,976,1628,,,,,
sd_p0700,mcp4-n120-r16-06,526.105718763669,3716.00015,3716.2950581052537,7.936170434596273e-5,12.623462828,513.482255935669,491.2623476770001,491.2161692599999,305,301,21514,982,1640,,,,,
sd_p0700,mcp4-n120-r16-07,743.3520235043018,3743.500200000001,3743.500200000001,0.0,10.154969595,733.1970539093018,732.0793102159998,732.0037434859997,452,443,428,974,1624,,,,,
sd_p0700,mcp4-n120-r16-08,734.6951149665548,3480.3334666666688,3480.5334333333317,5.74561801557629e-5,13.243260976,721.4518539905548,711.4522049610007,711.353676697,523,511,10087,966,1608,,,,,
sd_p0700,mcp4-n120-r16-09,81.46255518357104,3623.000100000001,3623.000100000001,0.0,9.219403042,72.24315214157104,71.71611490600002,71.707758797,84,77,262,974,1624,,,,,
sd_p0700,mcp4-n120-r16-10,100.23995026340747,3788.0001333333284,3788.0001333333284,0.0,12.208379352,88.03157091140747,87.47929133100003,87.470784091,75,71,424,982,1641,,,,,
sd_p1000,mcp4-n070-r08-01,43.346188437953124,4283.000133333329,4283.000133333329,0.0,3.369839561,39.976348876953125,39.38118993599999,39.365892407999986,118,111,464,981,1815,,,,,
sd_p1000,mcp4-n070-r08-02,44.56943706352136,4517.500150000002,4517.500150000002,0.0,3.276559151,41.29287791252136,40.710415622,40.695918414000005,93,86,444,983,1819,,,,,
sd_p1000,mcp4-n070-r08-03,34.594414907244264,3691.000199999996,3691.000199999996,0.0,3.450860935,31.143553972244263,30.320476326999994,30.309675098000003,90,84,665,970,1793,,,,,
sd_p1000,mcp4-n070-r08-04,49.50138715846106,4690.000099999999,4690.000099999999,0.0,2.563632289,46.93775486946106,46.518050357,46.508334802,97,91,114,988,1829,,,,,
sd_p1000,mcp4-n070-r08-05,54.02472847089001,3845.0000999999984,3845.0000999999984,0.0,3.669969493,50.354758977890015,49.110685669999974,49.096129816,128,121,1208,1015,1883,,,,,
sd_p1000,mcp4-n070-r08-06,68.26464004070289,4825.0001500000035,4825.0001500000035,0.0,3.270765014,64.99387502670288,64.53297321900001,64.51583106899999,149,141,155,997,1847,,,,,
sd_p1000,mcp4-n070-r08-07,44.61929337397547,3732.000100000001,3732.000100000001,0.0,3.852788371,40.766505002975464,40.22563355599999,40.216655831000004,82,75,374,984,1821,,,,,
sd_p1000,mcp4-n070-r08-08,30.465001490171144,4167.0001,4167.0001,0.0,3.700539496,26.764461994171143,26.328473049,26.321073433000002,71,64,294,975,1803,,,,,
sd_p1000,mcp4-n070-r08-09,68.00606942571362,4190.000100000003,4190.076825844887,1.831165705320503e-5,3.304829363,64.70124006271362,64.00546794900002,63.983659764,179,171,521,985,1823,,,,,
sd_p1000,mcp4-n070-r08-10,12.022293654222656,4291.000099999999,4291.000099999999,0.0,2.980751601,9.041542053222656,8.754639725,8.752058423000001,28,24,49,1006,1865,,,,,
sd_p1000,mcp4-n070-r10-01,20.579404936328736,3716.0001999999995,3716.0001999999995,0.0,1.897359715,18.682045221328735,18.235021249000006,18.226329561999997,77,71,296,970,1775,,,,,
sd_p1000,mcp4-n070-r10-02,16.039769828748778,3023.0001500000008,3023.0001500000008,0.0,2.72948283,13.31028699874878,12.866092292000001,12.861795078,40,35,226,991,1817,,,,,
sd_p1000,mcp4-n070-r10-03,8.754803513046387,3403.0001,3403.0001,0.0,2.806451653,5.948351860046387,5.635322443000001,5.6333441330000005,25,22,62,971,1777,,,,,
sd_p1000,mcp4-n070-r10-04,32.6613691065802,3412.2501500000003,3412.25015,0.0,1.776375315,30.8849937915802,30.346255519,30.33334852700001,108,103,328,981,1797,,,,,
sd_p1000,mcp4-n070-r10-05,18.897162115270387,3104.0001,3104.0001,0.0,1.95849601,16.938666105270386,16.419256873000005,16.413567919,56,50,137,978,1791,,,,,
sd_p1000,mcp4-n070-r10-06,6.073063494768066,3933.0002000000077,3933.0002000000077,0.0,0.59021342,5.482850074768066,5.341696439000001,5.340209721000001,17,15,1,981,1797,,,,,
sd_p1000,mcp4-n070-r10-07,28.491408113083494,3412.0001,3412.0001,0.0,1.429687265,27.061720848083496,26.605002816,26.594809292000004,90,84,132,984,1803,,,,,
sd_p1000,mcp4-n070-r10-08,11.857408269936524,3314.000149999998,3314.000149999998,0.0,1.609203085,10.248205184936523,9.956455549,9.952471459000003,39,35,49,955,1745,,,,,
sd_p1000,mcp4-n070-r10-09,38.68205368755286,3319.666800000002,3319.666800000002,0.0,2.998193624,35.683860063552856,34.69496577100001,34.683550602000004,109,101,898,988,1811,,,,,
sd_p1000,mcp4-n070-r10-10,21.93260670095459,4003.5001500000008,4003.5001500000008,0.0,1.24403191,20.68857479095459,20.358155008,20.350572875000005,75,69,127,987,1809,,,,,
sd_p1000,mcp4-n070-r12-01,20.075201694313844,2717.00018,2717.00018,0.0,1.552088682,18.523113012313843,18.075890220999998,18.067190221999997,86,79,240,975,1774,,,,,
sd_p1000,mcp4-n070-r12-02,12.451894504125121,2701.3334666666674,2701.3334666666674,0.0,1.585657579,10.866236925125122,10.591389618000003,10.586166636000002,54,50,120,986,1796,,,,,
sd_p1000,mcp4-n070-r12-03,10.543403961610961,2729.0001000000007,2729.0001000000007,0.0,1.295415976,9.247987985610962,8.882400897999998,8.878403455,43,39,55,975,1774,,,,,
sd_p1000,mcp4-n070-r12-04,29.127435384361327,2555.0001000000007,2555.0001000000007,0.0,2.087621389,27.039813995361328,26.622157819999998,26.610609683999996,98,90,236,967,1758,,,,,
sd_p1000,mcp4-n070-r12-05,40.63815930489648,2196.000140000001,2196.000140000001,0.0,2.779337436,37.858821868896484,35.675007876,35.65906193899999,133,126,838,990,1804,,,,,
sd_p1000,mcp4-n070-r12-06,11.488353291663087,2249.0001,2249.0001,0.0,1.688985387,9.799367904663086,9.511466944999999,9.507449281000001,47,42,117,975,1774,,,,,
sd_p1000,mcp4-n070-r12-07,18.75798965177356,2338.5002000000004,2338.5002000000004,0.0,2.134565837,16.62342381477356,16.167157865,16.159174453,70,65,238,966,1756,,,,,
sd_p1000,mcp4-n070-r12-08,22.894466665429686,2860.333466666667,2860.333466666667,0.0,1.5900996,21.304367065429688,20.746049139,20.738258164999998,78,67,301,987,1798,,,,,
sd_p1000,mcp4-n070-r12-09,12.070773269080933,2674.0000999999997,2674.0000999999997,0.0,1.443924333,10.626848936080933,10.311192071000002,10.306762259,48,43,146,970,1764,,,,,
sd_p1000,mcp4-n070-r12-10,9.663464860197388,2880.0001999999995,2880.0001999999995,0.0,1.338483886,8.324980974197388,8.031388386,8.027910634000001,37,32,93,992,1808,,,,,
sd_p1000,mcp4-n070-r14-01,22.49089766469922,2391.6668000000013,2391.6668000000013,0.0,1.470946798,21.01995086669922,17.134417338000016,17.124045055000003,132,123,3449,961,1737,,,,,
sd_p1000,mcp4-n070-r14-02,18.315104533884643,1915.5001500000003,1915.5001500000003,0.0,1.321840574,16.993263959884644,16.695407096999997,16.688369161999994,95,89,146,954,1723,,,,,
sd_p1000,mcp4-n070-r14-03,14.12756935515796,2035.571571428572,2035.571571428572,0.0,1.001656212,13.125913143157959,12.77686006,12.772615086000002,57,52,197,966,1747,,,,,
sd_p1000,mcp4-n070-r14-04,10.475561047904785,2220.0001500000017,2220.0001500000017,0.0,0.496807958,9.978753089904785,9.673231079,9.603719012999996,53,47,49,968,1751,,,,,
sd_p1000,mcp4-n070-r14-05,23.73340162609021,1797.5001499999994,1797.5001499999998,0.0,1.736413568,21.99698805809021,21.322285910999994,21.310057112999996,130,120,579,980,1775,,,,,
sd_p1000,mcp4-n070-r14-06,14.043473451173096,2060.0002000000004,2060.0002000000004,0.0,1.88211128,12.161362171173096,11.765253590999997,11.760332243000006,68,60,278,985,1785,,,,,
sd_p1000,mcp4-n070-r14-07,16.90692559861743,2126.0001000000007,2126.0001000000007,0.0,1.074796597,15.832129001617432,15.520037105000002,15.512402812999998,90,81,102,954,1723,,,,,
sd_p1000,mcp4-n070-r14-08,33.7845879890343,1959.0001000000002,1959.0001000000002,0.0,1.345888982,32.4386990070343,30.788495770999997,30.774584078000004,145,134,1018,996,1807,,,,,
sd_p1000,mcp4-n070-r14-09,8.73430577085913,1995.0001,1995.0001,0.0,1.164197834,7.570107936859131,7.305723420999998,7.303121569,38,34,73,965,1745,,,,,
sd_p1000,mcp4-n070-r14-10,14.060911551569214,2080.0000999999997,2080.0000999999997,0.0,1.64847149,12.412440061569214,12.097300684,12.089740189,59,53,122,994,1803,,,,,
sd_p1000,mcp4-n070-r16-01,3.840067055223755,2000.000100000003,2000.0691168270148,3.450841178051173e-5,0.683300879,3.156766176223755,2.999214881,2.9969089720000004,23,20,4,968,1745,,,,,
sd_p1000,mcp4-n070-r16-02,16.26018456683679,1713.000100000002,1713.000100000002,0.0,0.603279631,15.656904935836792,14.967767729000002,14.956460555999993,113,107,489,977,1764,,,,,
sd_p1000,mcp4-n070-r16-03,17.034338616109984,1780.000133333333,1780.000133333333,0.0,1.123472594,15.910866022109985,15.474605986000002,15.465428426,98,91,234,961,1731,,,,,
sd_p1000,mcp4-n070-r16-04,6.991392143450561,2174.00015,2174.00015,0.0,0.894251116,6.0971410274505615,5.796247141000001,5.792480487,45,41,75,963,1735,,,,,
sd_p1000,mcp4-n070-r16-05,11.822572151430053,1872.0001,1872.0001,0.0,0.99737517,10.825196981430054,10.480019673,10.472815895000002,71,64,203,961,1731,,,,,
sd_p1000,mcp4-n070-r16-06,16.93476792749463,1821.250125,1821.250125,0.0,1.055052008,15.879715919494629,15.544349424999995,15.534905768,90,83,160,991,1791,,,,,
sd_p1000,mcp4-n070-r16-07,15.892937727437623,1802.5001500000003,1802.5001500000003,0.0,1.667203732,14.225733995437622,13.702754421000003,13.694187854000003,89,83,384,971,1751,,,,,
sd_p1000,mcp4-n070-r16-08,9.037206107483277,1836.0001000000007,1836.0001000000007,0.0,1.139155084,7.898051023483276,7.636344531,7.6313709639999985,52,45,76,952,1713,,,,,
sd_p1000,mcp4-n070-r16-09,6.264781246060059,1988.0000999999997,1988.0000999999997,0.0,1.182659397,5.082121849060059,4.833717643,4.830887155,30,26,33,970,1749,,,,,
sd_p1000,mcp4-n070-r16-10,20.7098941327135,1810.0001666666658,1810.0001666666658,0.0,0.731092167,19.9788019657135,18.373283820000005,18.358072902000007,131,123,1543,974,1757,,,,,
sd_p1000,mcp4-n080-r08-01,64.17131569692285,4810.833483333339,4810.833483333339,0.0,5.246333626,58.92498207092285,58.11711005999999,58.107676393000006,76,71,599,1044,1920,,,,,
sd_p1000,mcp4-n080-r08-02,116.5146375402146,5122.000300000001,5122.000300000001,0.0,4.853228639,111.6614089012146,111.00632177799993,110.99045174100002,135,128,359,1052,1936,,,,,
sd_p1000,mcp4-n080-r08-03,89.10586775294873,6000.0001,6000.000100000001,0.0,4.908774743,84.19709300994873,83.43702516,83.42587418599997,101,96,470,1066,1964,,,,,
sd_p1000,mcp4-n080-r08-04,30.20125124147412,5927.111266666667,5927.111266666667,0.0,4.308323118,25.89292812347412,25.529014081,25.526066892,30,27,65,1045,1922,,,,,
sd_p1000,mcp4-n080-r08-05,36.672242460321414,5400.000100000001,5400.000100000001,0.0,5.656795559,31.01544690132141,30.470688053000003,30.465449357999997,48,42,165,1054,1940,,,,,
sd_p1000,mcp4-n080-r08-06,68.69407672955566,4848.000199999992,4848.000199999992,0.0,5.18124981,63.512826919555664,62.652091354000035,62.63992551800001,96,91,679,1045,1922,,,,,
sd_p1000,mcp4-n080-r08-07,32.28199489026355,4926.000150000002,4926.000150000002,0.0,4.934627842,27.34736704826355,26.939892187000005,26.935525337999994,38,34,125,1068,1968,,,,,
sd_p1000,mcp4-n080-r08-08,107.59824469140612,5168.000100000002,5168.000100000002,0.0,5.386539722,102.21170496940613,101.34974374199997,101.33461947300003,137,129,649,1058,1948,,,,,
sd_p1000,mcp4-n080-r08-09,229.2928607478263,5038.500150000001,5038.500150000001,0.0,5.992194654,223.3006660938263,220.06782878099997,220.03641257700002,244,237,2646,1046,1924,,,,,
sd_p1000,mcp4-n080-r08-10,178.49215157239942,4610.000100000001,4610.0001,0.0,6.178604438,172.3135471343994,169.82156607599995,169.79950405299996,181,171,1858,1049,1930,,,,,
sd_p1000,mcp4-n080-r10-01,49.22724155589502,3691.0001500000026,3691.0001500000026,0.0,4.051348726,45.17589282989502,44.705321932,44.69719583900001,74,67,208,1053,1918,,,,,
sd_p1000,mcp4-n080-r10-02,73.09187123047913,3995.25015,3995.25015,0.0,4.190309255,68.90156197547913,68.34069769599996,68.32584469799997,115,109,300,1055,1922,,,,,
sd_p1000,mcp4-n080-r10-03,67.92962474542469,4124.000099999999,4124.000099999999,0.0,3.917094657,64.01253008842468,63.196832806,63.17963781800002,139,131,592,1055,1922,,,,,
sd_p1000,mcp4-n080-r10-04,25.8916337629187,4292.0002,4292.0002,0.0,2.80689074,23.0847430229187,22.737630176999996,22.733392799000004,44,41,60,1052,1916,,,,,
sd_p1000,mcp4-n080-r10-05,64.32667552120606,3823.000199999999,3823.000199999999,0.0,4.03280841,60.293867111206055,59.587275228,59.57417720999998,111,105,590,1060,1932,,,,,
sd_p1000,mcp4-n080-r10-06,33.127870670999634,4038.000100000001,4038.000100000001,0.0,3.760028712,29.367841958999634,28.855262456,28.850168919,58,53,152,1072,1956,,,,,
sd_p1000,mcp4-n080-r10-07,20.22872115916699,3943.0001,3943.0001,0.0,3.148248213,17.080472946166992,16.786133963999998,16.782100928,52,48,66,1061,1934,,,,,
sd_p1000,mcp4-n080-r10-08,15.140212896390747,4339.000099999998,4339.000099999998,0.0,3.420551899,11.719660997390747,11.41263265,11.4101985,31,29,50,1041,1894,,,,,
sd_p1000,mcp4-n080-r10-09,36.151484395314085,3860.0001,3860.0001,0.0,4.343651439,31.807832956314087,31.40197074800001,31.396298600000005,61,55,207,1038,1888,,,,,
sd_p1000,mcp4-n080-r10-10,36.45739107284509,4385.500150000001,4385.500150000001,0.0,3.461804916,32.99558615684509,32.567195719,32.561620374,66,62,235,1047,1906,,,,,
sd_p1000,mcp4-n080-r12-01,15.828873858231567,3733.000100000002,3733.0001000000025,0.0,1.457553849,14.371320009231567,14.091383095,14.086907784000001,35,32,24,1040,1879,,,,,
sd_p1000,mcp4-n080-r12-02,15.112437520106079,3525.5001500000003,3525.5001500000003,0.0,2.427012477,12.685425043106079,12.417820146999999,12.413775327,35,31,89,1064,1927,,,,,
sd_p1000,mcp4-n080-r12-03,46.607455399320315,3056.0001000000007,3056.0001000000007,0.0,3.109576371,43.49787902832031,42.930533778000026,42.911241519000015,141,132,416,1058,1915,,,,,
sd_p1000,mcp4-n080-r12-04,10.102396079060425,3247.0002,3247.0002,0.0,2.401788064,7.700608015060425,7.334167928,7.331630409999999,22,20,63,1065,1929,,,,,
sd_p1000,mcp4-n080-r12-05,34.52546506328186,3280.000100000001,3280.000100000001,0.0,3.11902409,31.40644097328186,30.92641746399999,30.915934948999986,83,78,180,1033,1865,,,,,
sd_p1000,mcp4-n080-r12-06,22.950160835131715,3081.333466666668,3081.333466666668,0.0,2.558594797,20.391566038131714,20.067003616000008,20.060087799000005,66,61,157,1044,1887,,,,,
sd_p1000,mcp4-n080-r12-07,33.625435389966796,2996.0001999999995,2996.0001999999995,0.0,3.013363399,30.612071990966797,30.03868496700001,30.027282616,101,94,328,1053,1905,,,,,
sd_p1000,mcp4-n080-r12-08,50.109655589950684,2750.0001,2750.0001,0.0,4.048865528,46.060790061950684,45.30161165599999,45.28527910099997,118,111,452,1049,1897,,,,,
sd_p1000,mcp4-n080-r12-09,15.910624937939575,3034.0001,3034.0001,0.0,2.283107953,13.627516984939575,13.305627073999997,13.300778739000002,41,36,47,1038,1875,,,,,
sd_p1000,mcp4-n080-r12-10,57.83948814565222,3249.0001,3249.0001,0.0,3.059767124,54.77972102165222,54.155462142999994,54.136059844000016,136,129,276,1056,1911,,,,,
sd_p1000,mcp4-n080-r14-01,18.265079180895142,2692.0001,2692.0001,0.0,2.052295129,16.21278405189514,15.887741834,15.880776565000003,51,44,127,1059,1908,,,,,
sd_p1000,mcp4-n080-r14-02,19.553546852659913,2471.0001999999995,2471.0001999999995,0.0,2.215303845,17.338243007659912,16.961785583,16.953426011999998,64,58,150,1051,1892,,,,,
sd_p1000,mcp4-n080-r14-03,45.66650478143555,2417.500150000002,2417.500150000002,0.0,1.91557781,43.75092697143555,42.979926458999984,42.95977052499998,139,130,667,1054,1898,,,,,
sd_p1000,mcp4-n080-r14-04,29.526152432552614,2289.0000999999997,2289.0000999999997,0.0,2.080137313,27.446015119552612,26.959815915000004,26.948504584000005,90,82,375,1045,1880,,,,,
sd_p1000,mcp4-n080-r14-05,6.99887152280896,2817.000100000001,2817.000100000001,0.0,1.618399578,5.38047194480896,5.06409719,5.061867061999999,20,18,20,1047,1884,,,,,
sd_p1000,mcp4-n080-r14-06,10.41371396977417,2750.50015,2750.50015,0.0,1.699584045,8.71412992477417,8.39985703,8.397345954,27,23,55,1045,1880,,,,,
sd_p1000,mcp4-n080-r14-07,39.02961331032287,2926.0000999999997,2926.0000999999997,0.0,1.501159245,37.528454065322876,37.051260838999994,36.976551310000005,156,153,117,1047,1884,,,,,
sd_p1000,mcp4-n080-r14-08,33.53129073320825,2455.5001499999994,2455.5001499999994,0.0,1.825334751,31.705955982208252,31.289687054,31.276876773999987,92,88,239,1054,1898,,,,,
sd_p1000,mcp4-n080-r14-09,20.184299465038574,2462.5001499999994,2462.5001499999994,0.0,2.182923313,18.001376152038574,17.477812249999996,17.468645910999992,75,72,227,1048,1886,,,,,
sd_p1000,mcp4-n080-r14-10,6.71243932635022,2858.000133333334,2858.000133333334,0.0,1.152773408,5.55966591835022,5.415181867,5.413106464,18,15,1,1036,1862,,,,,
sd_p1000,mcp4-n080-r16-01,9.3943026337583,2328.0000999999997,2328.0000999999997,0.0,1.210406569,8.1838960647583,7.946504687000001,7.9428858339999975,33,29,35,1054,1890,,,,,
sd_p1000,mcp4-n080-r16-02,12.86503709130725,2142.5001500000008,2142.5001500000008,0.0,1.552800067,11.312237024307251,10.982994971000002,10.978382131000004,46,41,93,1047,1876,,,,,
sd_p1000,mcp4-n080-r16-03,16.381732749599,1936.5001500000014,1936.5001500000014,0.0,1.344787645,15.036945104598999,14.642621343000004,14.635483784000002,67,58,191,1041,1864,,,,,
sd_p1000,mcp4-n080-r16-04,35.2384227524989,2156.75015,2156.75015,0.0,0.922982813,34.3154399394989,33.694267231000005,33.676707116,150,142,458,1046,1874,,,,,
sd_p1000,mcp4-n080-r16-05,6.134980058045288,2229.0001,2229.0001,0.0,1.940524196,4.194455862045288,3.9022611710000006,3.900636556,19,15,54,1055,1892,,,,,
sd_p1000,mcp4-n080-r16-06,4.6161379780856935,2299.000100000001,2299.000100000001,0.0,1.421625134,3.1945128440856934,2.9663643440000005,2.964627736,18,16,29,1045,1872,,,,,
sd_p1000,mcp4-n080-r16-07,36.26939758896314,2319.6668333333323,2319.6668333333323,0.0,1.691796633,34.577600955963135,33.97271513300001,33.95334549199998,141,132,508,1049,1880,,,,,
sd_p1000,mcp4-n080-r16-08,9.077658265940064,1812.0001000000016,1812.0001000000016,0.0,1.644373268,7.4332849979400635,7.113764325,7.111368939999999,33,29,48,1043,1868,,,,,
sd_p1000,mcp4-n080-r16-09,6.50777260557605,1992.000100000001,1992.000100000001,0.0,1.849736612,4.65803599357605,4.342969079,4.341293159,24,22,51,1057,1896,,,,,
sd_p1000,mcp4-n080-r16-10,20.196306256646118,1627.0001000000002,1627.0001000000002,0.0,1.66544321,18.530863046646118,18.038771366000002,18.02986424700001,95,85,394,1030,1842,,,,,
sd_p1000,mcp4-n090-r08-01,88.4391939797229,6051.333466666664,6051.333466666664,0.0,8.324846045,80.1143479347229,79.535238307,79.52757704999999,60,56,228,1120,2052,,,,,
sd_p1000,mcp4-n090-r08-02,72.86676183946668,6350.0001,6350.0001,0.0,7.028885758,65.83787608146667,65.290104932,65.283046684,60,53,230,1120,2052,,,,,
sd_p1000,mcp4-n090-r08-03,174.1177247022274,6544.400120000005,6544.400120000005,0.0,7.928440616,166.18928408622742,164.88666973499997,164.8661593619999,136,127,1040,1121,2054,,,,,
sd_p1000,mcp4-n090-r08-04,201.70745334778405,5604.0002,5604.539871167048,9.630106134674032e-5,8.862556316,192.84489703178406,191.28556741,191.2673258170001,143,138,1242,1106,2024,,,,,
sd_p1000,mcp4-n090-r08-05,242.93828932243946,5733.500149999997,5733.500149999997,0.0,9.165046372,233.77324295043945,232.29711955699986,232.27442121400006,172,162,1138,1114,2040,,,,,
sd_p1000,mcp4-n090-r08-06,260.31304433442676,6854.833483333327,6854.8334833333265,0.0,8.999535347,251.31350898742676,250.34517802600007,250.3247440449999,146,139,641,1119,2050,,,,,
sd_p1000,mcp4-n090-r08-07,105.851165780151,6628.500149999997,6629.078101102172,8.719183662908509e-5,7.710864791,98.140300989151,97.57854461699998,97.57072698099999,70,65,302,1119,2050,,,,,
sd_p1000,mcp4-n090-r08-08,603.8829654468233,5870.000150000002,5870.000150000002,0.0,9.141298653,594.7416667938232,592.504863582,592.4594936999999,286,273,1356,1111,2034,,,,,
sd_p1000,mcp4-n090-r08-09,68.76489433113831,5690.50015,5690.50015,0.0,7.974952305,60.789942026138306,60.12736457200001,60.120930737,51,48,340,1115,2042,,,,,
sd_p1000,mcp4-n090-r08-10,233.8817023444535,6615.000100000001,6615.42867142857,6.478781891006018e-5,8.905031364,224.9766709804535,224.273386283,224.25870270400006,109,101,366,1117,2046,,,,,
sd_p1000,mcp4-n090-r10-01,175.01279809437708,5127.50015,5127.50015,0.0,7.020657086,167.99214100837708,167.22161152299998,167.20816813000005,129,120,524,1136,2061,,,,,
sd_p1000,mcp4-n090-r10-02,135.44114859551843,4945.000200000002,4945.000200000002,0.0,6.166472511,129.27467608451843,128.44173534100003,128.41587407099996,194,188,470,1116,2021,,,,,
sd_p1000,mcp4-n090-r10-03,75.91268365050244,4279.000100000001,4279.000100000001,0.0,7.468804523,68.44387912750244,67.793122864,67.78563971099999,67,60,309,1119,2027,,,,,
sd_p1000,mcp4-n090-r10-04,92.35044401296679,4416.000100000003,4416.000100000002,0.0,6.613372022,85.7370719909668,85.047479529,85.03541458200003,106,98,372,1119,2027,,,,,
sd_p1000,mcp4-n090-r10-05,207.30934181802564,4297.000100000001,4297.000100000001,0.0,7.603200823,199.70614099502563,198.27905987600002,198.258181389,172,166,973,1125,2039,,,,,
sd_p1000,mcp4-n090-r10-06,86.94957509359362,4412.0001999999995,4412.0001999999995,0.0,6.977250007,79.97232508659363,79.36520826700003,79.35798260300001,76,71,416,1121,2031,,,,,
sd_p1000,mcp4-n090-r10-07,40.33877190010938,4309.000099999999,4309.000099999999,0.0,6.219783863,34.118988037109375,33.595108808,33.59012398100001,49,45,186,1120,2029,,,,,
sd_p1000,mcp4-n090-r10-08,47.16777060623022,4828.000133333339,4828.000133333339,0.0,4.850691539,42.317079067230225,41.72483193,41.719632806999996,58,53,131,1109,2007,,,,,
sd_p1000,mcp4-n090-r10-09,133.57495043143237,5061.000099999999,5061.000099999999,0.0,5.865226482,127.70972394943237,126.92694030799996,126.91262908700006,142,132,381,1104,1997,,,,,
sd_p1000,mcp4-n090-r10-10,189.81435951443933,4562.40014,4562.40014,0.0,6.279179661,183.53517985343933,181.19170984000002,181.16681716499997,209,200,1362,1114,2017,,,,,
sd_p1000,mcp4-n090-r12-01,81.71893842488232,3706.400139999997,3706.400139999997,0.0,5.014498308,76.70444011688232,76.076867448,76.06011299900003,110,105,455,1096,1966,,,,,
sd_p1000,mcp4-n090-r12-02,77.42839023359167,3871.000149999997,3871.000149999997,0.0,4.851012199,72.57737803459167,71.889226135,71.87536262999997,112,106,402,1087,1948,,,,,
sd_p1000,mcp4-n090-r12-03,102.57482791467444,3755.0001,3755.0001,0.0,5.756685739,96.81814217567444,96.073537586,96.04785618999999,177,168,488,1106,1986,,,,,
sd_p1000,mcp4-n090-r12-04,71.66864849318823,3608.0001500000008,3608.0001500000008,0.0,5.960118544,65.70852994918823,65.12033135700001,65.10356093099998,110,106,342,1104,1982,,,,,
sd_p1000,mcp4-n090-r12-05,42.700721416609255,3550.0001000000025,3550.0001000000025,0.0,5.121554289,37.57916712760925,37.123037235,37.112693959,81,75,230,1092,1958,,,,,
sd_p1000,mcp4-n090-r12-06,112.22437641254895,3339.0002,3339.0002,0.0,5.062832328,107.16154408454895,106.46104761799995,106.434612719,198,191,293,1096,1966,,,,,
sd_p1000,mcp4-n090-r12-07,52.76103123888843,3782.500149999997,3782.500149999997,0.0,4.184686272,48.57634496688843,48.09779570500001,48.088647017000014,64,59,86,1108,1990,,,,,
sd_p1000,mcp4-n090-r12-08,41.737344580767456,3672.0001,3672.0001,0.0,6.091294366,35.646050214767456,34.74236207500002,34.736665597,58,54,228,1102,1978,,,,,
sd_p1000,mcp4-n090-r12-09,26.52947304325183,4184.000099999998,4184.000099999998,0.0,3.469757057,23.05971598625183,22.688837861,22.680857488,69,66,37,1104,1982,,,,,
sd_p1000,mcp4-n090-r12-10,74.63094759782312,3350.333466666668,3350.333466666668,0.0,5.605859526,69.02508807182312,68.00170514,67.985763368,118,113,749,1098,1970,,,,,
sd_p1000,mcp4-n090-r14-01,52.36679399923133,3413.0001,3413.0001,0.0,2.969647059,49.39714694023132,48.979578021,48.968940506999985,90,83,112,1111,1986,,,,,
sd_p1000,mcp4-n090-r14-02,20.663352714225464,3182.00015,3182.00015,0.0,3.589718805,17.073633909225464,16.739966776000003,16.736026991000003,34,31,74,1103,1970,,,,,
sd_p1000,mcp4-n090-r14-03,50.32004471017615,3149.0002000000004,3149.0002000000004,0.0,4.152417614,46.16762709617615,45.66465922100001,45.65380639499999,84,77,169,1085,1934,,,,,
sd_p1000,mcp4-n090-r14-04,26.72213001660388,3646.0001,3646.0001,0.0,3.287661032,23.434468984603882,23.056426815,23.04963907299999,62,57,112,1115,1994,,,,,
sd_p1000,mcp4-n090-r14-05,43.33758939757825,3044.000100000002,3044.000100000002,0.0,4.029183283,39.30840611457825,38.81809860800001,38.807052381000005,86,79,199,1114,1992,,,,,
sd_p1000,mcp4-n090-r14-06,73.03720410355542,3399.3334666666665,3399.3334666666665,0.0,3.729019003,69.30818510055542,68.696501948,68.68016180500001,131,120,355,1103,1970,,,,,
sd_p1000,mcp4-n090-r14-07,77.536457061182,2659.6668333333337,2659.6668333333337,0.0,3.516020059,74.020437002182,73.05872431800002,73.03694089900003,173,166,730,1115,1994,,,,,
sd_p1000,mcp4-n090-r14-08,43.45149755033398,2623.500133333334,2623.500133333334,0.0,4.536645408,38.914852142333984,38.383893891,38.373410359,86,77,307,1110,1984,,,,,
sd_p1000,mcp4-n090-r14-09,51.392648916111696,2984.0001999999995,2984.0001999999995,0.0,4.232883911,47.159765005111694,46.32137803399999,46.30486670200001,107,102,592,1101,1966,,,,,
sd_p1000,mcp4-n090-r14-10,37.77520791502136,2664.000100000001,2664.000100000001,0.0,3.737212815,34.03799510002136,33.550428617,33.540386398,88,79,273,1099,1962,,,,,
sd_p1000,mcp4-n090-r16-01,42.42944791203064,2082.333466666664,2082.333466666664,0.0,3.370923065,39.05852484703064,38.43387146000001,38.42417273300002,108,101,546,1098,1952,,,,,
sd_p1000,mcp4-n090-r16-02,33.19039733255151,2594.0001500000008,2594.0001500000008,0.0,3.076403211,30.113994121551514,29.618579816,29.610134249000016,100,95,311,1099,1954,,,,,
sd_p1000,mcp4-n090-r16-03,33.754049098306766,2573.3334666666665,2573.3334666666665,0.0,3.011251962,30.742797136306763,30.36317768999999,30.354848868,90,85,201,1116,1988,,,,,
sd_p1000,mcp4-n090-r16-04,40.143574106741454,2174.0001400000015,2174.0001400000015,0.0,3.322151053,36.821423053741455,35.838281933999994,35.82771840200001,110,102,934,1110,1976,,,,,
sd_p1000,mcp4-n090-r16-05,10.95923794715857,2710.0001499999994,2710.0001499999994,0.0,2.309024944,8.65021300315857,8.316728457,8.314631757999999,27,24,53,1104,1964,,,,,
sd_p1000,mcp4-n090-r16-06,12.457941226408447,2677.000100000001,2677.000100000001,0.0,3.232803039,9.225138187408447,8.769022604999998,8.766602747,28,26,45,1102,1960,,,,,
sd_p1000,mcp4-n090-r16-07,13.032268464251098,2343.0001500000008,2343.0001500000008,0.0,2.359915435,10.672353029251099,10.381039288,10.377176374999998,37,35,90,1100,1956,,,,,
sd_p1000,mcp4-n090-r16-08,18.778980942118288,2537.0001000000007,2537.0001000000007,0.0,2.019668074,16.759312868118286,16.430077406000002,16.424792619999998,56,51,111,1119,1994,,,,,
sd_p1000,mcp4-n090-r16-09,28.655876238118285,2431.000200000002,2431.000200000002,0.0,3.628985245,25.026890993118286,24.39444171,24.386671820000004,82,77,331,1091,1938,,,,,
sd_p1000,mcp4-n090-r16-10,33.56268928709058,2754.000100000001,2754.000100000001,0.0,2.232371313,31.330317974090576,30.904386675,30.895586167999994,90,84,196,1088,1932,,,,,
sd_p1000,mcp4-n100-r08-01,904.5828266137491,6727.000200000004,6727.000200000004,0.0,12.251709699,892.3311169147491,887.8125063039997,887.7449460649995,373,365,2482,1158,2107,,,,,
sd_p1000,mcp4-n100-r08-02,628.5249042332832,7489.764852941182,7489.764852941182,0.0,10.531019193,617.9938850402832,614.9974317449994,614.9435525959993,341,331,1272,1158,2107,,,,,
sd_p1000,mcp4-n100-r08-03,501.6646113900763,7652.500150000008,7652.5608703511925,7.934707611145877e-6,11.46306639,490.2015450000763,488.9044711310001,488.84463346700005,163,155,950,1155,2101,,,,,
sd_p1000,mcp4-n100-r08-04,208.55473570212865,6973.666799999997,6973.666799999997,0.0,11.030762714,197.52397298812866,196.30716888799995,196.29169570899995,120,114,891,1153,2097,,,,,
sd_p1000,mcp4-n100-r08-05,178.1376306451024,7837.000099999999,7837.571528571429,7.29141972869633e-5,10.094098512,168.04353213310242,167.115975353,167.10438803100007,99,95,538,1174,2139,,,,,
sd_p1000,mcp4-n100-r08-06,943.9332507247606,6773.400139999997,6774.000100000002,8.857589801346249e-5,13.771077692,930.1621730327606,925.3310755819999,925.2780268229997,325,316,3282,1174,2139,,,,,
sd_p1000,mcp4-n100-r08-07,1649.2384583601254,7155.000150000001,7155.692082436166,9.670613859668315e-5,14.208595241,1635.0298631191254,1621.7439255210013,1621.633197485,590,580,10131,1160,2111,,,,,
sd_p1000,mcp4-n100-r08-08,687.3121064069738,7455.000166666667,7455.000166666667,0.0,12.40409354,674.9080128669739,670.1711988430001,670.1114559570003,392,383,2560,1165,2121,,,,,
sd_p1000,mcp4-n100-r08-09,88.01791077048951,8006.000100000001,8006.000100000001,0.0,11.2130168,76.8048939704895,76.259516383,76.25657419800001,30,28,142,1147,2085,,,,,
sd_p1000,mcp4-n100-r08-10,229.1449142220305,7545.000100000001,7545.000100000001,0.0,10.912343097,218.23257112503052,217.563434992,217.54779152000003,109,101,230,1168,2127,,,,,
sd_p1000,mcp4-n100-r10-01,223.00231513691773,5748.000100000005,5748.000100000005,0.0,9.620905015,213.38141012191772,212.36147762100006,212.34087933799998,157,151,658,1140,2046,,,,,
sd_p1000,mcp4-n100-r10-02,65.76447100010644,5565.500150000005,5565.500150000005,0.0,9.071887916,56.692583084106445,56.232739007000006,56.229025991,35,32,156,1146,2058,,,,,
sd_p1000,mcp4-n100-r10-03,87.64215335770166,5742.0001999999995,5742.0001999999995,0.0,8.964456176,78.67769718170166,78.11233207500001,78.10754468099996,45,40,205,1149,2064,,,,,
sd_p1000,mcp4-n100-r10-04,97.92142196000256,5337.000099999999,5337.000099999999,0.0,8.922096923,88.99932503700256,88.388649945,88.38091560599997,70,65,315,1177,2120,,,,,
sd_p1000,mcp4-n100-r10-05,220.14396177729455,5641.600119999989,5641.600119999989,0.0,8.715286841,211.42867493629456,209.55535790599995,209.53455675900005,147,142,1670,1168,2102,,,,,
sd_p1000,mcp4-n100-r10-06,119.22088869584655,4740.285857142856,4740.285857142856,0.0,9.20252975,110.01835894584656,109.02720158699998,109.01589255300001,98,93,644,1171,2108,,,,,
sd_p1000,mcp4-n100-r10-07,237.27202522776355,4962.000099999999,4962.000099999999,0.0,9.527197242,227.74482798576355,225.28613103499998,225.2661690919999,155,146,1392,1165,2096,,,,,
sd_p1000,mcp4-n100-r10-08,372.5924356137697,5207.200239999998,5207.200239999998,0.0,10.958124653,361.63431096076965,360.4698925949999,360.44423336800014,189,179,778,1156,2078,,,,,
sd_p1000,mcp4-n100-r10-09,217.645618000568,5493.000199999999,5493.000199999999,0.0,9.910683909,207.734934091568,206.725158304,206.7056502800001,141,133,524,1176,2118,,,,,
sd_p1000,mcp4-n100-r10-10,152.24326799823535,5179.000099999999,5179.000099999999,0.0,8.540820107,143.70244789123535,143.06623894900002,143.05390241999996,112,105,320,1139,2044,,,,,
sd_p1000,mcp4-n100-r12-01,65.16446056536414,4715.000100000001,4715.000100000001,0.0,6.293726589,58.870733976364136,58.461358394,58.452643165,63,59,83,1175,2100,,,,,
sd_p1000,mcp4-n100-r12-02,108.31455149920227,4416.750149999996,4416.750149999996,0.0,8.588140395,99.72641110420227,98.953179036,98.940268769,93,86,375,1164,2078,,,,,
sd_p1000,mcp4-n100-r12-03,62.484703119967776,4371.0001,4371.0001,0.0,6.561876353,55.92282676696777,55.316037606000016,55.309411472000015,61,55,272,1153,2056,,,,,
sd_p1000,mcp4-n100-r12-04,124.16085787359887,4026.000100000002,4026.000100000002,0.0,8.533850866,115.62700700759888,114.59525078800003,114.58042213599997,117,112,887,1141,2032,,,,,
sd_p1000,mcp4-n100-r12-05,108.13073415822595,4321.0001,4321.0001,0.0,7.138050986,100.99268317222595,100.00196620599998,99.98257004499999,152,143,680,1163,2076,,,,,
sd_p1000,mcp4-n100-r12-06,65.97038870680994,4808.000100000001,4808.000100000001,0.0,7.167833861,58.80255484580994,58.143757883,58.135656775,68,62,179,1163,2076,,,,,
sd_p1000,mcp4-n100-r12-07,110.2523446661991,4274.000200000002,4274.000200000002,0.0,6.631589709,103.6207549571991,102.832426362,102.81357756099997,127,121,503,1155,2060,,,,,
sd_p1000,mcp4-n100-r12-08,68.74386210597706,4097.000133333329,4097.000133333329,0.0,6.730193092,62.01366901397705,61.563189912999995,61.55607337800001,59,55,190,1163,2076,,,,,
sd_p1000,mcp4-n100-r12-09,208.32289958743542,4716.0001,4716.0001,0.0,8.591285713,199.73161387443542,198.84021025700002,198.81470648899995,180,171,524,1161,2072,,,,,
sd_p1000,mcp4-n100-r12-10,121.80659235078382,3990.0001,3990.0001,0.0,6.734696513,115.07189583778381,114.46251586100001,114.44303565300002,146,137,280,1166,2082,,,,,
sd_p1000,mcp4-n100-r14-01,135.38501486489636,3127.0001,3127.0001,0.0,7.715427968,127.66958689689636,126.41735494200003,126.39090420099998,188,177,746,1164,2066,,,,,
sd_p1000,mcp4-n100-r14-02,37.66402857925281,3279.000100000001,3279.000100000001,0.0,6.647073442,31.016955137252808,30.361863894000003,30.354760638,40,38,331,1156,2050,,,,,
sd_p1000,mcp4-n100-r14-03,41.17623005231702,3916.000100000001,3916.000100000001,0.0,5.941992143,35.23423790931702,34.87113297399999,34.863725971,56,50,102,1149,2036,,,,,
sd_p1000,mcp4-n100-r14-04,50.88210149838379,3715.000100000001,3715.000100000001,0.0,4.128521405,46.75358009338379,46.406171829,46.39847250299999,68,63,94,1160,2058,,,,,
sd_p1000,mcp4-n100-r14-05,66.43441384527868,3551.000100000001,3551.000100000001,0.0,4.412925894,62.02148795127869,61.510468966999994,61.502070232,75,69,123,1153,2044,,,,,
sd_p1000,mcp4-n100-r14-06,128.98241520713512,3210.000149999998,3210.000149999998,0.0,7.720004328,121.26241087913513,119.93869596600001,119.91532973099994,178,173,1059,1154,2046,,,,,
sd_p1000,mcp4-n100-r14-07,29.662887533163328,3198.000199999999,3198.000199999999,0.0,5.818057497,23.84483003616333,23.368434824,23.362940419,43,40,225,1149,2036,,,,,
sd_p1000,mcp4-n100-r14-08,34.149923457227295,3560.000100000001,3560.000100000001,0.0,4.681124343,29.468799114227295,29.133448172999994,29.128352056999997,39,36,44,1155,2048,,,,,
sd_p1000,mcp4-n100-r14-09,82.55013784290881,3627.750162499996,3628.0000999999997,6.889600683846786e-5,4.922333802,77.62780404090881,77.09234717400001,77.07618216200002,129,122,216,1154,2046,,,,,
sd_p1000,mcp4-n100-r14-10,50.52551190173181,3540.600140000003,3540.600140000003,0.0,6.097011011,44.42850089073181,43.888673546999996,43.88177085000001,64,58,235,1166,2070,,,,,
sd_p1000,mcp4-n100-r16-01,27.784450414500853,3241.0001,3241.0001,0.0,3.478360298,24.306090116500854,23.910762586000008,23.906328833,51,46,115,1162,2053,,,,,
sd_p1000,mcp4-n100-r16-02,42.32708841960694,2910.00015,2910.00015,0.0,4.14807326,38.179015159606934,37.64086137200001,37.632030642,102,92,211,1157,2043,,,,,
sd_p1000,mcp4-n100-r16-03,30.212131431340453,3159.0001000000007,3159.0001000000007,0.0,3.404544523,26.807586908340454,26.465714646000002,26.460646577000002,56,52,69,1158,2045,,,,,
sd_p1000,mcp4-n100-r16-04,50.64115888418994,3067.0001,3067.0001,0.0,4.841933077,45.79922580718994,45.27308742399998,45.263654561,74,67,82,1154,2037,,,,,
sd_p1000,mcp4-n100-r16-05,51.416057037087526,2811.000100000001,2811.000100000001,0.0,5.170128988,46.245928049087524,45.604160357999994,45.589221697999996,109,101,359,1160,2049,,,,,
sd_p1000,mcp4-n100-r16-06,14.175129934204467,2984.000100000001,2984.000100000001,0.0,4.362801834,9.812328100204468,9.476721609,9.474452582,24,22,77,1151,2031,,,,,
sd_p1000,mcp4-n100-r16-07,12.803545846063477,2678.0001,2678.0001,0.0,5.395501031,7.408044815063477,7.021690046,7.020010348,19,17,119,1158,2045,,,,,
sd_p1000,mcp4-n100-r16-08,60.55501792216736,3016.000200000001,3016.000200000001,0.0,4.311136935,56.24388098716736,55.60736660299999,55.59625591900002,123,118,448,1154,2037,,,,,
sd_p1000,mcp4-n100-r16-09,32.29337746609131,2889.0001599999996,2889.000159999999,0.0,4.856946535,27.43643093109131,27.00640193,27.001216254,60,56,188,1152,2033,,,,,
sd_p1000,mcp4-n100-r16-10,19.422804466398315,2992.0001,2992.0001,0.0,3.536981455,15.885823011398315,15.558673462,15.555271143999999,38,34,49,1152,2033,,,,,
sd_p1000,mcp4-n110-r08-01,752.1714839916933,7634.0002,7634.0002,0.0,21.426218031,730.7452659606934,727.874453146,727.8470773489997,174,167,1597,1209,2190,,,,,
sd_p1000,mcp4-n110-r08-02,458.7328120671454,7522.000099999996,7522.000099999996,0.0,23.28560104,435.4472110271454,433.2712341089998,433.256150756,105,101,1719,1196,2164,,,,,
sd_p1000,mcp4-n110-r08-03,1190.2261575765217,8261.000150000007,8261.000150000007,0.0,21.255981595,1168.9701759815216,1165.8987716610002,1165.863973167,193,184,1027,1207,2186,,,,,
sd_p1000,mcp4-n110-r08-04,613.84978800575,8120.000100000003,8120.000100000003,0.0,20.875666912,592.97412109375,590.4681426769998,590.4410676379997,176,170,1177,1207,2186,,,,,
sd_p1000,mcp4-n110-r08-05,333.5764311894413,7733.333500000004,7733.333500000004,0.0,23.115054284,310.4613769054413,308.923659468,308.91350166,71,68,1148,1195,2162,,,,,
sd_p1000,mcp4-n110-r08-06,2232.7744283893317,8346.666799999995,8346.666799999995,0.0,24.390369437,2208.3840589523315,2205.001474994999,2204.946063697999,291,283,1809,1206,2184,,,,,
sd_p1000,mcp4-n110-r08-07,3217.7593251027524,7014.900120000009,7014.900120000009,0.0,28.510270194,3189.2490549087524,3184.676327274001,3184.6036122970004,362,354,2312,1198,2168,,,,,
sd_p1000,mcp4-n110-r08-08,735.5655407516141,8720.333500000002,8720.333500000002,0.0,23.807599744,711.7579410076141,710.5620069690001,710.5419055249997,150,147,616,1212,2196,,,,,
sd_p1000,mcp4-n110-r08-09,2062.947207614412,8865.833466666674,8865.833466666674,0.0,24.734473392,2038.212734222412,2035.417401996,2035.3793964339993,216,209,1663,1202,2176,,,,,
sd_p1000,mcp4-n110-r08-10,1359.2834753237305,7896.000200000001,7896.339722641514,4.299932027766455e-5,23.608652278,1335.6748230457306,1326.827318095,1326.756692370999,402,397,6465,1208,2188,,,,,
sd_p1000,mcp4-n110-r10-01,380.50105129948645,5975.000099999999,5975.355655555552,5.9507204954374827e-5,15.577422254,364.92362904548645,363.5081333579999,363.48968291399996,126,118,1015,1225,2194,,,,,
sd_p1000,mcp4-n110-r10-02,648.4593317653834,5588.0001,5588.54341450094,9.722879227223733e-5,16.339644685,632.1196870803833,629.5750614169997,629.5353593499998,221,211,1535,1197,2138,,,,,
sd_p1000,mcp4-n110-r10-03,181.9449089086085,6293.200140000004,6293.200140000004,0.0,15.880057863,166.06485104560852,165.04091621200004,165.03209514099993,72,68,614,1196,2136,,,,,
sd_p1000,mcp4-n110-r10-04,404.8082761992074,5736.000100000001,5736.000100000001,0.0,15.507043146,389.3012330532074,387.25283482999987,387.22248116099996,181,176,1594,1194,2132,,,,,
sd_p1000,mcp4-n110-r10-05,1188.2843539990208,6081.666799999997,6081.666799999997,0.0,16.381986884,1171.9023671150208,1167.2877197910002,1167.175690341,548,543,2102,1194,2132,,,,,
sd_p1000,mcp4-n110-r10-06,224.8837640601886,6171.000100000001,6171.000100000001,0.0,12.71495107,212.1688129901886,211.28794996399998,211.271172885,115,109,431,1195,2134,,,,,
sd_p1000,mcp4-n110-r10-07,429.59442781793166,6631.000100000001,6631.553291489364,8.342504614992977e-5,15.093355888,414.50107192993164,413.76063617200003,413.748360417,101,95,297,1214,2172,,,,,
sd_p1000,mcp4-n110-r10-08,353.44896502560545,6140.000150000003,6140.285814285717,4.652512682986164e-5,18.03295703,335.41600799560547,333.4375084959999,333.418428276,147,141,1626,1220,2184,,,,,
sd_p1000,mcp4-n110-r10-09,216.66339702230945,6376.00015,6376.00015,0.0,16.874618002,199.78877902030945,198.95032858099998,198.94493528600003,47,43,365,1191,2126,,,,,
sd_p1000,mcp4-n110-r10-10,677.6984978673191,6065.000140000004,6065.000140000004,0.0,17.409374809,660.2891230583191,657.4336641690002,657.3912317559997,258,251,2200,1182,2108,,,,,
sd_p1000,mcp4-n110-r12-01,57.8202365112843,5279.500149999994,5279.500149999994,0.0,8.648627348,49.1716091632843,48.80848142299999,48.804252278999996,28,25,48,1196,2118,,,,,
sd_p1000,mcp4-n110-r12-02,167.62442142595043,4376.0001,4376.0001,0.0,12.553429433,155.07099199295044,154.10332149599998,154.08825589799997,101,95,589,1201,2128,,,,,
sd_p1000,mcp4-n110-r12-03,95.11004363168152,5184.0001,5184.000100000001,0.0,11.98033558,83.12970805168152,82.61658105800001,82.610593066,41,38,179,1212,2150,,,,,
sd_p1000,mcp4-n110-r12-04,81.98797329939258,4269.000099999999,4269.000099999999,0.0,11.703225222,70.28474807739258,69.67379905700002,69.666191227,57,54,255,1204,2134,,,,,
sd_p1000,mcp4-n110-r12-05,209.82852584112328,4786.500149999999,4786.500149999999,0.0,13.492219746,196.3363060951233,193.55330074299997,193.529583531,168,162,1892,1200,2126,,,,,
sd_p1000,mcp4-n110-r12-06,341.0712836329066,4867.666800000003,4867.818281818181,3.112000562129298e-5,12.423927838,328.6473557949066,327.2693742970001,327.235972627,227,220,1044,1200,2126,,,,,
sd_p1000,mcp4-n110-r12-07,462.18896145878847,5195.500150000001,5195.500150000001,0.0,11.81480856,450.37415289878845,448.24236297600004,448.1890896810004,313,305,973,1198,2122,,,,,
sd_p1000,mcp4-n110-r12-08,228.18763557239538,4649.555699999999,4649.555699999999,0.0,13.966498764,214.22113680839539,213.114994728,213.09794756899993,118,109,712,1210,2146,,,,,
sd_p1000,mcp4-n110-r12-09,580.7991430029485,4766.000166666668,4766.000166666668,0.0,11.888723062,568.9104199409485,566.5367959610002,566.4794367280005,313,306,1374,1209,2144,,,,,
sd_p1000,mcp4-n110-r12-10,351.3431565587228,4922.000099999998,4922.000099999998,0.0,12.742262346,338.6008942127228,337.76270298399993,337.7250908879999,211,203,336,1183,2092,,,,,
sd_p1000,mcp4-n110-r14-01,34.31578614752295,4101.800180000001,4101.800180000001,0.0,6.834337974,27.48144817352295,27.096617499999997,27.093631534999997,27,24,97,1188,2089,,,,,
sd_p1000,mcp4-n110-r14-02,104.39177868294752,4067.000133333332,4067.000133333332,0.0,9.782347893,94.60943078994751,93.94310144500005,93.93148320200001,90,86,356,1192,2097,,,,,
sd_p1000,mcp4-n110-r14-03,160.56500405473278,4554.0001,4554.0001,0.0,8.087467138,152.4775369167328,151.36345644899998,151.33932136900006,179,171,697,1204,2121,,,,,
sd_p1000,mcp4-n110-r14-04,113.2521572059607,4383.0001,4383.0001,0.0,7.01394319,106.2382140159607,105.75950271800002,105.742534307,134,131,65,1194,2101,,,,,
sd_p1000,mcp4-n110-r14-05,298.95363351841627,3578.0000999999997,3578.0000999999997,0.0,9.547144623,289.40648889541626,288.18133366200016,288.14208011300013,233,223,769,1206,2125,,,,,
sd_p1000,mcp4-n110-r14-06,177.23494676190978,3597.0002000000054,3597.0002000000054,0.0,10.51318482,166.7217619419098,165.91977833099995,165.90261020900004,133,128,471,1189,2091,,,,,
sd_p1000,mcp4-n110-r14-07,255.51174129111376,4315.166799999999,4315.166799999999,0.0,8.736544262,246.77519702911377,246.02137276199986,245.98703973500005,216,209,308,1216,2145,,,,,
sd_p1000,mcp4-n110-r14-08,106.67800231120141,4166.666799999997,4166.666799999997,0.0,7.889517261,98.78848505020142,98.14019522200003,98.127854721,110,103,348,1192,2097,,,,,
sd_p1000,mcp4-n110-r14-09,51.26838821378162,4067.000200000002,4067.000200000002,0.0,7.671081247,43.597306966781616,43.124744332,43.117337332000005,66,62,204,1193,2099,,,,,
sd_p1000,mcp4-n110-r14-10,306.77413721612197,3643.000199999997,3643.000199999997,0.0,10.822150188,295.95198702812195,293.1863952789998,293.1506215650001,260,252,1990,1200,2113,,,,,
sd_p1000,mcp4-n110-r16-01,58.67261298107569,3365.0001,3365.0001,0.0,5.452399091,53.220213890075684,52.65698170999999,52.64931125499999,80,77,136,1203,2109,,,,,
sd_p1000,mcp4-n110-r16-02,110.988270542662,3295.0001,3295.0001,0.0,6.099048636,104.88922190666199,104.301305792,104.28705559399998,143,138,264,1197,2097,,,,,
sd_p1000,mcp4-n110-r16-03,68.99298330370861,3681.0002000000004,3681.0002000000004,0.0,6.521080218,62.47190308570862,62.049687814999984,62.04233612500001,81,74,182,1194,2091,,,,,
sd_p1000,mcp4-n110-r16-04,31.37090005450366,3299.3335,3299.3335,0.0,7.546389957,23.824510097503662,23.409706190999998,23.405749872,33,29,138,1212,2127,,,,,
sd_p1000,mcp4-n110-r16-05,49.801097345275025,3513.0001,3513.0001,0.0,5.175408554,44.625688791275024,44.25153046800002,44.245040280999994,66,60,86,1203,2109,,,,,
sd_p1000,mcp4-n110-r16-06,186.2156456560487,3310.500149999999,3310.5001499999985,0.0,5.847610578,180.3680350780487,178.58150983700003,178.556897471,235,224,1753,1179,2061,,,,,
sd_p1000,mcp4-n110-r16-07,114.48321848281775,3346.0001000000007,3346.000100000001,0.0,5.962203554,108.52101492881775,107.865491045,107.849427068,120,113,301,1199,2101,,,,,
sd_p1000,mcp4-n110-r16-08,58.44275546890662,3322.0001499999994,3322.0001499999994,0.0,5.557118424,52.885637044906616,52.457722209999986,52.450451477,83,78,123,1209,2121,,,,,
sd_p1000,mcp4-n110-r16-09,75.9617536889923,3576.0001,3576.0001,0.0,6.65894755,69.30280613899231,68.72288212500001,68.71216832,98,92,278,1190,2083,,,,,
sd_p1000,mcp4-n110-r16-10,40.710440919541746,3257.0001,3257.0001,0.0,7.819228933,32.89121198654175,32.412348482,32.407423777999995,40,36,150,1196,2095,,,,,
sd_p1000,mcp4-n120-r08-01,3335.648645104528,9001.000100000003,9001.000100000003,0.0,37.014468135,3298.634176969528,3293.718453723999,3293.6377971970005,363,356,2256,1254,2259,,,,,
sd_p1000,mcp4-n120-r08-02,3919.725180527916,9066.375150000007,10197.423073375136,0.12475194382124455,38.233512542,3881.491667985916,3877.8425075339983,3877.782767262001,268,262,1773,1241,2233,,,,,
sd_p1000,mcp4-n120-r08-03,2445.1346417427567,8502.636518181818,8502.636518181818,0.0,35.730894661,2409.4037470817566,2396.926655703001,2396.8545305750004,393,388,8217,1257,2265,,,,,
sd_p1000,mcp4-n120-r08-04,4457.8215983997825,8878.000100000003,10015.403771245366,0.12811485226783936,39.571085323,4418.250513076782,4413.842256973,4413.659383361998,452,445,1828,1234,2219,,,,,
sd_p1000,mcp4-n120-r08-05,1845.3117263801892,8998.400140000016,8998.400140000016,0.0,35.745348502,1809.566377878189,1807.3835687509995,1807.3527887639998,177,169,1454,1240,2231,,,,,
sd_p1000,mcp4-n120-r08-06,3603.494105993179,8924.500150000003,10079.519349342647,0.129421164202977,41.81543511,3561.6786708831787,3557.132807984001,3557.013717347003,529,523,1732,1247,2245,,,,,
sd_p1000,mcp4-n120-r08-07,3761.1770077982,7997.840176,10520.625646460805,0.31543334387091226,46.319716815,3714.8572909832,3711.7449392540025,3711.652382059001,529,521,1089,1235,2221,,,,,
sd_p1000,mcp4-n120-r08-08,2506.1702261156797,9321.750124999986,9321.750124999986,0.0,44.984293241,2461.1859328746796,2457.4573136760005,2457.4240960449993,221,213,1887,1240,2231,,,,,
sd_p1000,mcp4-n120-r08-09,4097.619323569838,7731.500150000007,9671.255984454867,0.2508899691937351,52.824629623,4044.7946939468384,4027.4291948549994,4027.3200217530025,577,570,9021,1235,2221,,,,,
sd_p1000,mcp4-n120-r08-10,3749.739425787158,8484.000199999999,9871.062610728295,0.16349155799504775,30.144762644,3719.594663143158,3717.057050099001,3717.002631409001,304,294,846,1246,2243,,,,,
sd_p1000,mcp4-n120-r10-01,1847.6400179649552,6709.5001500000035,6710.114970135074,9.16342680267558e-5,23.468158939,1824.1718590259552,1816.7335963820008,1816.6454852539994,432,424,3933,1232,2185,,,,,
sd_p1000,mcp4-n120-r10-02,2562.279168650737,7276.0001,7276.0001,0.0,25.172766492,2537.106402158737,2533.310590229001,2533.1870995759996,570,562,1261,1237,2195,,,,,
sd_p1000,mcp4-n120-r10-03,676.2760950917265,7147.000149999994,7147.000149999993,0.0,25.642682969,650.6334121227264,648.241508634,648.2226073720001,128,123,888,1248,2217,,,,,
sd_p1000,mcp4-n120-r10-04,1721.7919041648922,7145.333466666667,7145.333466666667,0.0,22.163728191,1699.6281759738922,1696.1317250699992,1696.075759816999,330,319,2020,1246,2213,,,,,
sd_p1000,mcp4-n120-r10-05,791.2620177585965,6967.000100000002,6967.000100000002,0.0,24.568147691,766.6938700675964,765.0339954030002,765.012925013,151,141,1224,1237,2195,,,,,
sd_p1000,mcp4-n120-r10-06,652.7453894720969,7058.000100000001,7058.000100000001,0.0,24.580712329,628.1646771430969,626.3020717360001,626.273964284,200,191,699,1233,2187,,,,,
sd_p1000,mcp4-n120-r10-07,922.5267666295981,7019.0001,7019.0001,0.0,26.556653829,895.9701128005981,894.7540420679999,894.7297857869995,163,154,632,1244,2209,,,,,
sd_p1000,mcp4-n120-r10-08,733.7427602984075,7300.000100000001,7300.0001,0.0,22.695564387,711.0471959114075,708.9154684239999,708.8949323839996,137,130,985,1249,2219,,,,,
sd_p1000,mcp4-n120-r10-09,911.3291944411874,6495.000100000005,6495.000100000005,0.0,24.386715546,886.9424788951874,885.7597641780001,885.739985328,128,126,718,1247,2215,,,,,
sd_p1000,mcp4-n120-r10-10,580.0882304409366,6770.6667999999945,6770.666799999995,0.0,24.199618409,555.8886120319366,554.0276701660001,554.0124851319998,109,104,1324,1227,2175,,,,,
sd_p1000,mcp4-n120-r12-01,214.5110987074684,5697.000100000001,5697.000100000001,0.0,15.783698643,198.72740006446838,198.00879506100003,197.99562019100006,102,95,341,1244,2189,,,,,
sd_p1000,mcp4-n120-r12-02,395.58767325107164,5520.000200000011,5520.000200000011,0.0,17.905182187,377.68249106407166,375.07964511100016,375.05279045699996,178,172,1123,1240,2181,,,,,
sd_p1000,mcp4-n120-r12-03,194.7847003705492,5226.000150000002,5226.000150000002,0.0,18.025936342,176.7587640285492,176.25422198800004,176.24311315999998,79,74,213,1239,2179,,,,,
sd_p1000,mcp4-n120-r12-04,962.3424886533007,5197.000149999997,5197.000149999997,0.0,18.614392645,943.7280960083008,940.852669368,940.8002069509995,296,286,1733,1242,2185,,,,,
sd_p1000,mcp4-n120-r12-05,775.0076117065971,5477.0001,5477.472170964343,8.619152012476547e-5,18.975206807,756.0324048995972,754.6768821770003,754.6300281489998,282,273,800,1237,2175,,,,,
sd_p1000,mcp4-n120-r12-06,890.3718068237681,5150.300150000002,5150.300150000002,0.0,18.873331749,871.4984750747681,868.7749741230001,868.7325303609998,269,262,1722,1235,2171,,,,,
sd_p1000,mcp4-n120-r12-07,413.5500708089713,5552.000100000002,5552.000100000003,0.0,19.418726729,394.1313440799713,392.76321451900014,392.736093719,174,167,1091,1241,2183,,,,,
sd_p1000,mcp4-n120-r12-08,485.19562740840394,5772.666799999999,5773.162327602903,8.584032650283507e-5,19.14991756,466.04570984840393,464.90731864500003,464.8178332689998,176,167,717,1238,2177,,,,,
sd_p1000,mcp4-n120-r12-09,284.50274616633885,5736.000100000001,5736.000100000001,0.0,19.032167019,265.47057914733887,264.44267577299996,264.4289325969999,114,107,478,1242,2185,,,,,
sd_p1000,mcp4-n120-r12-10,452.5105728079382,5593.000100000001,5593.000100000001,0.0,18.85721864,433.65335416793823,432.43491631900014,432.341053288,182,173,759,1239,2179,,,,,
sd_p1000,mcp4-n120-r14-01,60.775931389838505,4963.000100000001,4963.0001,0.0,15.571299346,45.2046320438385,44.73580658,44.731153496,32,30,74,1226,2139,,,,,
sd_p1000,mcp4-n120-r14-02,527.7805291827743,4841.00015,4841.000150000001,0.0,12.482633036,515.2978961467743,513.974387685,513.9270104239996,263,249,679,1247,2181,,,,,
sd_p1000,mcp4-n120-r14-03,288.67170362655173,4269.333466666672,4269.333466666672,0.0,15.603067686,273.06863594055176,271.398635374,271.3680971130002,196,189,1078,1222,2131,,,,,
sd_p1000,mcp4-n120-r14-04,231.63861929646217,4003.0001499999985,4003.0001499999985,0.0,18.648140304,212.99047899246216,212.03272336999999,212.02040973,85,81,654,1240,2167,,,,,
sd_p1000,mcp4-n120-r14-05,275.96203087025486,4559.000100000001,4559.000100000001,0.0,13.550346834,262.4116840362549,261.58051201099994,261.55893754400006,155,147,416,1236,2159,,,,,
sd_p1000,mcp4-n120-r14-06,237.87549104759728,4695.000120000004,4695.000120000004,0.0,14.480023051,223.3954679965973,222.54662602999997,222.4637144699999,130,123,404,1251,2189,,,,,
sd_p1000,mcp4-n120-r14-07,1355.6066788564729,4324.3334666666715,4324.580391970803,5.7101355858687245e-5,14.440084828,1341.166594028473,1332.5686953179988,1332.4461115600013,595,582,5229,1234,2155,,,,,
sd_p1000,mcp4-n120-r14-08,266.30133707940456,4333.000199999993,4333.000199999993,0.0,12.883671121,253.41766595840454,252.3596399630001,252.33670474900015,151,146,787,1237,2161,,,,,
sd_p1000,mcp4-n120-r14-09,300.7848219288844,4077.0000999999997,4077.0000999999997,0.0,14.357527913,286.4272940158844,285.3033628719998,285.2772987180001,179,171,716,1228,2143,,,,,
sd_p1000,mcp4-n120-r14-10,259.156477909792,4344.0001,4344.0001,0.0,12.421463948,246.735013961792,246.0228321510001,245.99776493300016,178,169,333,1227,2141,,,,,
sd_p1000,mcp4-n120-r16-01,173.64739018345153,3533.000100000002,3533.000100000002,0.0,9.72386938,163.92352080345154,163.06918629900002,163.04536287799996,168,158,478,1236,2148,,,,,
sd_p1000,mcp4-n120-r16-02,764.1126663492374,4065.0001499999994,4065.00015,0.0,9.638536434,754.4741299152374,739.9046371410004,739.7885811409998,564,555,9214,1236,2148,,,,,
sd_p1000,mcp4-n120-r16-03,112.66139941271692,4025.4001400000056,4025.4001400000056,0.0,7.372299481,105.28909993171692,104.653790343,104.64071593999999,109,104,290,1234,2144,,,,,
sd_p1000,mcp4-n120-r16-04,125.79240511460608,3979.0001,3979.0001,0.0,11.754441009,114.03796410560608,113.231584206,113.21593549500002,120,110,552,1247,2170,,,,,
sd_p1000,mcp4-n120-r16-05,42.501291678221556,3748.000100000001,3748.000100000001,0.0,9.401145623,33.10014605522156,32.658849622000005,32.611872270999996,32,30,73,1248,2172,,,,,
sd_p1000,mcp4-n120-r16-06,118.730763150844,3716.0001500000035,3716.0001500000035,0.0,12.555479242,106.175283908844,105.30748200799998,105.29757511299995,85,81,516,1242,2160,,,,,
sd_p1000,mcp4-n120-r16-07,142.76922322488377,3743.5001999999995,3743.5001999999995,0.0,10.165057194,132.6041660308838,131.79631393599993,131.77817825900001,132,126,436,1240,2156,,,,,
sd_p1000,mcp4-n120-r16-08,283.62121389426244,3480.333466666668,3480.333466666668,0.0,13.076570969,270.54464292526245,269.30816196399985,269.281199442,211,196,960,1236,2148,,,,,
sd_p1000,mcp4-n120-r16-09,62.78743300957336,3623.0001,3623.0001,0.0,9.3003789,53.487054109573364,52.960450091,52.955062545,50,45,181,1230,2136,,,,,
sd_p1000,mcp4-n120-r16-10,291.89872938472377,3788.0001333333294,3788.3334333333346,8.798838127599106e-5,12.301533521,279.59719586372375,278.72696099500007,278.69282798999996,217,212,427,1235,2146,,,,,
sd_p1500,mcp4-n070-r08-01,40.64248815318823,4283.000133333331,4283.000133333331,0.0,3.400755079,37.24173307418823,36.42381172100001,36.411683016000005,116,109,567,1295,2443,,,,,
sd_p1500,mcp4-n070-r08-02,56.46790684048999,4517.50015,4517.50015,0.0,3.327947982,53.13995885848999,52.29517269300001,52.28230882199999,111,104,578,1264,2381,,,,,
sd_p1500,mcp4-n070-r08-03,58.4285654196637,3691.0002000000013,3691.0002000000013,0.0,3.39591328,55.032652139663696,48.091219301999985,48.07748297400001,122,118,4937,1279,2411,,,,,
sd_p1500,mcp4-n070-r08-04,45.26325780106836,4690.000099999999,4690.000099999999,0.0,2.545579731,42.71767807006836,42.23508423700001,42.22533983400001,85,78,103,1278,2409,,,,,
sd_p1500,mcp4-n070-r08-05,101.79669401586695,3845.000100000001,3845.000100000001,0.0,3.648750996,98.14794301986694,90.33129449299999,90.30075014300003,235,223,6702,1259,2371,,,,,
sd_p1500,mcp4-n070-r08-06,35.459855488090454,4825.000150000002,4825.000150000002,0.0,3.285569361,32.174286127090454,31.66665826100001,31.659130343000008,68,60,124,1289,2431,,,,,
sd_p1500,mcp4-n070-r08-07,36.913795257593016,3732.0001000000075,3732.0001000000075,0.0,3.858348156,33.05544710159302,32.147110336,32.13768316500001,89,82,571,1261,2375,,,,,
sd_p1500,mcp4-n070-r08-08,58.374351914859865,4167.000099999999,4167.000099999999,0.0,3.664927896,54.70942401885986,53.151904263999995,53.135206508999985,147,138,817,1272,2397,,,,,
sd_p1500,mcp4-n070-r08-09,28.347330300531983,4190.000100000001,4190.000100000001,0.0,3.284369199,25.062961101531982,24.504791489999995,24.497574352,65,60,278,1274,2401,,,,,
sd_p1500,mcp4-n070-r08-10,15.29569517671875,4291.000099999999,4291.000099999999,0.0,3.019633165,12.27606201171875,11.949003982,11.945893662,32,28,39,1261,2375,,,,,
sd_p1500,mcp4-n070-r10-01,25.379020995227293,3716.000200000001,3716.000200000001,0.0,1.961003131,23.418017864227295,22.753495713999996,22.740771557000002,102,96,430,1263,2361,,,,,
sd_p1500,mcp4-n070-r10-02,38.837064082116086,3023.0001500000008,3023.0001500000008,0.0,2.72226196,36.11480212211609,33.97860163599999,33.963185045,106,100,1394,1246,2327,,,,,
sd_p1500,mcp4-n070-r10-03,14.796538370934693,3403.0001,3403.0001,0.0,2.925920266,11.870618104934692,11.500228366000004,11.495445343,42,39,83,1241,2317,,,,,
sd_p1500,mcp4-n070-r10-04,56.815233992881105,3412.250149999996,3412.4189475648645,4.946810973642362e-5,1.854706096,54.9605278968811,44.61497128799997,44.589563566,177,170,7194,1268,2371,,,,,
sd_p1500,mcp4-n070-r10-05,20.5483991457478,3104.0001,3104.0001,0.0,1.970741923,18.577657222747803,18.045888418999997,18.038286377000002,65,58,152,1248,2331,,,,,
sd_p1500,mcp4-n070-r10-06,51.36003584917761,3933.0002000000004,3933.0002000000004,0.0,0.620807839,50.73922801017761,49.708025223999975,49.683419038000004,181,170,669,1258,2351,,,,,
sd_p1500,mcp4-n070-r10-07,24.181950186220703,3412.0001000000007,3412.0001000000007,0.0,1.472855185,22.709095001220703,22.166967019000012,22.156784311000003,83,77,138,1272,2379,,,,,
sd_p1500,mcp4-n070-r10-08,33.34648391352295,3314.000150000001,3314.000150000001,0.0,1.65019199,31.69629192352295,31.101289462,31.086521217999998,120,112,266,1258,2351,,,,,
sd_p1500,mcp4-n070-r10-09,65.91000082022009,3319.666800000002,3319.666800000002,0.0,3.024033804,62.88596701622009,55.13430953099999,55.111818596999974,162,154,3900,1283,2401,,,,,
sd_p1500,mcp4-n070-r10-10,57.342933381472534,4003.50015,4003.50015,0.0,1.277247394,56.065685987472534,53.65087669800002,53.62801771800003,177,163,980,1269,2373,,,,,
sd_p1500,mcp4-n070-r12-01,20.53938750447815,2717.0001799999995,2717.0001799999995,0.0,1.64193968,18.89744782447815,18.361610866,18.352089331999995,85,78,229,1263,2350,,,,,
sd_p1500,mcp4-n070-r12-02,25.034669878287353,2701.3334666666633,2701.3334666666633,0.0,1.57554579,23.459124088287354,22.740573010000002,22.72607275599999,111,103,478,1271,2366,,,,,
sd_p1500,mcp4-n070-r12-03,8.389495802215087,2729.000100000001,2729.000100000001,0.0,1.359818888,7.029676914215088,6.577431812000001,6.573980328,36,32,53,1247,2318,,,,,
sd_p1500,mcp4-n070-r12-04,11.81868558554358,2555.0001,2555.0001,0.0,2.129964644,9.688720941543579,9.325043277000002,9.320832551,40,36,84,1258,2340,,,,,
sd_p1500,mcp4-n070-r12-05,32.98705764101233,2196.0001399999987,2196.0001399999987,0.0,2.704403594,30.28265404701233,29.70865937100001,29.696066792999986,109,100,313,1277,2378,,,,,
sd_p1500,mcp4-n070-r12-06,14.812577814892823,2249.0001,2249.0001,0.0,1.628851981,13.183725833892822,12.88919053,12.882391253000003,55,51,99,1243,2310,,,,,
sd_p1500,mcp4-n070-r12-07,24.754950005712523,2338.5002000000004,2338.5002000000004,0.0,2.182605941,22.572344064712524,21.914231622999996,21.903792374,87,77,319,1240,2304,,,,,
sd_p1500,mcp4-n070-r12-08,25.439705842967406,2860.3334666666665,2860.3334666666665,0.0,1.643177742,23.796528100967407,23.058749579000004,23.047443631,94,87,332,1282,2388,,,,,
sd_p1500,mcp4-n070-r12-09,13.655776521313111,2674.0001,2674.0001,0.0,1.457526466,12.19825005531311,11.815942610999997,11.809252077999997,55,50,148,1295,2414,,,,,
sd_p1500,mcp4-n070-r12-10,11.74930382317871,2880.0002000000018,2880.0002000000018,0.0,1.41047669,10.338827133178711,9.965328685999998,9.960049232999998,47,43,91,1262,2348,,,,,
sd_p1500,mcp4-n070-r14-01,14.569120524629273,2391.6667999999954,2391.6667999999954,0.0,1.713230489,12.855890035629272,12.301482153999999,12.286641035999997,87,79,288,1248,2311,,,,,
sd_p1500,mcp4-n070-r14-02,48.36913377851355,1915.5001499999992,1915.5001499999992,0.0,1.464637824,46.90449595451355,45.66783318499997,45.623702269999995,235,217,794,1236,2287,,,,,
sd_p1500,mcp4-n070-r14-03,12.751200013594726,2035.5715714285757,2035.5715714285757,0.0,1.089432054,11.661767959594727,11.169839079,11.161594901999997,54,50,202,1276,2367,,,,,
sd_p1500,mcp4-n070-r14-04,15.313247788276367,2220.0001500000008,2220.0001500000008,0.0,0.63136493,14.681882858276367,14.143124923000004,14.132569094999997,72,64,50,1272,2359,,,,,
sd_p1500,mcp4-n070-r14-05,24.56639526772876,1797.500149999999,1797.500149999999,0.0,1.767206177,22.79918909072876,21.457162128999983,21.441858064999998,127,118,754,1249,2313,,,,,
sd_p1500,mcp4-n070-r14-06,14.645662837748535,2060.000200000003,2060.000200000003,0.0,1.858377033,12.787285804748535,12.302502913999996,12.294409899999996,71,65,270,1216,2247,,,,,
sd_p1500,mcp4-n070-r14-07,17.434720927146973,2126.0001,2126.0001,0.0,1.054799014,16.379921913146973,15.828996252000003,15.820868653,94,84,204,1280,2375,,,,,
sd_p1500,mcp4-n070-r14-08,28.11216672668396,1959.0001000000002,1959.0001000000002,0.0,1.35986861,26.75229811668396,25.35570141600001,25.34190537000001,137,129,810,1283,2381,,,,,
sd_p1500,mcp4-n070-r14-09,10.212662859554444,1995.000100000001,1995.000100000001,0.0,1.176170035,9.036492824554443,8.698581546000002,8.694733397999999,44,40,69,1277,2369,,,,,
sd_p1500,mcp4-n070-r14-10,23.097910971189208,2080.0001,2080.0001,0.0,1.682141871,21.41576910018921,20.964519227000004,20.956637127000004,97,88,187,1255,2325,,,,,
sd_p1500,mcp4-n070-r16-01,4.5450446640063475,2000.0001000000025,2000.0691168270148,3.450841178073911e-5,0.68529487,3.8597497940063477,3.644969664999999,3.6420342269999995,27,25,4,1249,2307,,,,,
sd_p1500,mcp4-n070-r16-02,13.951418754012085,1713.0001000000002,1713.0001000000002,0.0,0.580437776,13.370980978012085,12.805201448999998,12.794251432000001,93,84,190,1250,2310,,,,,
sd_p1500,mcp4-n070-r16-03,15.604183948737916,1780.0001333333337,1780.000133333334,0.0,1.098700083,14.505483865737915,14.046012144999999,14.035213382000002,89,83,228,1249,2307,,,,,
sd_p1500,mcp4-n070-r16-04,13.582108635525513,2174.0001499999985,2174.0001499999985,0.0,0.85328855,12.728820085525513,10.467364395,10.457404455,82,77,2314,1231,2271,,,,,
sd_p1500,mcp4-n070-r16-05,10.37791281480786,1872.0001000000002,1872.0001000000004,0.0,0.938836868,9.439075946807861,9.010865369,9.003340911000002,68,63,170,1242,2293,,,,,
sd_p1500,mcp4-n070-r16-06,31.429396384065917,1821.2501250000014,1821.2501250000014,0.0,1.023761504,30.405634880065918,27.43025064199999,27.407971665,158,150,2507,1258,2325,,,,,
sd_p1500,mcp4-n070-r16-07,28.97663527032849,1802.5001499999998,1802.5001499999998,0.0,1.708216243,27.26841902732849,26.443883230000008,26.421657910000004,160,151,566,1226,2261,,,,,
sd_p1500,mcp4-n070-r16-08,6.927326281620117,1836.0001000000004,1836.0001000000004,0.0,1.092184146,5.835142135620117,5.5186756930000005,5.514400111999999,41,38,40,1241,2291,,,,,
sd_p1500,mcp4-n070-r16-09,8.824227868227052,1988.000100000001,1988.0001000000009,0.0,1.173351823,7.650876045227051,7.320151157000001,7.314549912,46,42,49,1258,2325,,,,,
sd_p1500,mcp4-n070-r16-10,20.546113993573364,1810.000166666667,1810.0001666666667,0.0,0.750466134,19.795647859573364,19.001288995000003,18.982503331000004,143,137,524,1231,2271,,,,,
sd_p1500,mcp4-n080-r08-01,58.90806290828882,4810.833483333326,4810.833483333326,0.0,5.234759781,53.67330312728882,52.72013591599999,52.711371699,75,71,595,1386,2604,,,,,
sd_p1500,mcp4-n080-r08-02,44.767069736576175,5122.000300000003,5122.000300000003,0.0,4.843626896,39.92344284057617,39.196871424,39.188739997000006,54,50,262,1381,2594,,,,,
sd_p1500,mcp4-n080-r08-03,230.07205839501478,6000.000100000003,6000.000100000003,0.0,4.889470533,225.18258786201477,216.23545734599995,216.20395827900015,242,235,5814,1386,2604,,,,,
sd_p1500,mcp4-n080-r08-04,28.90946229336206,5927.111266666664,5927.111266666664,0.0,4.324082216,24.58538007736206,24.137703874,24.134706068,28,25,65,1366,2564,,,,,
sd_p1500,mcp4-n080-r08-05,38.850141347044435,5400.000100000001,5400.000100000001,0.0,5.665877164,33.184264183044434,32.533789764000005,32.527026225,46,40,169,1369,2570,,,,,
sd_p1500,mcp4-n080-r08-06,299.91446581263193,4848.000200000004,4848.000200000004,0.0,5.260640768,294.65382504463196,283.4792706229999,283.426543354,307,296,7426,1381,2594,,,,,
sd_p1500,mcp4-n080-r08-07,37.60936991932068,4926.000149999993,4926.000149999993,0.0,4.94808285,32.66128706932068,32.18330246200001,32.1791125,39,36,129,1368,2568,,,,,
sd_p1500,mcp4-n080-r08-08,88.24654761416015,5168.000100000003,5168.000100000003,0.0,5.394092475,82.85245513916016,81.79379297800003,81.776040137,110,103,541,1394,2620,,,,,
sd_p1500,mcp4-n080-r08-09,203.27617596833167,5038.500149999998,5038.857242857146,7.087284837096179e-5,6.029053919,197.24712204933167,193.79660527299998,193.7703539689999,196,189,2577,1376,2584,,,,,
sd_p1500,mcp4-n080-r08-10,237.3295820517898,4610.000100000001,4610.0001,0.0,6.223453836,231.1061282157898,227.7964019160001,227.75923890800007,253,238,2057,1399,2630,,,,,
sd_p1500,mcp4-n080-r10-01,65.8286593905702,3691.0001500000026,3691.0001500000026,0.0,4.023433303,61.80522608757019,61.23044264600001,61.215550757,101,93,230,1350,2512,,,,,
sd_p1500,mcp4-n080-r10-02,80.97920289876868,3995.2501500000003,3995.25015,0.0,4.202521714,76.77668118476868,76.06634130200001,76.04435106900003,137,130,334,1384,2580,,,,,
sd_p1500,mcp4-n080-r10-03,77.04276308050098,4124.000099999999,4124.0001,0.0,3.926344242,73.11641883850098,72.03410233699995,72.010831669,169,161,661,1386,2584,,,,,
sd_p1500,mcp4-n080-r10-04,24.05824007551123,4292.000199999999,4292.000199999999,0.0,2.913271089,21.14496898651123,20.726076001,20.721502493000003,40,36,62,1369,2550,,,,,
sd_p1500,mcp4-n080-r10-05,194.47465271235205,3823.000200000001,3823.000200000001,0.0,4.146774714,190.32787799835205,181.3011672399999,181.25192168000004,317,304,3840,1366,2544,,,,,
sd_p1500,mcp4-n080-r10-06,52.323948562250244,4038.0001,4038.221749484538,5.48909061537468e-5,3.935224712,48.388723850250244,47.69114091399999,47.676645645000015,98,91,305,1371,2554,,,,,
sd_p1500,mcp4-n080-r10-07,32.03071851517224,3943.0001,3943.0001,0.0,3.215485523,28.81523299217224,28.31637369400001,28.307585552000003,71,64,108,1372,2556,,,,,
sd_p1500,mcp4-n080-r10-08,12.937533049927612,4339.000099999999,4339.000099999999,0.0,3.552308946,9.385224103927612,9.008940072,9.006478691000002,22,20,52,1350,2512,,,,,
sd_p1500,mcp4-n080-r10-09,33.67398992365906,3860.0001,3860.0001,0.0,4.427969845,29.246020078659058,28.74932834,28.742078767999995,57,51,207,1371,2554,,,,,
sd_p1500,mcp4-n080-r10-10,37.61545423795666,4385.500150000003,4385.500150000003,0.0,3.575119298,34.040334939956665,33.481036905,33.47222688800001,68,64,250,1384,2580,,,,,
sd_p1500,mcp4-n080-r12-01,18.648474055056884,3733.0001,3733.0001,0.0,1.543102103,17.105371952056885,16.74705689,16.742359194,33,31,24,1396,2591,,,,,
sd_p1500,mcp4-n080-r12-02,35.85103163639062,3525.5001500000017,3525.5001500000017,0.0,2.543261861,33.307769775390625,32.897216799999995,32.881436276,94,91,88,1376,2551,,,,,
sd_p1500,mcp4-n080-r12-03,38.473406486643185,3056.0000999999997,3056.0000999999997,0.0,3.197073393,35.27633309364319,34.520055621,34.501774549,118,109,371,1399,2597,,,,,
sd_p1500,mcp4-n080-r12-04,12.74286508401355,3247.000200000001,3247.000200000001,0.0,2.312001942,10.43086314201355,9.922742418,9.919197642999997,29,26,57,1355,2509,,,,,
sd_p1500,mcp4-n080-r12-05,28.572837905678224,3280.0001,3280.0001,0.0,3.003645973,25.569191932678223,25.011055876,25.00190259099999,78,74,180,1344,2487,,,,,
sd_p1500,mcp4-n080-r12-06,18.586794768460326,3081.3334666666656,3081.3334666666656,0.0,2.503199731,16.083595037460327,15.691101923000003,15.685071908999996,53,48,173,1347,2493,,,,,
sd_p1500,mcp4-n080-r12-07,25.944017377512207,2996.0001999999986,2996.0001999999986,0.0,3.078137365,22.865880012512207,22.25750932300001,22.247456133,77,72,313,1363,2525,,,,,
sd_p1500,mcp4-n080-r12-08,19.983575054174803,2750.0001,2750.0001,0.0,3.997142025,15.986433029174805,15.276677899999994,15.270849750000004,45,42,292,1384,2567,,,,,
sd_p1500,mcp4-n080-r12-09,13.242594214989502,3034.0001,3034.0001,0.0,2.241411182,11.001183032989502,10.544704145999999,10.539994369000002,36,32,54,1358,2515,,,,,
sd_p1500,mcp4-n080-r12-10,17.965563388934694,3249.0000999999993,3249.0000999999993,0.0,2.909398409,15.056164979934692,14.569357202000006,14.563761954,46,42,170,1369,2537,,,,,
sd_p1500,mcp4-n080-r14-01,40.754599345378175,2692.0001,2692.0001000000007,0.0,2.287859214,38.466740131378174,37.818002010000015,37.801226768,109,104,322,1382,2554,,,,,
sd_p1500,mcp4-n080-r14-02,24.044451964304198,2471.000199999999,2471.000199999999,0.0,2.425979865,21.6184720993042,21.096769309000003,21.088821726,71,65,158,1357,2504,,,,,
sd_p1500,mcp4-n080-r14-03,74.26725296249401,2417.5001500000017,2417.7254768265802,9.320654088834957e-5,1.958711903,72.30854105949402,67.06417402699998,67.03326825900002,207,196,3614,1368,2526,,,,,
sd_p1500,mcp4-n080-r14-04,31.013926954578125,2289.000100000001,2289.000100000001,0.0,2.115458937,28.898468017578125,28.300406976,28.288526262999998,95,88,371,1371,2532,,,,,
sd_p1500,mcp4-n080-r14-05,11.05925301283557,2817.0001,2817.0001,0.0,1.671650922,9.387602090835571,8.974697248,8.971151420999998,33,30,21,1359,2508,,,,,
sd_p1500,mcp4-n080-r14-06,10.474417702041992,2750.5001500000008,2750.5001500000008,0.0,1.758446709,8.715970993041992,8.312078383,8.308557856,28,24,55,1371,2532,,,,,
sd_p1500,mcp4-n080-r14-07,29.90765413040161,2926.000100000001,2926.000100000001,0.0,1.63319,28.27446413040161,27.651947460000006,27.638541207000006,97,92,303,1315,2420,,,,,
sd_p1500,mcp4-n080-r14-08,33.073053764917724,2455.500149999999,2455.500149999999,0.0,2.037346768,31.035706996917725,30.516068541000003,30.503208628999996,90,84,228,1358,2506,,,,,
sd_p1500,mcp4-n080-r14-09,19.851498994943846,2462.500150000002,2462.500150000002,0.0,2.38200799,17.469491004943848,16.764657783,16.753929341000003,70,63,246,1380,2550,,,,,
sd_p1500,mcp4-n080-r14-10,8.64157440349585,2858.000133333332,2858.000133333332,0.0,1.223024389,7.41855001449585,7.103141245,7.100175487,26,22,20,1371,2532,,,,,
sd_p1500,mcp4-n080-r16-01,27.555414310490967,2328.000100000001,2328.000100000001,0.0,1.270716301,26.284698009490967,25.843604881,25.82904299699999,105,100,138,1356,2494,,,,,
sd_p1500,mcp4-n080-r16-02,11.22373817525293,2142.5001500000008,2142.5001500000008,0.0,1.580048066,9.64369010925293,9.251257038,9.246721684999999,39,34,93,1375,2532,,,,,
sd_p1500,mcp4-n080-r16-03,18.362684769252684,1936.5001499999998,1936.5001499999998,0.0,1.320120854,17.042563915252686,16.629123030999995,16.619068831999996,74,65,200,1386,2554,,,,,
sd_p1500,mcp4-n080-r16-04,69.11319900396118,2156.7501500000017,2156.7501500000017,0.0,0.8992951,68.21390390396118,58.777798995000055,58.73065413400005,266,259,6506,1360,2502,,,,,
sd_p1500,mcp4-n080-r16-05,16.395970395227295,2229.0001,2229.0001,0.0,1.911546281,14.484424114227295,13.996968259000003,13.989938318,57,51,158,1386,2554,,,,,
sd_p1500,mcp4-n080-r16-06,6.412638298637451,2299.0000999999997,2299.0000999999997,0.0,1.409255139,5.003383159637451,4.705923394999999,4.703063097999999,27,24,28,1363,2508,,,,,
sd_p1500,mcp4-n080-r16-07,72.32971391411658,2319.6668333333355,2319.6777328065746,4.698723576357704e-6,1.676721904,70.65299201011658,64.21492364699996,64.17999493900004,253,242,4861,1363,2508,,,,,
sd_p1500,mcp4-n080-r16-08,30.47785479326709,1812.000100000002,1812.000100000002,0.0,1.630954807,28.84689998626709,27.975040860999997,27.96087199000001,125,117,552,1354,2490,,,,,
sd_p1500,mcp4-n080-r16-09,29.587808230762572,1992.0001000000002,1992.0001000000002,0.0,1.829516271,27.758291959762573,27.15783892799999,27.142654685999997,125,113,261,1343,2468,,,,,
sd_p1500,mcp4-n080-r16-10,24.17792882623767,1627.0001,1627.0001,0.0,1.667125842,22.51080298423767,21.88745782100001,21.873249246000004,114,105,353,1331,2444,,,,,
sd_p1500,mcp4-n090-r08-01,76.55145576095386,6051.333466666669,6051.333466666669,0.0,8.500243927,68.05121183395386,67.30284010499999,67.29587229599997,50,46,234,1467,2746,,,,,
sd_p1500,mcp4-n090-r08-02,95.91543075954895,6350.0000999999975,6350.0000999999975,0.0,7.050761675,88.86466908454895,88.17713658499997,88.16832682600001,65,60,230,1479,2770,,,,,
sd_p1500,mcp4-n090-r08-03,121.97297792039295,6544.400120000002,6544.400120000002,0.0,7.979899927,113.99307799339294,112.837781679,112.821694943,113,108,631,1459,2730,,,,,
sd_p1500,mcp4-n090-r08-04,241.8905565473667,5604.0002,5604.0002,0.0,8.723622534,233.1669340133667,230.52866383399993,230.5015435149999,175,168,1352,1450,2712,,,,,
sd_p1500,mcp4-n090-r08-05,339.29589269177404,5733.500149999998,5733.500149999998,0.0,9.132325864,330.16356682777405,327.77068488700013,327.731866334,236,228,1648,1480,2772,,,,,
sd_p1500,mcp4-n090-r08-06,200.06175330358155,6854.833483333328,6854.833483333328,0.0,8.94673732,191.11501598358154,190.047873412,190.03025347400003,125,118,622,1453,2718,,,,,
sd_p1500,mcp4-n090-r08-07,113.259746173297,6628.50015000001,6628.50015000001,0.0,7.677231172,105.582515001297,104.64884566300002,104.63540688500002,92,88,512,1471,2754,,,,,
sd_p1500,mcp4-n090-r08-08,197.1172571715791,5870.00015,5870.00015,0.0,9.105300003,188.0119571685791,186.54279451900007,186.52665808499998,118,111,1004,1472,2756,,,,,
sd_p1500,mcp4-n090-r08-09,95.8798010064281,5690.500149999996,5690.500149999996,0.0,8.012051077,87.8677499294281,86.835239845,86.826238576,66,61,334,1451,2714,,,,,
sd_p1500,mcp4-n090-r08-10,153.15062174210658,6615.000099999999,6615.000099999999,0.0,8.848881811,144.30173993110657,143.61266347900002,143.60276520999997,73,68,193,1474,2760,,,,,
sd_p1500,mcp4-n090-r10-01,116.37784771262805,5127.50015,5127.50015,0.0,7.248291772,109.12955594062805,108.12000353400002,108.09395931099996,105,98,532,1478,2745,,,,,
sd_p1500,mcp4-n090-r10-02,117.79681723250745,4945.000200000001,4945.000200000001,0.0,6.451726128,111.34509110450745,110.26670237300004,110.23122763600003,169,163,469,1477,2743,,,,,
sd_p1500,mcp4-n090-r10-03,104.23524271461535,4279.0001,4279.000100000001,0.0,8.094717612,96.14052510261536,95.29463894299998,95.277106842,93,85,294,1465,2719,,,,,
sd_p1500,mcp4-n090-r10-04,89.67633686614539,4416.000099999998,4416.000099999998,0.0,6.559203964,83.11713290214539,82.31533945299996,82.30417749499999,99,94,383,1471,2731,,,,,
sd_p1500,mcp4-n090-r10-05,194.86376098242738,4297.000099999999,4297.000099999999,0.0,7.697827135,187.16593384742737,185.49921476899993,185.4705403389999,171,164,941,1458,2705,,,,,
sd_p1500,mcp4-n090-r10-06,94.60310138731714,4412.0002,4412.0002,0.0,6.976503506,87.62659788131714,86.82732665000002,86.81591443699999,97,92,477,1456,2701,,,,,
sd_p1500,mcp4-n090-r10-07,48.1816265333822,4309.0001,4309.0001,0.0,6.208413576,41.9732129573822,41.23437429,41.225889765000005,57,53,170,1478,2745,,,,,
sd_p1500,mcp4-n090-r10-08,44.613280197158566,4828.000133333337,4828.000133333337,0.0,4.840020319,39.77325987815857,39.06235945799999,39.055882834,57,52,131,1462,2713,,,,,
sd_p1500,mcp4-n090-r10-09,117.45903036708715,5061.000099999999,5061.000099999999,0.0,5.907760359,111.55127000808716,110.61317171099996,110.59793928900004,108,100,432,1457,2703,,,,,
sd_p1500,mcp4-n090-r10-10,152.86222382509425,4562.400139999994,4562.400139999994,0.0,6.372434816,146.48978900909424,143.848007908,143.82151003300007,157,150,1303,1467,2723,,,,,
sd_p1500,mcp4-n090-r12-01,69.78998431232606,3706.400140000003,3706.400140000003,0.0,5.00353035,64.78645396232605,64.04155424600003,64.02420060000001,100,97,419,1446,2666,,,,,
sd_p1500,mcp4-n090-r12-02,73.29974417528418,3871.00015,3871.00015,0.0,4.790026234,68.50971794128418,67.62928982,67.61576946600003,111,105,408,1459,2692,,,,,
sd_p1500,mcp4-n090-r12-03,94.66082487501258,3755.0001,3755.0001,0.0,5.484075884,89.17674899101257,88.22985174899999,88.20412381300005,161,152,485,1475,2724,,,,,
sd_p1500,mcp4-n090-r12-04,39.895841565729,3608.0001500000008,3608.0001500000008,0.0,5.595135656,34.300705909729004,33.625646584,33.618390064,66,62,344,1498,2770,,,,,
sd_p1500,mcp4-n090-r12-05,49.37673579548498,3550.0001,3550.0001,0.0,5.227832664,44.148903131484985,43.510242699,43.49924533499999,92,81,224,1471,2716,,,,,
sd_p1500,mcp4-n090-r12-06,58.66410695177807,3339.0002000000004,3339.0002000000004,0.0,5.162036048,53.502070903778076,52.621054007999994,52.60400624599997,106,100,438,1465,2704,,,,,
sd_p1500,mcp4-n090-r12-07,24.904850372382448,3782.500150000002,3782.500150000002,0.0,4.223089346,20.681761026382446,20.050974731,20.047585494999996,33,30,74,1477,2728,,,,,
sd_p1500,mcp4-n090-r12-08,70.24547374944714,3672.0001,3672.0001,0.0,6.286755688,63.958718061447144,62.74169973800004,62.72763256,110,102,687,1457,2688,,,,,
sd_p1500,mcp4-n090-r12-09,32.99113875868078,4184.0001,4184.0001,0.0,3.455824914,29.535313844680786,29.010436573000003,29.001730626999997,62,59,120,1440,2654,,,,,
sd_p1500,mcp4-n090-r12-10,54.597839605098756,3350.3334666666674,3350.3334666666674,0.0,5.465731632,49.132107973098755,48.05901459799998,48.04803426599999,90,86,689,1461,2696,,,,,
sd_p1500,mcp4-n090-r14-01,59.72453844630603,3413.0001,3413.0001,0.0,2.935510517,56.78902792930603,56.284224619,56.26769014600002,111,102,119,1466,2696,,,,,
sd_p1500,mcp4-n090-r14-02,28.865940138302246,3182.000149999999,3182.000149999999,0.0,3.519368216,25.346571922302246,24.939726337999996,24.933754233,46,43,75,1474,2712,,,,,
sd_p1500,mcp4-n090-r14-03,59.44458958775183,3149.0001999999986,3149.0001999999986,0.0,4.065537664,55.37905192375183,54.727843527000005,54.713537534000004,100,91,177,1480,2724,,,,,
sd_p1500,mcp4-n090-r14-04,24.37815696780127,3646.0001000000007,3646.0001000000007,0.0,3.230035134,21.14812183380127,20.679085455000003,20.671139845,59,55,112,1437,2638,,,,,
sd_p1500,mcp4-n090-r14-05,49.471234343542356,3044.0001000000007,3044.0001000000007,0.0,3.944394372,45.52683997154236,44.795685903000006,44.781925099999995,102,95,309,1457,2678,,,,,
sd_p1500,mcp4-n090-r14-06,34.28990381933203,3399.3334666666706,3399.3334666666706,0.0,3.646951854,30.64295196533203,30.104894205,30.09667203599999,57,51,166,1465,2694,,,,,
sd_p1500,mcp4-n090-r14-07,65.06045782764441,2659.6668333333337,2659.6668333333337,0.0,3.526540639,61.53391718864441,60.38281400699998,60.356365157,163,154,637,1468,2700,,,,,
sd_p1500,mcp4-n090-r14-08,37.85677966883081,2623.5001333333357,2623.5001333333357,0.0,4.431372736,33.42540693283081,32.76696707,32.757554093,78,71,307,1472,2708,,,,,
sd_p1500,mcp4-n090-r14-09,21.31911697586719,2984.0002,2984.0002,0.0,4.183329012,17.135787963867188,16.399027505,16.39333355,42,39,299,1465,2694,,,,,
sd_p1500,mcp4-n090-r14-10,40.77923329676746,2664.0001,2664.0001,0.0,3.748417457,37.030815839767456,36.40801384300001,36.391927212000006,95,86,279,1455,2674,,,,,
sd_p1500,mcp4-n090-r16-01,42.88541353597229,2082.333466666667,2082.333466666667,0.0,3.44331468,39.44209885597229,38.53348443,38.517071400999995,108,99,588,1454,2664,,,,,
sd_p1500,mcp4-n090-r16-02,38.828172668685305,2594.0001500000053,2594.0001500000053,0.0,3.160305485,35.6678671836853,35.011933726,34.993485275,118,112,337,1438,2632,,,,,
sd_p1500,mcp4-n090-r16-03,33.92141847570056,2573.333466666665,2573.3334666666656,0.0,3.124570417,30.79684805870056,30.30094804499999,30.286189512000014,88,83,203,1479,2714,,,,,
sd_p1500,mcp4-n090-r16-04,34.5729329172915,2174.0001399999996,2174.0001399999996,0.0,3.461069781,31.111863136291504,29.967107069999994,29.953370084999996,83,77,881,1448,2652,,,,,
sd_p1500,mcp4-n090-r16-05,13.131013602669068,2710.0001500000035,2710.0001500000035,0.0,2.37944457,10.751569032669067,10.287967394,10.284092180999998,35,31,53,1457,2670,,,,,
sd_p1500,mcp4-n090-r16-06,14.6319363572511,2677.000100000001,2677.000100000001,0.0,3.334583328,11.297353029251099,10.727548044999999,10.72279861,33,31,45,1465,2686,,,,,
sd_p1500,mcp4-n090-r16-07,24.483770954592284,2343.0001500000008,2343.0001500000008,0.0,2.477796185,22.005974769592285,21.548869644,21.539853939000007,64,58,119,1434,2624,,,,,
sd_p1500,mcp4-n090-r16-08,18.21080339698303,2537.0001,2537.0001,0.0,2.166808255,16.043995141983032,15.594482642000001,15.587151893999996,51,45,114,1452,2660,,,,,
sd_p1500,mcp4-n090-r16-09,49.083671076329345,2431.0002000000018,2431.0002000000013,0.0,3.73865412,45.345016956329346,44.26506495199999,44.24493363400001,137,127,614,1458,2672,,,,,
sd_p1500,mcp4-n090-r16-10,45.85199548321924,2754.0001,2754.0001,0.0,2.341454521,43.51054096221924,42.892591613000015,42.878114354999994,127,119,232,1462,2680,,,,,
sd_p1500,mcp4-n100-r08-01,674.0887871712931,6727.000200000016,6727.000200000016,0.0,12.405541274,661.6832458972931,656.1845505699997,656.1339501790002,286,275,2903,1549,2889,,,,,
sd_p1500,mcp4-n100-r08-02,440.7061750390591,7489.764852941165,7489.764852941165,0.0,10.610589216,430.0955858230591,427.1180575470001,427.0785079250002,234,226,1106,1538,2867,,,,,
sd_p1500,mcp4-n100-r08-03,612.5439732415983,7652.500150000007,7652.500150000007,0.0,11.505937372,601.0380358695984,598.6399164670001,598.609261182,199,190,1038,1553,2897,,,,,
sd_p1500,mcp4-n100-r08-04,185.4834511076477,6973.666800000004,6973.666800000004,0.0,11.1155803,174.3678708076477,172.860674487,172.84534946900007,98,92,848,1537,2865,,,,,
sd_p1500,mcp4-n100-r08-05,428.9280706898295,7837.000100000005,7837.000100000005,0.0,10.226826574,418.70124411582947,417.623632292,417.58513660399996,231,224,311,1543,2877,,,,,
sd_p1500,mcp4-n100-r08-06,771.159800232087,6773.400139999998,6773.400139999998,0.0,13.844640196,757.315160036087,752.931472623,752.881531001,266,258,2579,1531,2853,,,,,
sd_p1500,mcp4-n100-r08-07,833.7368963197756,7155.000150000001,7155.604261179882,8.443202896107961e-5,14.369134231,819.3677620887756,812.4782475710003,812.4274251020004,299,291,4251,1549,2889,,,,,
sd_p1500,mcp4-n100-r08-08,294.81188707817336,7455.000166666665,7455.000166666665,0.0,12.524008088,282.28787899017334,278.8295663820001,278.80452142400003,165,158,1466,1539,2869,,,,,
sd_p1500,mcp4-n100-r08-09,88.66822474195605,8006.000100000001,8006.000099999999,0.0,11.306486537,77.36173820495605,76.63909902200001,76.635251926,31,29,137,1548,2887,,,,,
sd_p1500,mcp4-n100-r08-10,224.4204535310376,7545.000099999999,7545.000099999999,0.0,10.92319153,213.4972620010376,212.66504358999998,212.64941008600002,108,101,229,1551,2893,,,,,
sd_p1500,mcp4-n100-r10-01,268.0492462916488,5748.000100000001,5748.000100000001,0.0,9.302479486,258.7467668056488,257.34230214100006,257.31338478,188,178,724,1537,2840,,,,,
sd_p1500,mcp4-n100-r10-02,79.0997103012871,5565.500149999996,5565.500149999996,0.0,8.974134282,70.12557601928711,69.46458299800001,69.45860318,45,40,308,1543,2852,,,,,
sd_p1500,mcp4-n100-r10-03,86.29034484771485,5742.0001999999995,5742.0001999999995,0.0,8.833473815,77.45687103271484,76.62735652699999,76.62024070800001,45,41,326,1559,2884,,,,,
sd_p1500,mcp4-n100-r10-04,79.73929547088635,5337.000099999999,5337.000099999999,0.0,8.856507528,70.88278794288635,70.226627023,70.217980617,60,56,310,1533,2832,,,,,
sd_p1500,mcp4-n100-r10-05,175.79859281586644,5641.60011999999,5642.001291277853,7.110948477909612e-5,8.657589684,167.14100313186646,165.236143381,165.21841511700003,123,116,1513,1550,2866,,,,,
sd_p1500,mcp4-n100-r10-06,294.9456319736754,4740.28585714285,4740.28585714285,0.0,9.142906897,285.8027250766754,282.88917721599995,282.845956274,235,228,1154,1523,2812,,,,,
sd_p1500,mcp4-n100-r10-07,177.5192852849276,4962.0001,4962.0001,0.0,9.387967431,168.1313178539276,165.80072639099998,165.780686508,129,122,1180,1531,2828,,,,,
sd_p1500,mcp4-n100-r10-08,192.47335347618116,5207.200240000004,5207.200240000004,0.0,10.592014403,181.88133907318115,180.89280899000002,180.876681042,108,100,543,1547,2860,,,,,
sd_p1500,mcp4-n100-r10-09,177.52611212216857,5493.0002,5493.0002,0.0,9.760975165,167.76513695716858,166.684350177,166.667591979,113,107,483,1534,2834,,,,,
sd_p1500,mcp4-n100-r10-10,109.13249310287354,5179.000099999999,5179.000099999999,0.0,8.273674095,100.85881900787354,100.10854937399998,100.09563337200001,93,85,318,1524,2814,,,,,
sd_p1500,mcp4-n100-r12-01,78.60545187018079,4715.000099999996,4715.000099999996,0.0,6.606270838,71.99918103218079,71.40739581199999,71.39765211299999,69,65,80,1538,2826,,,,,
sd_p1500,mcp4-n100-r12-02,73.43465119760303,4416.7501500000035,4416.7501500000035,0.0,8.842405142,64.59224605560303,63.771391871000006,63.760082599000015,69,64,336,1550,2850,,,,,
sd_p1500,mcp4-n100-r12-03,54.50660289102807,4371.000099999999,4371.000099999999,0.0,6.896621831,47.609981060028076,46.939676033000005,46.933860644999996,46,41,219,1520,2790,,,,,
sd_p1500,mcp4-n100-r12-04,131.68507043130555,4026.0001000000016,4026.0001000000016,0.0,8.963529265,122.72154116630554,121.39790179400002,121.37497678400005,121,116,871,1547,2844,,,,,
sd_p1500,mcp4-n100-r12-05,139.87321138285253,4321.000099999999,4321.000099999999,0.0,7.512026309,132.36118507385254,130.93417452,130.908102741,169,162,741,1542,2834,,,,,
sd_p1500,mcp4-n100-r12-06,92.91827615317469,4808.000099999999,4808.000099999999,0.0,7.466781221,85.45149493217468,84.426847338,84.41518652900002,87,81,308,1545,2840,,,,,
sd_p1500,mcp4-n100-r12-07,218.50221113619958,4274.0002,4274.0002,0.0,7.015141291,211.48706984519958,210.27188883699995,210.23436667500002,200,189,574,1539,2828,,,,,
sd_p1500,mcp4-n100-r12-08,84.41772322823999,4097.00013333334,4097.00013333334,0.0,7.082940151,77.33478307723999,76.74643092499997,76.73512132099998,78,72,183,1533,2816,,,,,
sd_p1500,mcp4-n100-r12-09,168.05054700155358,4716.000099999999,4716.000099999999,0.0,8.979323981,159.0712230205536,156.981518953,156.95616671899995,151,146,649,1546,2842,,,,,
sd_p1500,mcp4-n100-r12-10,18.760222400193847,3990.0000999999984,3990.0000999999984,0.0,6.856649364,11.903573036193848,11.413336681999999,11.410586724,21,19,115,1525,2800,,,,,
sd_p1500,mcp4-n100-r14-01,63.69656859468457,3127.0001,3127.0001,0.0,7.560595618,56.13597297668457,55.187628575,55.17339634800001,105,99,382,1539,2816,,,,,
sd_p1500,mcp4-n100-r14-02,175.37635278786658,3279.0001,3279.0001,0.0,6.686739684,168.68961310386658,167.66397379700004,167.618370275,225,219,406,1518,2774,,,,,
sd_p1500,mcp4-n100-r14-03,31.125741656451904,3916.0000999999993,3916.0000999999993,0.0,5.804437812,25.321303844451904,24.848415386,24.842454870999997,49,44,101,1529,2796,,,,,
sd_p1500,mcp4-n100-r14-04,36.05328657640198,3715.0001,3715.0001,0.0,4.11736753,31.935919046401978,31.453226063999995,31.447049684,48,42,77,1569,2876,,,,,
sd_p1500,mcp4-n100-r14-05,41.96123983812402,3551.0001,3551.0001,0.0,4.380148911,37.58109092712402,37.01128655199999,37.004250276,51,46,83,1532,2802,,,,,
sd_p1500,mcp4-n100-r14-06,163.72852837121044,3210.00015,3210.00015,0.0,7.655405393,156.07312297821045,154.230589002,154.19345838299992,232,222,1322,1552,2842,,,,,
sd_p1500,mcp4-n100-r14-07,25.27511956819629,3198.0002000000004,3198.0002000000004,0.0,5.887628342,19.38749122619629,18.775023756000003,18.769998377,36,33,228,1545,2828,,,,,
sd_p1500,mcp4-n100-r14-08,36.97996538952527,3560.0001,3560.0001,0.0,4.680396498,32.29956889152527,31.872009177999995,31.867169723000004,37,34,44,1526,2790,,,,,
sd_p1500,mcp4-n100-r14-09,47.98999464780579,3627.7501625,3627.7501625,0.0,4.963225725,43.026768922805786,42.21080316499999,42.20190044499999,64,58,140,1530,2798,,,,,
sd_p1500,mcp4-n100-r14-10,52.74156480445166,3540.6001400000014,3540.6001400000014,0.0,6.158105904,46.58345890045166,45.89078887999999,45.88203695799999,66,59,211,1530,2798,,,,,
sd_p1500,mcp4-n100-r16-01,25.226423625770874,3241.0000999999997,3241.0000999999997,0.0,3.61577857,21.610645055770874,21.094142742000002,21.087383945999996,43,39,115,1544,2817,,,,,
sd_p1500,mcp4-n100-r16-02,50.65708119185266,2910.0001500000026,2910.0001500000026,0.0,4.231661146,46.42542004585266,45.716682856,45.69912659199999,105,95,208,1550,2829,,,,,
sd_p1500,mcp4-n100-r16-03,33.04172754330542,3159.0001,3159.0001,0.0,3.433249474,29.60847806930542,29.147229954999997,29.13969506,61,56,100,1529,2787,,,,,
sd_p1500,mcp4-n100-r16-04,52.052077198452395,3067.0001,3067.0001,0.0,4.889849091,47.16222810745239,46.531877564,46.520826193000005,76,69,109,1547,2823,,,,,
sd_p1500,mcp4-n100-r16-05,24.026348397978758,2811.0001,2811.0001,0.0,5.183702276,18.84264612197876,18.255446042,18.249685009,44,40,156,1540,2809,,,,,
sd_p1500,mcp4-n100-r16-06,42.000572313182005,2984.0000999999993,2984.0000999999993,0.0,4.450838436,37.54973387718201,37.02377501,37.01124874399999,82,76,132,1524,2777,,,,,
sd_p1500,mcp4-n100-r16-07,19.901722439757446,2678.000100000002,2678.000100000002,0.0,5.468252429,14.433470010757446,13.928741021,13.924742013999998,30,27,119,1523,2775,,,,,
sd_p1500,mcp4-n100-r16-08,64.16041267293103,3016.000199999997,3016.000199999997,0.0,4.402390603,59.75802206993103,58.924149777,58.90325384699999,130,125,466,1549,2827,,,,,
sd_p1500,mcp4-n100-r16-09,28.058398310706664,2889.0001600000005,2889.0001600000005,0.0,4.934567277,23.123831033706665,22.47701523,22.47002741400001,52,49,194,1527,2783,,,,,
sd_p1500,mcp4-n100-r16-10,29.17417218788147,2992.000100000001,2992.000100000001,0.0,3.599064375,25.57510781288147,25.136192362999996,25.128280288000003,57,53,41,1522,2773,,,,,
sd_p1500,mcp4-n110-r08-01,1285.0558438980195,7634.000200000009,7634.000200000009,0.0,21.72529585,1263.3305480480194,1259.184965006,1259.1219643250006,290,281,1438,1585,2942,,,,,
sd_p1500,mcp4-n110-r08-02,426.04680221152586,7522.000100000002,7522.000100000002,0.0,23.451449085,402.5953531265259,400.0189862040001,400.00350625,95,91,1724,1620,3012,,,,,
sd_p1500,mcp4-n110-r08-03,198.92614259864246,8261.000150000003,8261.000150000003,0.0,21.461000587,177.46514201164246,176.42009341199997,176.413670743,41,38,362,1602,2976,,,,,
sd_p1500,mcp4-n110-r08-04,698.8544625098101,8120.000100000001,8120.000100000001,0.0,21.155641442,677.6988210678101,674.7933997940003,674.7650053199999,165,159,1127,1589,2950,,,,,
sd_p1500,mcp4-n110-r08-05,370.4464135013832,7733.333499999996,7733.333499999996,0.0,23.344086393,347.1023271083832,345.22231069199995,345.2110470669999,75,72,1154,1603,2978,,,,,
sd_p1500,mcp4-n110-r08-06,574.8198408414025,8346.666799999997,8346.666799999997,0.0,24.67016881,550.1496720314026,548.0137968760001,547.9948231110001,117,112,1232,1611,2994,,,,,
sd_p1500,mcp4-n110-r08-07,4350.2551403940215,6521.000149999997,7955.541899460648,0.21998799516369455,28.687848419,4321.567291975021,4314.723872325999,4314.602562130994,567,558,2416,1624,3020,,,,,
sd_p1500,mcp4-n110-r08-08,499.0849627106434,8720.333499999995,8720.333499999995,0.0,23.918440923,475.16652178764343,473.9049828179999,473.89323407099994,78,75,602,1605,2982,,,,,
sd_p1500,mcp4-n110-r08-09,1520.8740390590353,8865.83346666666,8865.932505566607,1.1170850469894304e-5,24.825757151,1496.0482819080353,1492.7721589579996,1492.7386029869995,197,189,1206,1597,2966,,,,,
sd_p1500,mcp4-n110-r08-10,2351.8465385073573,7896.000200000001,7896.513433333331,6.499915404377534e-5,23.643493616,2328.2030448913574,2313.936655775001,2313.8356921100008,489,477,7973,1588,2948,,,,,
sd_p1500,mcp4-n110-r10-01,413.7550139405059,5975.000100000005,5975.355655555554,5.9507204953765905e-5,15.237164972,398.51784896850586,396.7720437699999,396.74259484499987,155,147,1016,1602,2948,,,,,
sd_p1500,mcp4-n110-r10-02,339.2424865645471,5588.000100000001,5588.000100000001,0.0,15.95852956,323.2839570045471,321.718648746,321.6953044390001,141,131,804,1583,2910,,,,,
sd_p1500,mcp4-n110-r10-03,364.6163008490515,6293.200140000003,6293.200140000003,0.0,15.462267665,349.1540331840515,346.25759826400025,346.22517046900003,156,151,1072,1578,2900,,,,,
sd_p1500,mcp4-n110-r10-04,357.4502367938495,5736.000099999999,5736.000099999999,0.0,15.08164477,342.3685920238495,339.4813584469999,339.43033428899975,222,217,1933,1589,2922,,,,,
sd_p1500,mcp4-n110-r10-05,975.3058196874845,6081.6668000000045,6081.6668000000045,0.0,16.072059569,959.2337601184845,954.9202837159997,954.8349603150002,387,379,1755,1599,2942,,,,,
sd_p1500,mcp4-n110-r10-06,329.37793010903846,6171.000100000001,6171.000100000001,0.0,12.489617054,316.88831305503845,315.79232575000003,315.7665096619999,147,138,401,1622,2988,,,,,
sd_p1500,mcp4-n110-r10-07,379.9209663990083,6631.000100000001,6631.009424009323,1.4061241413602105e-6,15.197519553,364.7234468460083,363.8331027939999,363.81509656700007,93,86,267,1615,2974,,,,,
sd_p1500,mcp4-n110-r10-08,751.8451304385909,6140.000150000002,6140.148233235731,2.411779024618519e-5,18.172693486,733.6724369525909,729.1152578240003,729.0437834459999,347,341,2565,1588,2920,,,,,
sd_p1500,mcp4-n110-r10-09,232.5110573333037,6376.000150000001,6376.000150000001,0.0,16.840931372,215.6701259613037,214.15337828900002,214.14289947999998,65,59,783,1595,2934,,,,,
sd_p1500,mcp4-n110-r10-10,1725.219732946939,6065.000140000004,6065.000140000004,0.0,17.557922072,1707.661810874939,1701.8360099850001,1701.7219948030006,470,463,3296,1606,2956,,,,,
sd_p1500,mcp4-n110-r12-01,49.97897140068213,5279.50015,5279.50015,0.0,8.682385364,41.29658603668213,40.833456303999995,40.82956295499999,32,29,53,1588,2902,,,,,
sd_p1500,mcp4-n110-r12-02,195.6559170687108,4376.000099999999,4376.000099999999,0.0,12.523878237,183.13203883171082,181.94373358799993,181.84394807599998,122,114,581,1589,2904,,,,,
sd_p1500,mcp4-n110-r12-03,254.02285243149694,5184.000100000001,5184.000100000001,0.0,12.194156419,241.82869601249695,240.70129975199998,240.68087827399995,141,135,527,1609,2944,,,,,
sd_p1500,mcp4-n110-r12-04,125.64950639207703,4269.000100000001,4269.000100000001,0.0,11.88677031,113.76273608207703,112.95481533499998,112.94396474399997,76,72,254,1599,2924,,,,,
sd_p1500,mcp4-n110-r12-05,114.14906838555835,4786.50015,4786.50015,0.0,13.725025207,100.42404317855835,98.18338664199999,98.17304146299996,82,78,1716,1616,2958,,,,,
sd_p1500,mcp4-n110-r12-06,575.0370443710542,4867.666799999998,4867.666799999999,0.0,12.633904303,562.4031400680542,560.871844968,560.8131967650002,327,321,594,1590,2906,,,,,
sd_p1500,mcp4-n110-r12-07,176.4926117218141,5195.500150000003,5195.500150000003,0.0,12.131067828,164.3615438938141,162.06715311499997,162.04884552000001,123,117,1236,1610,2946,,,,,
sd_p1500,mcp4-n110-r12-08,247.52478292644594,4649.555700000002,4649.555700000002,0.0,14.153727085,233.37105584144592,231.969829465,231.94667695199993,135,126,714,1606,2938,,,,,
sd_p1500,mcp4-n110-r12-09,252.50115754956605,4766.000166666664,4766.000166666664,0.0,12.11429551,240.38686203956604,239.25314872600003,239.229126694,150,145,607,1577,2880,,,,,
sd_p1500,mcp4-n110-r12-10,326.41796179047,4922.000100000001,4922.000100000001,0.0,12.931678965,313.48628282546997,312.38599167500007,312.35654172100004,192,182,468,1595,2916,,,,,
sd_p1500,mcp4-n110-r14-01,112.95043425491491,4101.800180000004,4101.800180000004,0.0,6.761272239,106.18916201591492,105.42212663899997,105.40398809899997,106,101,265,1576,2865,,,,,
sd_p1500,mcp4-n110-r14-02,102.13047944028064,4067.0001333333353,4067.0001333333353,0.0,9.573419437,92.55706000328064,91.65807185999999,91.644692212,84,79,415,1594,2901,,,,,
sd_p1500,mcp4-n110-r14-03,104.13992499923633,4554.000100000003,4554.000100000003,0.0,8.027112957,96.11281204223633,95.21194223899998,95.194725469,112,105,399,1598,2909,,,,,
sd_p1500,mcp4-n110-r14-04,76.9201339794148,4383.0001,4383.0001,0.0,7.147745998,69.7723879814148,69.10878180600002,69.09835207899998,78,72,245,1596,2905,,,,,
sd_p1500,mcp4-n110-r14-05,244.63248676612292,3578.0001000000007,3578.0001000000007,0.0,9.678338712,234.95414805412292,233.51346882399997,233.47410470600008,223,215,747,1583,2879,,,,,
sd_p1500,mcp4-n110-r14-06,135.4518256207223,3597.0002000000018,3597.0002000000018,0.0,10.783652546,124.66817307472229,123.37602006300003,123.361411103,97,91,676,1603,2919,,,,,
sd_p1500,mcp4-n110-r14-07,105.30617545407117,4315.166799999999,4315.166799999999,0.0,9.036874278,96.26930117607117,95.56643428400001,95.548875915,104,97,201,1601,2915,,,,,
sd_p1500,mcp4-n110-r14-08,110.06131948325879,4166.666799999999,4166.666799999999,0.0,8.033569468,102.02775001525879,101.17273141599999,101.15690954600002,107,102,346,1618,2949,,,,,
sd_p1500,mcp4-n110-r14-09,49.51483026815063,4067.0002000000018,4067.0002000000018,0.0,7.723484195,41.791346073150635,41.147500995999984,41.139390984999984,71,67,203,1608,2929,,,,,
sd_p1500,mcp4-n110-r14-10,457.3158383993015,3643.000199999997,3643.000199999997,0.0,11.014832559,446.3010058403015,443.1568967380002,443.1069468210001,307,296,1574,1602,2917,,,,,
sd_p1500,mcp4-n110-r16-01,137.85407505053212,3365.0001,3365.0001,0.0,5.539378977,132.3146960735321,131.47001560499996,131.349275694,183,175,280,1587,2877,,,,,
sd_p1500,mcp4-n110-r16-02,103.71272212868311,3295.0001,3295.0001,0.0,6.165928191,97.5467939376831,96.65332140099996,96.62933808899999,141,135,336,1575,2853,,,,,
sd_p1500,mcp4-n110-r16-03,87.2656501915968,3681.000200000001,3681.000200000001,0.0,6.550950208,80.7146999835968,80.043510258,80.02756757300001,105,99,316,1607,2917,,,,,
sd_p1500,mcp4-n110-r16-04,34.899499686210326,3299.333500000002,3299.333500000002,0.0,7.533189805,27.366309881210327,26.85962628,26.855910201,35,31,137,1578,2859,,,,,
sd_p1500,mcp4-n110-r16-05,55.2458590671886,3513.0001000000007,3513.0001000000007,0.0,5.297749202,49.9481098651886,49.47418139699999,49.462971928999984,69,64,105,1583,2869,,,,,
sd_p1500,mcp4-n110-r16-06,187.07919590551026,3310.5001500000026,3310.5001500000017,0.0,5.842637945,181.23655796051025,179.02850165700002,178.99238522,232,221,1762,1566,2835,,,,,
sd_p1500,mcp4-n110-r16-07,132.00450594784692,3346.0001000000007,3346.0001,0.0,5.900863961,126.10364198684692,125.32560037999998,125.30680762899995,116,109,293,1587,2877,,,,,
sd_p1500,mcp4-n110-r16-08,69.14560985442444,3322.000150000001,3322.000150000001,0.0,5.622877835,63.52273201942444,62.962339684999996,62.94992843900001,91,86,124,1594,2891,,,,,
sd_p1500,mcp4-n110-r16-09,25.897650648258423,3576.0001,3576.0001,0.0,6.707136799,19.190513849258423,18.679953707000003,18.676356624,28,26,76,1592,2887,,,,,
sd_p1500,mcp4-n110-r16-10,46.68639673136304,3257.0001,3257.0001,0.0,7.850808753,38.83558797836304,38.21800280299999,38.21045011299999,50,46,151,1587,2877,,,,,
sd_p1500,mcp4-n120-r08-01,1933.726610682114,9001.000100000001,9001.000100000001,0.0,36.856146834,1896.870463848114,1892.0816285619999,1892.0424442560004,182,176,2006,1669,3089,,,,,
sd_p1500,mcp4-n120-r08-02,3264.3154816803517,9128.0001,9128.757185020244,8.294095222946272e-5,38.213511723,3226.1019699573517,3219.1182075420006,3219.0645647350007,260,253,3775,1654,3059,,,,,
sd_p1500,mcp4-n120-r08-03,3041.944190660642,8502.636518181822,8502.636518181822,0.0,35.331691662,3006.612498998642,2990.2847414909997,2990.1806915629977,496,491,9432,1665,3081,,,,,
sd_p1500,mcp4-n120-r08-04,4475.767273355766,8056.500150000004,10179.048537598832,0.2634578722869913,39.344513346,4436.422760009766,4430.73288148,4430.563852769002,695,690,1899,1669,3089,,,,,
sd_p1500,mcp4-n120-r08-05,2361.746099991624,8998.400140000005,8998.400140000005,0.0,35.647971196,2326.098128795624,2321.763602018,2321.717703065998,263,256,1507,1664,3079,,,,,
sd_p1500,mcp4-n120-r08-06,2233.4006958891327,8997.857285714286,8997.857285714286,0.0,41.564045756,2191.836650133133,2187.2771299300007,2187.247275997999,166,161,2391,1663,3077,,,,,
sd_p1500,mcp4-n120-r08-07,1673.9417498832825,9132.500150000007,9132.500150000007,0.0,46.555712772,1627.3860371112823,1622.1610145110005,1622.1349046009989,155,148,2518,1661,3073,,,,,
sd_p1500,mcp4-n120-r08-08,4392.626908361859,8921.000199999995,10711.807122934897,0.2007405988999869,45.131237328,4347.495671033859,4343.3045888669985,4343.232298840004,351,340,1077,1668,3087,,,,,
sd_p1500,mcp4-n120-r08-09,3743.1247439767017,7171.952538095236,10785.768006075488,0.5038816764032891,52.917531767,3690.2072122097015,3684.5167645730057,3684.364161923999,627,617,1709,1648,3047,,,,,
sd_p1500,mcp4-n120-r08-10,546.3576904741197,9149.000100000001,9149.000100000001,0.0,30.118573567,516.2391169071198,515.294566065,515.282793462,53,49,248,1668,3087,,,,,
sd_p1500,mcp4-n120-r10-01,1274.4927216006436,6709.500149999998,6709.950100000024,6.706162753802721e-5,22.834230466,1251.6584911346436,1243.074285693,1242.958387032999,496,489,4265,1645,3011,,,,,
sd_p1500,mcp4-n120-r10-02,572.9287277044389,7276.000099999999,7276.000099999999,0.0,24.476659614,548.4520680904388,547.0356004710001,547.0097847619999,147,140,510,1660,3041,,,,,
sd_p1500,mcp4-n120-r10-03,757.5420406151911,7147.000150000003,7147.000150000003,0.0,25.969605713,731.5724349021912,728.584591499,728.560516218,121,116,995,1661,3043,,,,,
sd_p1500,mcp4-n120-r10-04,751.5008958052141,7145.333466666668,7145.786762672326,6.343944726627611e-5,22.364004917,729.1368908882141,726.989082446,726.9576201060003,176,167,1125,1653,3027,,,,,
sd_p1500,mcp4-n120-r10-05,259.00041297992334,6967.000100000001,6967.000100000001,0.0,24.599741021,234.40067195892334,233.161995982,233.15241351799995,64,59,587,1680,3081,,,,,
sd_p1500,mcp4-n120-r10-06,991.6645533742792,7058.000100000002,7058.000100000002,0.0,24.96229741,966.7022559642792,964.3824342839994,964.3329370190002,258,249,684,1649,3019,,,,,
sd_p1500,mcp4-n120-r10-07,721.4779308252428,7019.0001,7019.0001,0.0,27.001680892,694.4762499332428,693.0289237050001,693.006435426,136,127,619,1661,3043,,,,,
sd_p1500,mcp4-n120-r10-08,1684.5324983560047,7300.0001,7300.000100000001,0.0,23.214834448,1661.3176639080048,1657.19647573,1657.111923704002,408,400,1742,1671,3063,,,,,
sd_p1500,mcp4-n120-r10-09,843.4098981357096,6495.000099999999,6495.000100000001,0.0,24.795209024,818.6146891117096,815.7513032090001,815.7234839029998,154,147,1205,1676,3073,,,,,
sd_p1500,mcp4-n120-r10-10,1663.1249465570975,6770.666800000003,6770.666800000003,0.0,24.484579526,1638.6403670310974,1633.8602921720008,1633.8011168600005,297,286,1978,1681,3083,,,,,
sd_p1500,mcp4-n120-r12-01,360.0427186012167,5697.000100000002,5697.000100000002,0.0,15.933846426,344.1088721752167,342.94892361299986,342.92253927700017,143,138,599,1659,3019,,,,,
sd_p1500,mcp4-n120-r12-02,99.0707646057019,5520.000199999995,5520.000199999995,0.0,18.094675605,80.9760890007019,80.04360397499998,80.03922388899998,30,26,418,1660,3021,,,,,
sd_p1500,mcp4-n120-r12-03,160.54956973545106,5226.000150000001,5226.000150000001,0.0,18.25798882,142.29158091545105,141.55747708100003,141.54606719799997,72,67,222,1640,2981,,,,,
sd_p1500,mcp4-n120-r12-04,836.4925283901488,5197.000150000001,5197.230869230768,4.439469388261143e-5,18.891269397,817.6012589931488,814.5481916929996,814.4914103159997,276,266,1372,1642,2985,,,,,
sd_p1500,mcp4-n120-r12-05,919.0787646969894,5477.000099999995,5477.000099999995,0.0,19.628144761,899.4506199359894,897.703641035,897.6451320840005,296,285,927,1655,3011,,,,,
sd_p1500,mcp4-n120-r12-06,320.46552372517783,5150.300150000005,5150.300150000005,0.0,18.865403896,301.60011982917786,298.56755093000004,298.54079250800015,159,151,1600,1656,3013,,,,,
sd_p1500,mcp4-n120-r12-07,471.91870422206654,5552.000100000001,5552.500099999996,9.00576352645496e-5,19.719238232,452.1994659900665,450.451528419,450.41772553299995,172,162,974,1646,2993,,,,,
sd_p1500,mcp4-n120-r12-08,513.8957334280555,5772.666800000003,5772.666800000003,0.0,19.12758739,494.7681460380554,493.32873835500027,493.298814204,181,174,751,1652,3005,,,,,
sd_p1500,mcp4-n120-r12-09,221.326209349244,5736.000100000002,5736.000100000002,0.0,18.981047196,202.34516215324402,201.23785354700001,201.22457514000004,84,76,401,1661,3023,,,,,
sd_p1500,mcp4-n120-r12-10,522.4644781445454,5593.000100000001,5593.000100000001,0.0,18.931373248,503.5331048965454,502.0107220680001,501.97338107999997,207,199,749,1652,3005,,,,,
sd_p1500,mcp4-n120-r14-01,62.17012511446509,4963.000100000001,4963.000100000001,0.0,15.237616169,46.93250894546509,46.474010761,46.468662647,33,31,82,1643,2973,,,,,
sd_p1500,mcp4-n120-r14-02,187.1574976165985,4841.00015,4841.00015,0.0,12.305226775,174.8522708415985,174.00830212600002,173.99180984400004,116,110,240,1648,2983,,,,,
sd_p1500,mcp4-n120-r14-03,167.38270247160193,4269.333466666673,4269.333466666673,0.0,15.561930539,151.82077193260193,150.31905522699992,150.30150548200004,110,105,824,1649,2985,,,,,
sd_p1500,mcp4-n120-r14-04,288.15260699993786,4003.0001500000003,4003.0001500000003,0.0,18.756410873,269.39619612693787,268.1256131790001,268.10692830799996,114,110,727,1664,3015,,,,,
sd_p1500,mcp4-n120-r14-05,184.1534075000587,4559.0001,4559.0001,0.0,13.654823468,170.49858403205872,169.78321569099998,169.76804091200006,95,90,184,1648,2983,,,,,
sd_p1500,mcp4-n120-r14-06,235.58518501003198,4695.00012000001,4695.00012000001,0.0,14.702887971,220.88229703903198,219.82524004099997,219.80347477799992,122,115,412,1642,2971,,,,,
sd_p1500,mcp4-n120-r14-07,542.0623410556796,4324.333466666665,4324.333466666664,0.0,14.610783181,527.4515578746796,521.0110664709998,520.9399779480001,371,362,4204,1655,2997,,,,,
sd_p1500,mcp4-n120-r14-08,403.9123922053115,4333.000200000004,4333.000200000004,0.0,13.053103036,390.8592891693115,388.2868021610001,388.26258358599995,147,136,886,1644,2975,,,,,
sd_p1500,mcp4-n120-r14-09,225.58817502662097,4077.0000999999993,4077.0000999999993,0.0,14.410809962,211.17736506462097,210.084325317,210.06227664499994,136,126,485,1631,2949,,,,,
sd_p1500,mcp4-n120-r14-10,190.8900161793396,4344.0001,4344.0001,0.0,12.629730325,178.2602858543396,177.39606151399994,177.37526342600003,124,116,290,1645,2977,,,,,
sd_p1500,mcp4-n120-r16-01,167.6041818013219,3533.000100000002,3533.000100000002,0.0,10.031013762,157.5731680393219,156.521486833,156.49602252000003,143,135,407,1655,2986,,,,,
sd_p1500,mcp4-n120-r16-02,166.7273914455453,4065.0001499999967,4065.0001499999967,0.0,9.742896521,156.9844949245453,155.833330874,155.80715698400002,169,164,531,1661,2998,,,,,
sd_p1500,mcp4-n120-r16-03,98.0650497611947,4025.400139999999,4025.400139999999,0.0,7.553628796,90.5114209651947,89.70867926999998,89.69567263600007,90,85,264,1655,2986,,,,,
sd_p1500,mcp4-n120-r16-04,137.1208782175122,3979.0000999999993,3979.0000999999993,0.0,11.989373205,125.1315050125122,124.26813980799999,124.24913330299994,130,122,346,1650,2976,,,,,
sd_p1500,mcp4-n120-r16-05,27.482265380746462,3748.0001000000007,3748.0001000000007,0.0,9.47838035,18.00388503074646,17.552670908,17.550386422000003,17,15,68,1647,2970,,,,,
sd_p1500,mcp4-n120-r16-06,118.91947221003076,3716.000150000002,3716.000150000002,0.0,12.605306141,106.31416606903076,105.244425767,105.23206639699997,89,84,501,1647,2970,,,,,
sd_p1500,mcp4-n120-r16-07,73.57050014879175,3743.5001999999986,3743.5001999999986,0.0,10.260831131,63.30966901779175,62.580601517999995,62.573516246000004,51,48,275,1658,2992,,,,,
sd_p1500,mcp4-n120-r16-08,728.6689110478499,3480.3334666666724,3480.4667666666624,3.830092755957319e-5,13.172067233,715.4968438148499,713.0775977219996,712.959076721,541,530,1000,1660,2996,,,,,
sd_p1500,mcp4-n120-r16-09,56.35583892807092,3623.000100000001,3623.000100000001,0.0,9.357585821,46.99825310707092,46.339398441000014,46.333240670999984,48,43,180,1631,2938,,,,,
sd_p1500,mcp4-n120-r16-10,122.9729579101908,3788.0001333333316,3788.0001333333316,0.0,12.327602924,110.6453549861908,109.78930946999999,109.77637419200002,88,84,428,1655,2986,,,,,
sd_p2000,mcp4-n070-r08-01,52.87951739175098,4283.000133333335,4283.000133333335,0.0,3.516516522,49.36300086975098,48.306668531999996,48.286053137,137,127,653,1508,2869,,,,,
sd_p2000,mcp4-n070-r08-02,110.9225801441549,4517.500149999999,4517.500149999999,0.0,3.365431926,107.55714821815491,100.76843469999999,100.74024899499999,184,176,4015,1520,2893,,,,,
sd_p2000,mcp4-n070-r08-03,56.84778274164502,3691.0001999999995,3691.0002,0.0,3.477065693,53.37071704864502,49.95788265499999,49.93897985600001,133,124,1801,1499,2851,,,,,
sd_p2000,mcp4-n070-r08-04,55.80760835391858,4690.0001,4690.0001,0.0,2.617178428,53.19042992591858,52.532590980999984,52.51398919000002,103,95,187,1495,2843,,,,,
sd_p2000,mcp4-n070-r08-05,80.02249075944434,3845.0000999999984,3845.0000999999984,0.0,3.957192679,76.06529808044434,72.96707042899999,72.943438486,158,148,1821,1505,2863,,,,,
sd_p2000,mcp4-n070-r08-06,51.66259086401624,4825.000149999998,4825.000149999998,0.0,3.386917713,48.275673151016235,46.27017352700001,46.25163090900001,139,129,666,1499,2851,,,,,
sd_p2000,mcp4-n070-r08-07,20.66791422793518,3732.0000999999997,3732.0000999999997,0.0,3.97590311,16.69201111793518,16.089854550000002,16.084378129,40,36,145,1495,2843,,,,,
sd_p2000,mcp4-n070-r08-08,63.66301606665039,4167.0001,4167.0001,0.0,3.712054,59.95096206665039,57.67148365199998,57.63809587999998,182,172,793,1497,2847,,,,,
sd_p2000,mcp4-n070-r08-09,74.83756444295214,4190.000099999999,4190.000099999999,0.0,3.361423467,71.47614097595215,70.44312668099998,70.41417919899999,182,173,584,1517,2887,,,,,
sd_p2000,mcp4-n070-r08-10,46.79251059712756,4291.0001,4291.0001,0.0,3.082980482,43.70953011512756,40.80546928200001,40.79011065,139,130,642,1491,2835,,,,,
sd_p2000,mcp4-n070-r10-01,19.76974502759546,3716.0001999999977,3716.0001999999977,0.0,1.999910986,17.76983404159546,17.087323948999998,17.077513667,70,66,409,1473,2781,,,,,
sd_p2000,mcp4-n070-r10-02,70.4694697466715,3023.0001500000017,3023.0001500000017,0.0,2.753513774,67.71595597267151,64.87999604199997,64.85668125400002,164,152,1254,1488,2811,,,,,
sd_p2000,mcp4-n070-r10-03,8.254730349042969,3403.0001000000016,3403.0001000000016,0.0,2.835426455,5.419303894042969,4.954104926,4.951758352,22,19,62,1517,2869,,,,,
sd_p2000,mcp4-n070-r10-04,68.10712035241126,3412.2501500000035,3412.2501500000035,0.0,1.834265309,66.27285504341125,63.07674659799999,63.04281717299999,228,217,1486,1478,2791,,,,,
sd_p2000,mcp4-n070-r10-05,39.09872034668835,3104.000100000002,3104.000100000002,0.0,1.987088238,37.111632108688354,32.94754281600001,32.926080729,143,134,3062,1505,2845,,,,,
sd_p2000,mcp4-n070-r10-06,24.927556551372682,3933.000200000004,3933.000200000004,0.0,0.67170266,24.25585389137268,23.346706974,23.333690767000004,91,84,676,1493,2821,,,,,
sd_p2000,mcp4-n070-r10-07,46.9846420510625,3412.0001000000007,3412.0001000000007,0.0,1.449852012,45.5347900390625,44.435672079000014,44.412738555999965,166,153,583,1475,2785,,,,,
sd_p2000,mcp4-n070-r10-08,27.817335609137572,3314.0001500000003,3314.0001500000003,0.0,1.68038154,26.136954069137573,25.251085032000006,25.237813242999998,105,101,566,1448,2731,,,,,
sd_p2000,mcp4-n070-r10-09,27.25928382531592,3319.666800000002,3319.666800000002,0.0,2.999645039,24.259638786315918,23.136988783000003,23.124562097000016,75,69,605,1522,2879,,,,,
sd_p2000,mcp4-n070-r10-10,40.545037670719,4003.50015,4003.50015,0.0,1.29480259,39.250235080718994,38.400640245999995,38.38119465,128,120,449,1518,2871,,,,,
sd_p2000,mcp4-n070-r12-01,24.324806437109373,2717.00018,2717.00018,0.0,1.692146525,22.632659912109375,22.043092735999995,22.027307998,101,95,241,1495,2814,,,,,
sd_p2000,mcp4-n070-r12-02,45.34603477423963,2701.333466666664,2701.333466666664,0.0,1.549659738,43.796375036239624,39.23582220499998,39.20589266399999,167,160,3406,1475,2774,,,,,
sd_p2000,mcp4-n070-r12-03,12.668832252856689,2729.000100000001,2729.000100000001,0.0,1.330689381,11.33814287185669,10.746576916,10.739888316999997,51,46,145,1458,2740,,,,,
sd_p2000,mcp4-n070-r12-04,33.4065635638916,2555.000100000002,2555.000100000002,0.0,2.14643745,31.2601261138916,30.628959574999985,30.611130096000018,117,109,297,1475,2774,,,,,
sd_p2000,mcp4-n070-r12-05,35.57475229536633,2196.000139999999,2196.000139999999,0.0,2.741148198,32.83360409736633,30.00024523899999,29.981425074999997,119,113,955,1502,2828,,,,,
sd_p2000,mcp4-n070-r12-06,37.25233964086206,2249.0001000000016,2249.0001000000016,0.0,1.673795501,35.57854413986206,34.70783739199999,34.684105348,149,140,561,1494,2812,,,,,
sd_p2000,mcp4-n070-r12-07,48.65728679378027,2338.5002000000004,2338.5002000000004,0.0,2.270470769,46.38681602478027,43.75257081000001,43.724554567999995,178,162,1035,1492,2808,,,,,
sd_p2000,mcp4-n070-r12-08,55.488718009876095,2860.3334666666674,2860.3334666666674,0.0,1.708698965,53.7800190448761,50.735268436000005,50.709022189,174,164,1373,1471,2766,,,,,
sd_p2000,mcp4-n070-r12-09,33.05437645148718,2674.000100000001,2674.000100000001,0.0,1.540259449,31.514117002487183,29.005583939999987,28.989504634999992,104,98,1092,1524,2872,,,,,
sd_p2000,mcp4-n070-r12-10,29.020733575606567,2880.0001999999977,2880.0001999999977,0.0,1.430907707,27.589825868606567,26.74419675600001,26.725268957999997,116,109,491,1522,2868,,,,,
sd_p2000,mcp4-n070-r14-01,24.39267191799646,2391.6668,2391.6668,0.0,1.644157981,22.74851393699646,17.272721004,17.253921284,118,113,3129,1487,2789,,,,,
sd_p2000,mcp4-n070-r14-02,31.737387777149902,1915.50015,1915.50015,0.0,1.520904661,30.216483116149902,29.285538147000008,29.261048531999997,150,143,602,1456,2727,,,,,
sd_p2000,mcp4-n070-r14-03,21.87517482666321,2035.5715714285716,2035.5715714285716,0.0,1.1326657,20.742509126663208,20.055072316999997,20.040311916000004,100,92,232,1458,2731,,,,,
sd_p2000,mcp4-n070-r14-04,18.348532477909057,2220.000149999999,2220.000149999999,0.0,0.656711618,17.691820859909058,17.123859882999994,17.106603660000008,98,91,155,1477,2769,,,,,
sd_p2000,mcp4-n070-r14-05,26.583319539652834,1797.5001500000008,1797.5001500000008,0.0,1.933595533,24.649724006652832,23.793949409000007,23.773608712999998,130,121,475,1450,2715,,,,,
sd_p2000,mcp4-n070-r14-06,35.66136355989734,2060.0002000000018,2060.0002000000018,0.0,2.098990637,33.56237292289734,30.38420481299999,30.359053268,159,149,2131,1483,2781,,,,,
sd_p2000,mcp4-n070-r14-07,10.83857095075708,2126.000100000002,2126.000100000002,0.0,1.207180856,9.63139009475708,9.093423809999999,9.085110770000004,50,45,212,1479,2773,,,,,
sd_p2000,mcp4-n070-r14-08,20.83140947889502,1959.0001000000002,1959.0001000000002,0.0,1.497313524,19.33409595489502,18.68704156400001,18.675109592,85,78,356,1470,2755,,,,,
sd_p2000,mcp4-n070-r14-09,10.636216133266723,1995.0001000000004,1995.0001000000004,0.0,1.282802313,9.353413820266724,8.937208359000001,8.930874682999999,44,41,69,1497,2809,,,,,
sd_p2000,mcp4-n070-r14-10,23.261447212016478,2080.0001,2080.0001,0.0,1.892460367,21.36898684501648,20.772701002999998,20.758274996000015,93,84,186,1504,2823,,,,,
sd_p2000,mcp4-n070-r16-01,14.667037302240601,2000.0001000000002,2000.0001000000002,0.0,0.757173115,13.9098641872406,13.395106840999997,13.385531440000003,85,79,92,1468,2745,,,,,
sd_p2000,mcp4-n070-r16-02,22.948745376963622,1713.0001000000002,1713.0001000000002,0.0,0.659126408,22.289618968963623,19.312175714,19.295497760999996,133,123,933,1462,2733,,,,,
sd_p2000,mcp4-n070-r16-03,27.039565273778198,1780.0001333333341,1780.0001333333341,0.0,1.219353148,25.8202121257782,21.445966576999993,21.430083653,125,116,2151,1458,2725,,,,,
sd_p2000,mcp4-n070-r16-04,8.507806544707153,2174.0001500000003,2174.0001500000003,0.0,0.970785623,7.537020921707153,7.033570184,7.028309046999999,53,49,79,1431,2671,,,,,
sd_p2000,mcp4-n070-r16-05,11.445647701983765,1872.0000999999997,1872.0000999999997,0.0,1.016242728,10.429404973983765,9.907630573000002,9.899858764999998,68,63,165,1463,2735,,,,,
sd_p2000,mcp4-n070-r16-06,20.396799543941164,1821.2501250000023,1821.2501250000023,0.0,1.117821673,19.278977870941162,18.725021832999996,18.712964208000002,103,96,213,1470,2749,,,,,
sd_p2000,mcp4-n070-r16-07,16.511932545290527,1802.5001500000008,1802.5001500000008,0.0,1.761605435,14.750327110290527,13.756921648,13.746814197999992,82,73,578,1465,2739,,,,,
sd_p2000,mcp4-n070-r16-08,8.948462125802003,1836.0001000000002,1836.0001000000002,0.0,1.16102421,7.787437915802002,7.325749856999999,7.320239,49,45,124,1512,2833,,,,,
sd_p2000,mcp4-n070-r16-09,28.744617207280882,1988.000100000002,1988.000100000002,0.0,1.229009135,27.515608072280884,26.190100104000006,26.169678628999996,167,156,1001,1460,2729,,,,,
sd_p2000,mcp4-n070-r16-10,23.636287796202026,1810.0001666666667,1810.000166666667,0.0,0.852799761,22.783488035202026,21.085825364,21.064556266,140,135,1343,1488,2785,,,,,
sd_p2000,mcp4-n080-r08-01,162.7104818603473,4810.833483333327,4810.833483333327,0.0,5.38776777,157.3227140903473,146.164348659,146.13887894,159,156,6150,1649,3130,,,,,
sd_p2000,mcp4-n080-r08-02,39.73119771343237,5122.000300000005,5122.000300000005,0.0,4.974598764,34.75659894943237,33.906809351,33.898306424000005,56,52,252,1670,3172,,,,,
sd_p2000,mcp4-n080-r08-03,223.7150608410708,6000.000100000001,6000.000100000001,0.0,5.001745831,218.7133150100708,216.0257244579999,215.97420584800008,290,277,1104,1658,3148,,,,,
sd_p2000,mcp4-n080-r08-04,222.83547471343567,5927.111266666672,5927.111266666672,0.0,4.33281277,218.50266194343567,216.54250643099996,216.50632796800005,216,206,592,1648,3128,,,,,
sd_p2000,mcp4-n080-r08-05,41.338990161799195,5400.0001000000075,5400.0001000000075,0.0,5.788722227,35.550267934799194,34.64629729600001,34.639954118000006,49,44,219,1682,3196,,,,,
sd_p2000,mcp4-n080-r08-06,60.207066451925535,4848.000200000004,4848.000200000004,0.0,5.265399372,54.94166707992554,53.78774353299998,53.774558457,88,83,656,1642,3116,,,,,
sd_p2000,mcp4-n080-r08-07,202.7835455898119,4926.000150000001,4926.000150000001,0.0,5.052840567,197.7307050228119,196.07589126700003,196.02841328199995,237,226,620,1656,3144,,,,,
sd_p2000,mcp4-n080-r08-08,203.2982870265078,5168.0001,5168.0001,0.0,5.447991006,197.8502960205078,190.84262130399998,190.804062776,216,208,3309,1690,3212,,,,,
sd_p2000,mcp4-n080-r08-09,226.5634641017737,5038.500150000002,5038.500150000002,0.0,6.07697719,220.48648691177368,215.30771105999992,215.26571864500013,241,233,2921,1696,3224,,,,,
sd_p2000,mcp4-n080-r08-10,83.76109586473315,4610.0001,4610.0001,0.0,6.260775907,77.50031995773315,76.200864821,76.18946560100002,83,79,742,1673,3178,,,,,
sd_p2000,mcp4-n080-r10-01,63.84777536285461,3691.00015,3691.00015,0.0,4.13873639,59.709038972854614,59.035836169000035,59.02130992799999,91,83,230,1659,3130,,,,,
sd_p2000,mcp4-n080-r10-02,64.28966085530347,3995.2501500000008,3995.2501500000008,0.0,4.156207963,60.13345289230347,59.356581209,59.341695412,93,86,353,1648,3108,,,,,
sd_p2000,mcp4-n080-r10-03,62.70466426646472,4124.000099999999,4124.000099999999,0.0,3.884782112,58.81988215446472,57.694667566999996,57.67456887,130,122,588,1660,3132,,,,,
sd_p2000,mcp4-n080-r10-04,74.34214873201428,4292.0002,4292.0002,0.0,2.885250758,71.45689797401428,57.67071507800001,57.59365972900004,126,123,10385,1653,3118,,,,,
sd_p2000,mcp4-n080-r10-05,83.03145687533704,3823.0002000000013,3823.0002000000013,0.0,4.096667933,78.93478894233704,77.69187873599999,77.668583447,155,147,762,1653,3118,,,,,
sd_p2000,mcp4-n080-r10-06,143.9476565085763,4038.000100000004,4038.000100000004,0.0,3.831072446,140.1165840625763,135.42521817399995,135.382878103,267,255,2117,1663,3138,,,,,
sd_p2000,mcp4-n080-r10-07,76.4735484080448,3943.0001000000084,3943.0001000000084,0.0,3.239157434,73.2343909740448,71.96262765700001,71.933646175,190,178,747,1646,3104,,,,,
sd_p2000,mcp4-n080-r10-08,12.884058353989257,4339.000100000005,4339.000100000005,0.0,3.562126515,9.321931838989258,8.906595303,8.902539661000002,22,20,66,1647,3106,,,,,
sd_p2000,mcp4-n080-r10-09,35.153780149151736,3860.0001,3860.0001,0.0,4.422991203,30.730788946151733,30.131580043000007,30.123898858999993,60,53,207,1660,3132,,,,,
sd_p2000,mcp4-n080-r10-10,48.03498275447876,4385.500150000003,4385.500150000003,0.0,3.54682882,44.48815393447876,43.767348886000015,43.750949540000015,104,99,270,1635,3082,,,,,
sd_p2000,mcp4-n080-r12-01,17.059599924459352,3733.0001,3733.0001,0.0,1.648087788,15.41151213645935,14.994869942000003,14.9898409,32,30,24,1639,3077,,,,,
sd_p2000,mcp4-n080-r12-02,130.8774390137997,3525.50015,3525.50015,0.0,2.613199941,128.26423907279968,113.29650877299996,113.249335013,251,236,10719,1635,3069,,,,,
sd_p2000,mcp4-n080-r12-03,67.53847969385743,3056.0001,3056.0001,0.0,3.24852074,64.28995895385742,61.927324923,61.89992657900004,176,167,772,1663,3125,,,,,
sd_p2000,mcp4-n080-r12-04,92.79099227603992,3247.0001999999995,3247.0001999999995,0.0,2.377953307,90.41303896903992,85.73088324699997,85.69200069799994,241,232,2474,1653,3105,,,,,
sd_p2000,mcp4-n080-r12-05,92.0340244789076,3280.000099999999,3280.000099999999,0.0,3.161851408,88.87217307090759,86.70842183299997,86.67130962700004,232,219,733,1619,3037,,,,,
sd_p2000,mcp4-n080-r12-06,90.20865306109033,3081.3334666666674,3081.333466666667,0.0,2.584930031,87.62372303009033,79.58347804599998,79.54747620100004,211,201,3644,1633,3065,,,,,
sd_p2000,mcp4-n080-r12-07,37.796635162594846,2996.0001999999995,2996.0001999999995,0.0,3.131179106,34.66545605659485,33.87827974299999,33.864839177,97,90,346,1638,3075,,,,,
sd_p2000,mcp4-n080-r12-08,36.229275743974,2750.0001,2750.0001,0.0,4.081246655,32.148029088974,31.160032884000003,31.148048890000005,78,71,374,1632,3063,,,,,
sd_p2000,mcp4-n080-r12-09,14.956792258621704,3034.0000999999997,3034.0000999999997,0.0,2.343236112,12.613556146621704,12.124645531000002,12.119777219999998,39,34,47,1646,3091,,,,,
sd_p2000,mcp4-n080-r12-10,106.2603174613955,3249.000100000001,3249.000100000001,0.0,3.035492556,103.22482490539551,98.253510423,98.209008106,226,216,3286,1639,3077,,,,,
sd_p2000,mcp4-n080-r14-01,20.969768502901978,2692.0000999999993,2692.0000999999993,0.0,2.198888519,18.770879983901978,18.203819154,18.194699209000003,58,53,205,1683,3156,,,,,
sd_p2000,mcp4-n080-r14-02,72.02280562546923,2471.000199999998,2471.000199999998,0.0,2.283260757,69.73954486846924,67.01064040100003,66.96621191399998,218,211,1414,1620,3030,,,,,
sd_p2000,mcp4-n080-r14-03,44.88572888926099,2417.5001500000003,2417.5001500000003,0.0,1.988858753,42.896870136260986,41.850622259000005,41.82689705500001,143,132,603,1643,3076,,,,,
sd_p2000,mcp4-n080-r14-04,50.33251322163501,2289.0001,2289.0001,0.0,2.125548252,48.20696496963501,47.07642968799998,47.05082714499997,165,158,692,1603,2996,,,,,
sd_p2000,mcp4-n080-r14-05,45.85076594152161,2817.000100000001,2817.000100000001,0.0,1.70871496,44.142050981521606,43.067837273,43.038892133,161,152,459,1661,3112,,,,,
sd_p2000,mcp4-n080-r14-06,55.90051478615246,2750.5001500000017,2750.5001500000017,0.0,1.733534758,54.166980028152466,44.67675192400001,44.65047577700002,167,160,5947,1670,3130,,,,,
sd_p2000,mcp4-n080-r14-07,19.275941560523314,2926.0000999999993,2926.0000999999993,0.0,1.619366596,17.656574964523315,17.093976086000005,17.082139812999998,71,67,109,1634,3058,,,,,
sd_p2000,mcp4-n080-r14-08,31.465995766572142,2455.50015,2455.50015,0.0,1.861525752,29.604470014572144,29.020569072999994,29.007422272000003,88,83,230,1605,3000,,,,,
sd_p2000,mcp4-n080-r14-09,20.01730051683032,2462.500149999999,2462.500149999999,0.0,2.208208472,17.809092044830322,17.090092548,17.078958326999995,71,67,227,1633,3056,,,,,
sd_p2000,mcp4-n080-r14-10,46.9717840786123,2858.0001333333344,2858.0001333333344,0.0,1.153930151,45.817853927612305,44.82630847999999,44.805347761,150,143,564,1605,3000,,,,,
sd_p2000,mcp4-n080-r16-01,29.478189367219727,2328.000100000001,2328.000100000001,0.0,1.284927267,28.193262100219727,27.493703555999993,27.476298132,123,114,272,1633,3048,,,,,
sd_p2000,mcp4-n080-r16-02,33.84158553163306,2142.5001500000008,2142.5001500000008,0.0,1.572536364,32.26904916763306,27.545956402999998,27.531991242,117,110,3604,1625,3032,,,,,
sd_p2000,mcp4-n080-r16-03,11.608988780470337,1936.500150000001,1936.500150000001,0.0,1.316719789,10.292268991470337,9.893688911,9.888658349000002,45,40,97,1619,3020,,,,,
sd_p2000,mcp4-n080-r16-04,51.19856416049743,2156.750150000002,2156.750150000002,0.0,0.87855326,50.32001090049744,43.289029956000014,43.26468090200001,200,191,3967,1647,3076,,,,,
sd_p2000,mcp4-n080-r16-05,27.52390218651184,2229.000100000002,2229.000100000002,0.0,1.899555215,25.62434697151184,24.85968284200001,24.848217252999998,114,107,204,1633,3048,,,,,
sd_p2000,mcp4-n080-r16-06,6.16831880151709,2299.0001,2299.0001,0.0,1.467414909,4.70090389251709,4.405578989,4.403044891999999,25,22,33,1606,2994,,,,,
sd_p2000,mcp4-n080-r16-07,64.68473979206519,2319.6668333333337,2319.6668333333337,0.0,1.682092869,63.002646923065186,56.591033164000045,56.56103165699999,233,224,4238,1624,3030,,,,,
sd_p2000,mcp4-n080-r16-08,11.89163101075122,1812.000100000002,1812.000100000002,0.0,1.663832072,10.22779893875122,9.728730352,9.723340437000003,50,46,123,1640,3062,,,,,
sd_p2000,mcp4-n080-r16-09,14.926148771085572,1992.000100000002,1992.000100000002,0.0,1.870089649,13.056059122085571,12.551847686000002,12.545748270000002,58,53,94,1606,2994,,,,,
sd_p2000,mcp4-n080-r16-10,23.74726322236133,1627.0001000000002,1627.0001000000002,0.0,1.676199227,22.071063995361328,21.34306031199999,21.329937701999988,117,107,374,1613,3008,,,,,
sd_p2000,mcp4-n090-r08-01,104.93219576710901,6051.333466666664,6051.333466666664,0.0,8.492240771,96.43995499610901,95.49023186100003,95.47832878400004,83,75,265,1764,3340,,,,,
sd_p2000,mcp4-n090-r08-02,82.56912217041175,6350.000100000007,6350.000100000007,0.0,7.010030364,75.55909180641174,74.76998820899999,74.75984681099999,66,61,230,1795,3402,,,,,
sd_p2000,mcp4-n090-r08-03,234.04311214211805,6544.4001199999975,6544.4001199999975,0.0,8.095862968,225.94724917411804,223.086867795,223.05139364100003,206,199,1052,1822,3456,,,,,
sd_p2000,mcp4-n090-r08-04,247.35455468666115,5604.0002,5604.0001999999995,0.0,8.868102584,238.48645210266113,235.39662978100012,235.3699021999999,161,154,1510,1783,3378,,,,,
sd_p2000,mcp4-n090-r08-05,322.39255633054114,5733.500149999982,5733.500149999982,0.0,9.201425454,313.19113087654114,310.43052813899993,310.394667593,202,194,1508,1805,3422,,,,,
sd_p2000,mcp4-n090-r08-06,316.23569853987453,6854.833483333332,6854.833483333332,0.0,9.017296631,307.2184019088745,305.6277414580001,305.5991590639999,176,168,764,1774,3360,,,,,
sd_p2000,mcp4-n090-r08-07,163.17883660993834,6628.500150000002,6628.500150000002,0.0,7.71124747,155.46758913993835,154.25437260899994,154.23169420300005,132,128,507,1795,3402,,,,,
sd_p2000,mcp4-n090-r08-08,260.8936051712521,5870.000149999996,5870.000149999996,0.0,9.170262991,251.72334218025208,249.833037769,249.806741734,159,152,1019,1780,3372,,,,,
sd_p2000,mcp4-n090-r08-09,62.838260773072264,5690.50015,5690.50015,0.0,8.022094849,54.816165924072266,53.9011191,53.894389547,45,41,335,1765,3342,,,,,
sd_p2000,mcp4-n090-r08-10,137.88976779154615,6615.0001,6615.0001,0.0,8.891174938,128.99859285354614,128.181723182,128.17177019899998,64,59,193,1806,3424,,,,,
sd_p2000,mcp4-n090-r10-01,91.7204290410033,5127.500150000007,5127.500150000007,0.0,6.976319172,84.7441098690033,83.74927403300002,83.73807838299999,83,77,476,1783,3355,,,,,
sd_p2000,mcp4-n090-r10-02,43.14892987719409,4945.0001999999995,4945.0001999999995,0.0,6.146183772,37.00274610519409,36.246420554000004,36.24024190099999,47,43,197,1786,3361,,,,,
sd_p2000,mcp4-n090-r10-03,87.63405744225292,4279.000100000005,4279.000100000005,0.0,7.509898583,80.12415885925293,79.169372998,79.15946473800001,76,71,300,1800,3389,,,,,
sd_p2000,mcp4-n090-r10-04,317.14643135922535,4416.0001,4416.0001,0.0,6.730782422,310.41564893722534,300.6965781249998,300.63353716799986,324,314,5037,1763,3315,,,,,
sd_p2000,mcp4-n090-r10-05,234.50620151920862,4297.000099999999,4297.000099999999,0.0,7.636837496,226.86936402320862,224.8863788859999,224.85592860999995,185,179,962,1804,3397,,,,,
sd_p2000,mcp4-n090-r10-06,111.64258370356848,4412.000199999999,4412.000199999999,0.0,7.058912849,104.58367085456848,103.646315193,103.63281237400007,106,100,482,1786,3361,,,,,
sd_p2000,mcp4-n090-r10-07,54.62732570094531,4309.000100000001,4309.000100000001,0.0,6.336233782,48.29109191894531,47.393870745,47.38412682799999,67,61,216,1715,3219,,,,,
sd_p2000,mcp4-n090-r10-08,264.647353114359,4828.000133333336,4828.000133333336,0.0,5.040894212,259.606458902359,251.59404217099996,251.53631653400018,312,297,4568,1763,3315,,,,,
sd_p2000,mcp4-n090-r10-09,102.33607836949963,5061.0001,5061.0001,0.0,5.990697348,96.34538102149963,95.198040316,95.18378878300001,97,89,393,1768,3325,,,,,
sd_p2000,mcp4-n090-r10-10,238.1957191907467,4562.400139999998,4562.400139999998,0.0,6.409067341,231.7866518497467,228.190194032,228.1496411239999,260,253,1427,1785,3359,,,,,
sd_p2000,mcp4-n090-r12-01,233.62462519917995,3706.400139999995,3706.400139999995,0.0,4.891495221,228.73312997817993,199.82741633599997,199.76982757799993,315,310,20250,1771,3316,,,,,
sd_p2000,mcp4-n090-r12-02,34.40927364571606,3871.0001500000017,3871.0001500000017,0.0,4.792474768,29.616798877716064,28.918592333000003,28.910818241000005,54,49,161,1756,3286,,,,,
sd_p2000,mcp4-n090-r12-03,48.00938441553491,3755.0000999999993,3755.0000999999993,0.0,5.566893361,42.44249105453491,41.624563101,41.60942099799999,84,80,244,1793,3360,,,,,
sd_p2000,mcp4-n090-r12-04,113.5375499662909,3608.0001500000026,3608.0001500000026,0.0,5.690221065,107.8473289012909,106.501461218,106.47286519799997,165,156,676,1768,3310,,,,,
sd_p2000,mcp4-n090-r12-05,135.39509749196802,3550.0001,3550.0001,0.0,5.244191406,130.15090608596802,127.54745801899995,127.51018936399998,210,201,1039,1772,3318,,,,,
sd_p2000,mcp4-n090-r12-06,45.27945964620788,3339.0002000000004,3339.0002000000004,0.0,5.12558358,40.153876066207886,39.38211301699999,39.37150869499999,69,62,292,1779,3332,,,,,
sd_p2000,mcp4-n090-r12-07,90.81714281683533,3782.5001500000003,3782.5001500000003,0.0,4.22988567,86.58725714683533,85.93062052600003,85.91533309799999,109,105,80,1785,3344,,,,,
sd_p2000,mcp4-n090-r12-08,66.58690319160925,3672.0001,3672.0001,0.0,6.400314189,60.18658900260925,59.01290114699998,58.992422528,103,96,457,1766,3306,,,,,
sd_p2000,mcp4-n090-r12-09,10.43430976596289,4184.000100000001,4184.000100000001,0.0,3.737131879,6.697177886962891,6.2375327039999995,6.234525918999999,18,16,37,1779,3332,,,,,
sd_p2000,mcp4-n090-r12-10,64.75387486039453,3350.3334666666674,3350.3334666666674,0.0,5.435507856,59.31836700439453,57.98952579100002,57.971477337999985,106,103,706,1794,3362,,,,,
sd_p2000,mcp4-n090-r14-01,44.80858919453979,3413.0001,3413.0001,0.0,3.08966801,41.718921184539795,41.180248263,41.16441032600002,98,91,140,1785,3334,,,,,
sd_p2000,mcp4-n090-r14-02,24.471280300805542,3182.000149999999,3182.000149999999,0.0,3.664778197,20.806502103805542,20.296771371000002,20.291075706999997,41,37,74,1783,3330,,,,,
sd_p2000,mcp4-n090-r14-03,33.30713964381091,3149.0002000000004,3149.0002000000004,0.0,4.203595647,29.103543996810913,28.579445114000002,28.57072682099999,52,47,130,1755,3274,,,,,
sd_p2000,mcp4-n090-r14-04,28.289011668568236,3646.0001,3646.0001,0.0,3.253732633,25.035279035568237,24.409973718,24.399202664,74,69,129,1785,3334,,,,,
sd_p2000,mcp4-n090-r14-05,17.404279886450805,3044.0000999999997,3044.0000999999997,0.0,4.14937204,13.254907846450806,12.620652798,12.616189283,35,33,153,1755,3274,,,,,
sd_p2000,mcp4-n090-r14-06,69.97330903330469,3399.3334666666697,3399.3334666666697,0.0,3.752193921,66.22111511230469,65.34927103200003,65.32637931800002,129,121,308,1791,3346,,,,,
sd_p2000,mcp4-n090-r14-07,53.14667821112549,2659.6668333333314,2659.6668333333314,0.0,3.57211137,49.57456684112549,48.42316300499999,48.404094442999984,118,112,563,1785,3334,,,,,
sd_p2000,mcp4-n090-r14-08,41.1361054227898,2623.500133333334,2623.500133333334,0.0,4.608102207,36.528003215789795,35.699939155,35.68484930300001,81,74,307,1790,3344,,,,,
sd_p2000,mcp4-n090-r14-09,24.389750450978028,2984.0002000000004,2984.0002000000004,0.0,4.311420411,20.078330039978027,19.212797214000005,19.205116128999993,47,44,303,1761,3286,,,,,
sd_p2000,mcp4-n090-r14-10,35.71646789949011,2664.0001,2664.0001,0.0,3.836492819,31.879975080490112,31.160165690999996,31.147769773000004,86,78,271,1766,3296,,,,,
sd_p2000,mcp4-n090-r16-01,46.606815120671996,2082.333466666669,2082.333466666669,0.0,3.60266926,43.004145860672,41.968023470000006,41.944349728999995,123,117,560,1751,3258,,,,,
sd_p2000,mcp4-n090-r16-02,96.06264915989514,2594.00015,2594.00015,0.0,3.351818233,92.71083092689514,85.59040787800002,85.54217639299998,258,246,4230,1749,3254,,,,,
sd_p2000,mcp4-n090-r16-03,36.906141543942624,2573.333466666666,2573.333466666666,0.0,3.223531509,33.68261003494263,33.106862078000006,33.089411270000014,90,84,199,1717,3190,,,,,
sd_p2000,mcp4-n090-r16-04,39.70553842753845,2174.00014,2174.00014,0.0,3.51546756,36.19007086753845,34.795790999,34.778980027,99,89,900,1760,3276,,,,,
sd_p2000,mcp4-n090-r16-05,15.779982081315918,2710.0001499999994,2710.0001499999994,0.0,2.51839017,13.261591911315918,12.702208805999996,12.69580519,38,34,53,1766,3288,,,,,
sd_p2000,mcp4-n090-r16-06,51.11548378352857,2677.0001000000025,2677.0001000000025,0.0,3.472195648,47.643288135528564,46.665867519999985,46.63892705799999,132,126,418,1733,3222,,,,,
sd_p2000,mcp4-n090-r16-07,20.893789533202025,2343.0001500000003,2343.0001500000003,0.0,2.581004623,18.312784910202026,17.743032718000002,17.733765389000002,56,51,114,1754,3264,,,,,
sd_p2000,mcp4-n090-r16-08,59.767179669429076,2537.0001,2537.0001,0.0,2.254690589,57.51248908042908,56.784558500999985,56.762341138999965,156,145,231,1738,3232,,,,,
sd_p2000,mcp4-n090-r16-09,32.13960382521826,2431.000200000001,2431.000200000001,0.0,3.863645764,28.27595806121826,27.377105202,27.331730418,79,74,374,1741,3238,,,,,
sd_p2000,mcp4-n090-r16-10,161.2530876893589,2754.0001,2754.0001,0.0,2.380785634,158.8723020553589,154.43312633699995,154.37514600600002,339,322,1851,1761,3278,,,,,
sd_p2000,mcp4-n100-r08-01,911.319051143419,6727.000200000003,6727.0889503766975,1.3193158028210911e-5,12.425174114,898.893877029419,894.162498438,894.0872973070003,313,303,2236,1896,3583,,,,,
sd_p2000,mcp4-n100-r08-02,371.87008108606506,7489.764852941176,7489.764852941176,0.0,10.67971601,361.19036507606506,357.7046212740003,357.6654539730001,203,197,1088,1900,3591,,,,,
sd_p2000,mcp4-n100-r08-03,553.9812029197818,7652.500149999992,7652.560870351189,7.934707612809785e-6,11.567926009,542.4132769107819,540.6221893009999,540.5892691419998,171,165,924,1886,3563,,,,,
sd_p2000,mcp4-n100-r08-04,173.36290416987694,6973.666799999997,6973.666799999997,0.0,11.131287196,162.23161697387695,160.50894342200004,160.4825621470001,153,146,909,1876,3543,,,,,
sd_p2000,mcp4-n100-r08-05,315.4027780037524,7837.000100000001,7837.571528571428,7.291419728661512e-5,10.263098095,305.13967990875244,303.5775053099999,303.5458101910001,175,166,606,1889,3569,,,,,
sd_p2000,mcp4-n100-r08-06,1014.5640110813292,6773.40014,6773.40014,0.0,13.863307222,1000.7007038593292,994.7225126800007,994.6526425529999,318,309,3086,1884,3559,,,,,
sd_p2000,mcp4-n100-r08-07,778.1700873969347,7155.000149999999,7155.513031034485,7.168148479855339e-5,14.473297417,763.6967899799347,752.4086696770003,752.335646500999,337,330,6468,1886,3563,,,,,
sd_p2000,mcp4-n100-r08-08,122.05736687890332,7455.000166666659,7455.000166666659,0.0,12.683417828,109.37394905090332,108.316993,108.31117740899997,38,35,402,1868,3527,,,,,
sd_p2000,mcp4-n100-r08-09,212.9894349640326,8006.000100000001,8006.000100000001,0.0,11.422681815,201.5667531490326,200.63223211499997,200.61920258699996,70,68,156,1901,3593,,,,,
sd_p2000,mcp4-n100-r08-10,242.1807510553994,7545.000100000001,7545.000099999999,0.0,11.089860171,231.0908908843994,230.12255363900007,230.102550249,113,104,229,1885,3561,,,,,
sd_p2000,mcp4-n100-r10-01,405.2558078535792,5748.000100000001,5748.000100000001,0.0,10.292896963,394.9629108905792,391.9685711370001,391.85654815899983,258,245,1103,1901,3568,,,,,
sd_p2000,mcp4-n100-r10-02,101.98874982212915,5565.500149999996,5565.500149999996,0.0,9.801586946,92.18716287612915,91.341216108,91.32401813,48,42,306,1888,3542,,,,,
sd_p2000,mcp4-n100-r10-03,189.1430244504391,5742.000200000006,5742.000200000006,0.0,9.845689541,179.2973349094391,178.01344612900007,177.979928232,93,85,407,1906,3578,,,,,
sd_p2000,mcp4-n100-r10-04,121.08350200678382,5337.000100000001,5337.000100000001,0.0,10.103403044,110.98009896278381,110.07167256000001,110.03634405499999,88,83,314,1867,3500,,,,,
sd_p2000,mcp4-n100-r10-05,247.01170239757275,5641.600120000005,5641.600120000005,0.0,9.240354398,237.77134799957275,235.04278921100013,234.97199922500013,169,164,1691,1861,3488,,,,,
sd_p2000,mcp4-n100-r10-06,81.73871742043347,4740.285857142852,4740.2858571428515,0.0,9.570019348,72.16869807243347,70.91907185,70.892967692,73,70,559,1849,3464,,,,,
sd_p2000,mcp4-n100-r10-07,313.68757783365527,4962.000100000003,4962.000100000003,0.0,10.040263762,303.6473140716553,300.7074678959999,300.63556183499986,184,176,1186,1859,3484,,,,,
sd_p2000,mcp4-n100-r10-08,363.6770654992776,5207.200240000001,5207.200240000001,0.0,10.876270421,352.8007950782776,351.079034109,350.99936103,183,172,773,1857,3480,,,,,
sd_p2000,mcp4-n100-r10-09,197.19506877816175,5493.000200000001,5493.000200000001,0.0,10.019277753,187.17579102516174,185.83289333700003,185.796395207,126,118,488,1880,3526,,,,,
sd_p2000,mcp4-n100-r10-10,132.0348155651249,5179.0001,5179.0001,0.0,8.468923584,123.56589198112488,122.62708956299996,122.59832872500004,104,96,317,1869,3504,,,,,
sd_p2000,mcp4-n100-r12-01,88.97862032931006,4715.000099999999,4715.000099999999,0.0,6.460463324,82.51815700531006,81.802329686,81.78781557099997,77,73,80,1884,3518,,,,,
sd_p2000,mcp4-n100-r12-02,37.144699188287234,4416.750150000007,4416.750150000007,0.0,8.597466322,28.54723286628723,27.828735618999996,27.824149143000003,29,26,108,1876,3502,,,,,
sd_p2000,mcp4-n100-r12-03,54.527411868162844,4371.000099999999,4371.000099999999,0.0,6.800849845,47.72656202316284,46.961534644000004,46.953039213000004,49,45,206,1871,3492,,,,,
sd_p2000,mcp4-n100-r12-04,154.8268477367606,4026.0000999999984,4026.0000999999984,0.0,8.930299704,145.89654803276062,144.30940048699998,144.27856906399995,144,139,865,1889,3528,,,,,
sd_p2000,mcp4-n100-r12-05,148.80776176645898,4321.000100000002,4321.000100000002,0.0,7.485438921,141.32232284545898,139.643011061,139.60753763200006,204,197,772,1869,3488,,,,,
sd_p2000,mcp4-n100-r12-06,95.25011003625049,4808.0000999999975,4808.0000999999975,0.0,7.461431867,87.78867816925049,86.79685378899998,86.780733479,95,88,296,1877,3504,,,,,
sd_p2000,mcp4-n100-r12-07,202.53512396981117,4274.000200000002,4274.000200000002,0.0,6.881235029,195.65388894081116,194.10726557399994,194.06445851199996,211,202,646,1896,3542,,,,,
sd_p2000,mcp4-n100-r12-08,194.04914659709425,4097.000133333329,4097.000133333329,0.0,6.983185713,187.06596088409424,185.6151036939999,185.58825383500002,163,152,627,1897,3544,,,,,
sd_p2000,mcp4-n100-r12-09,309.76052349569665,4716.0001,4716.0001,0.0,8.862944541,300.89757895469666,299.489925173,299.43908420700006,257,250,505,1905,3560,,,,,
sd_p2000,mcp4-n100-r12-10,30.4672169828667,3990.0000999999997,3990.0000999999997,0.0,6.730947032,23.7362699508667,23.030922758999996,23.026696132999998,29,26,140,1859,3468,,,,,
sd_p2000,mcp4-n100-r14-01,28.01750306486096,3127.0001,3127.0001,0.0,7.759261173,20.258241891860962,19.325106402999996,19.319703048999997,34,30,278,1890,3518,,,,,
sd_p2000,mcp4-n100-r14-02,37.26409353888367,3279.0000999999993,3279.0000999999993,0.0,6.741740605,30.522352933883667,29.64164183700001,29.634060687,40,38,338,1893,3524,,,,,
sd_p2000,mcp4-n100-r14-03,34.98953603837524,3916.0001,3916.0001,0.0,5.91795086,29.071585178375244,28.477851949,28.46648369,59,54,115,1848,3434,,,,,
sd_p2000,mcp4-n100-r14-04,37.90501708270569,3715.0001000000007,3715.0001000000007,0.0,4.173972075,33.73104500770569,33.040055351,33.031371249,49,43,172,1886,3510,,,,,
sd_p2000,mcp4-n100-r14-05,130.39695411500804,3551.0001,3551.0001,0.0,4.503149088,125.89380502700806,124.957110277,124.92890723399996,153,146,117,1900,3538,,,,,
sd_p2000,mcp4-n100-r14-06,159.91399617251233,3210.000150000005,3210.0001500000053,0.0,7.778803063,152.13519310951233,149.91953180700003,149.87847136399998,219,212,1323,1852,3442,,,,,
sd_p2000,mcp4-n100-r14-07,32.044403974970216,3198.0001999999995,3198.0001999999995,0.0,5.778284018,26.266119956970215,25.532963183,25.526149141999998,46,43,226,1879,3496,,,,,
sd_p2000,mcp4-n100-r14-08,37.69779359939795,3560.0001,3560.0001,0.0,4.756628629,32.94116497039795,32.415105043,32.408742104,41,38,42,1854,3446,,,,,
sd_p2000,mcp4-n100-r14-09,46.81163241659558,3627.7501624999995,3627.7501624999995,0.0,4.979516528,41.83211588859558,41.066389751,41.058584918,61,54,139,1872,3482,,,,,
sd_p2000,mcp4-n100-r14-10,52.372472118399415,3540.6001399999986,3540.6001399999986,0.0,6.279628109,46.092844009399414,45.30117019199999,45.289760875999995,63,57,228,1876,3490,,,,,
sd_p2000,mcp4-n100-r16-01,22.292073467876463,3241.0001,3241.0001,0.0,3.709974507,18.582098960876465,18.020206476,18.009925817000003,41,38,107,1869,3467,,,,,
sd_p2000,mcp4-n100-r16-02,42.703457444450315,2910.0001499999994,2910.0001499999994,0.0,4.346114486,38.35734295845032,37.534479694000005,37.51502160099999,89,80,214,1856,3441,,,,,
sd_p2000,mcp4-n100-r16-03,34.6514759227876,3159.0000999999997,3159.0000999999997,0.0,3.557045953,31.094429969787598,30.486798269000005,30.474064819000006,63,58,104,1852,3433,,,,,
sd_p2000,mcp4-n100-r16-04,48.161822395151,3067.000100000001,3067.000100000001,0.0,5.005896406,43.155925989151,42.405004305,42.392062927000005,68,61,109,1895,3519,,,,,
sd_p2000,mcp4-n100-r16-05,48.84372577402368,2811.0000999999997,2811.0000999999997,0.0,5.374328706,43.46939706802368,42.470219140999994,42.450874937,101,93,339,1883,3495,,,,,
sd_p2000,mcp4-n100-r16-06,18.409842701062257,2984.000100000001,2984.000100000001,0.0,4.567975731,13.841866970062256,13.258603456000001,13.252738605,36,33,91,1875,3479,,,,,
sd_p2000,mcp4-n100-r16-07,14.219619121025634,2678.0001000000007,2678.0001000000007,0.0,5.609181251,8.610437870025635,7.997382165,7.994056116999999,21,18,119,1851,3431,,,,,
sd_p2000,mcp4-n100-r16-08,59.858062330544676,3016.0002000000004,3016.0002000000004,0.0,4.552164141,55.30589818954468,54.30264129700001,54.277717056,122,117,480,1868,3465,,,,,
sd_p2000,mcp4-n100-r16-09,27.586948962289185,2889.0001600000005,2889.0001600000005,0.0,5.066644044,22.520304918289185,21.857347717999996,21.849930755000003,44,40,195,1839,3407,,,,,
sd_p2000,mcp4-n100-r16-10,26.03178057210669,2992.0001,2992.0001,0.0,3.663852544,22.36792802810669,21.805515385000003,21.795321623,53,49,94,1860,3449,,,,,
sd_p2000,mcp4-n110-r08-01,433.4473932721738,7634.000199999993,7634.000199999993,0.0,21.697496269,411.7498970031738,407.3433561219998,407.3198473459999,103,96,1625,1994,3760,,,,,
sd_p2000,mcp4-n110-r08-02,645.2861000120869,7522.000100000001,7522.000100000001,0.0,23.695331198,621.5907688140869,618.4484011249998,618.4196689490003,135,131,1729,1986,3744,,,,,
sd_p2000,mcp4-n110-r08-03,186.12815599962195,8261.000150000007,8261.000150000007,0.0,21.513083034,164.61507296562195,163.323765028,163.31773076300001,33,30,380,1962,3696,,,,,
sd_p2000,mcp4-n110-r08-04,680.521817553448,8120.0001,8120.482392623161,5.9395642514943034e-5,21.187673438,659.334144115448,657.2429815800003,657.2216828900002,122,114,983,1966,3704,,,,,
sd_p2000,mcp4-n110-r08-05,347.15186589899156,7733.333499999999,7733.333499999999,0.0,23.474703967,323.6771619319916,321.4994694200001,321.48386913200005,83,80,1145,1978,3728,,,,,
sd_p2000,mcp4-n110-r08-06,655.4153095507083,8346.666800000006,8346.666800000006,0.0,24.841407659,630.5739018917084,628.1360146789998,628.107074103,140,136,1109,1967,3706,,,,,
sd_p2000,mcp4-n110-r08-07,1289.8116311162694,7014.900120000004,7014.900120000004,0.0,28.797001037,1261.0146300792694,1256.5179395680002,1256.482603205999,160,153,1922,1966,3704,,,,,
sd_p2000,mcp4-n110-r08-08,445.0001051191646,8720.333499999999,8720.333499999999,0.0,23.991440988,421.00866413116455,419.55002117,419.53406723699993,92,89,598,1975,3722,,,,,
sd_p2000,mcp4-n110-r08-09,473.5928098799215,8865.833466666667,8865.833466666667,0.0,24.757225001,448.8355848789215,447.16802180599996,447.155875437,81,75,760,1976,3724,,,,,
sd_p2000,mcp4-n110-r08-10,1974.9839420996389,7896.000200000008,7896.365895724469,4.631404701093438e-5,23.549583026,1951.434359073639,1937.0963751549994,1937.01617973,373,366,7299,1973,3718,,,,,
sd_p2000,mcp4-n110-r10-01,336.9747899930244,5975.000100000001,5975.000100000001,0.0,15.852404968,321.1223850250244,319.50983724100007,319.48065140499995,144,138,835,1959,3662,,,,,
sd_p2000,mcp4-n110-r10-02,220.04631557255408,5588.000100000002,5588.000100000002,0.0,16.466199539,203.58011603355408,201.839269692,201.82164029899994,92,87,789,1955,3654,,,,,
sd_p2000,mcp4-n110-r10-03,228.73673819328053,6293.200140000001,6293.200140000001,0.0,15.743913162,212.99282503128052,211.3517381080001,211.32802091999997,104,96,724,1983,3710,,,,,
sd_p2000,mcp4-n110-r10-04,372.6417566183506,5736.0001,5736.0001,0.0,15.449932659,357.1918239593506,354.2031425440002,354.16389765300005,196,191,1603,1976,3696,,,,,
sd_p2000,mcp4-n110-r10-05,1192.7879215837302,6081.666799999999,6081.666799999999,0.0,16.137834704,1176.6500868797302,1170.6490020000003,1170.5436418000002,429,419,2018,1978,3700,,,,,
sd_p2000,mcp4-n110-r10-06,181.43746601760145,6171.000100000001,6171.000100000001,0.0,12.438087098,168.99937891960144,167.60803088499995,167.594435825,82,75,400,1995,3734,,,,,
sd_p2000,mcp4-n110-r10-07,471.3516959559707,6631.000100000005,6631.000100000005,0.0,15.266136111,456.0855598449707,454.5147209399998,454.4839183019998,167,155,542,1969,3682,,,,,
sd_p2000,mcp4-n110-r10-08,399.3031406359647,6140.000149999998,6140.000149999998,0.0,17.929547544,381.3735930919647,377.7712663599999,377.731204366,209,204,1544,1967,3678,,,,,
sd_p2000,mcp4-n110-r10-09,224.07340144904407,6376.00015,6376.00015,0.0,16.991998432,207.08140301704407,205.48431066299997,205.474426202,60,55,685,1973,3690,,,,,
sd_p2000,mcp4-n110-r10-10,899.8003043552569,6065.00014,6065.00014,0.0,17.695063295,882.105241060257,876.5464596759998,876.4823644289996,283,278,2547,1963,3670,,,,,
sd_p2000,mcp4-n110-r12-01,57.33091473380542,5279.500150000003,5279.5001500000035,0.0,8.793725727,48.53718900680542,47.97745685000002,47.971598517,37,32,51,1947,3620,,,,,
sd_p2000,mcp4-n110-r12-02,207.2270807761914,4376.0001,4376.0001,0.0,12.711722805,194.5153579711914,193.00964036699995,192.98554572099994,124,116,578,1976,3678,,,,,
sd_p2000,mcp4-n110-r12-03,68.83007382189051,5184.000099999999,5184.0001,0.0,12.526968706,56.3031051158905,55.5225817,55.51752669700001,31,29,179,1985,3696,,,,,
sd_p2000,mcp4-n110-r12-04,82.96664625013526,4269.000099999999,4269.000099999999,0.0,12.104844149,70.86180210113525,69.70660199400001,69.69711155000002,55,52,238,1975,3676,,,,,
sd_p2000,mcp4-n110-r12-05,119.14934135934838,4786.500150000002,4786.500150000002,0.0,13.934059396,105.21528196334839,102.689518566,102.674062773,88,83,1615,1975,3676,,,,,
sd_p2000,mcp4-n110-r12-06,154.7020982800167,4867.666799999999,4867.666799999999,0.0,12.872610241,141.82948803901672,140.670191227,140.654969251,88,80,435,1946,3618,,,,,
sd_p2000,mcp4-n110-r12-07,241.51013427479455,5195.500150000001,5195.500150000001,0.0,11.869545276,229.64058899879456,227.02232161300006,226.99434288300003,156,149,1131,1950,3626,,,,,
sd_p2000,mcp4-n110-r12-08,358.402069244011,4649.555699999999,4649.555699999999,0.0,13.816234264,344.585834980011,343.06226011099994,343.0287181809998,165,155,670,1950,3626,,,,,
sd_p2000,mcp4-n110-r12-09,94.65429317190441,4766.000166666667,4766.000166666667,0.0,12.026448123,82.62784504890442,81.55481900100003,81.54471526500001,63,60,327,1964,3654,,,,,
sd_p2000,mcp4-n110-r12-10,281.7108216266627,4922.0001,4922.0001,0.0,12.789705513,268.9211161136627,267.5862406549997,267.5439074990001,186,178,511,1965,3656,,,,,
sd_p2000,mcp4-n110-r14-01,30.83136259769165,4101.800179999998,4101.800179999998,0.0,6.977573745,23.85378885269165,23.291628234999997,23.287240989000004,24,21,97,1976,3665,,,,,
sd_p2000,mcp4-n110-r14-02,122.63754519127698,4067.000133333333,4067.000133333333,0.0,9.880581223,112.75696396827698,111.53952212599998,111.52083139599999,91,83,456,1986,3685,,,,,
sd_p2000,mcp4-n110-r14-03,184.62653843942786,4554.000100000001,4554.000100000001,0.0,8.170461579,176.45607686042786,174.763196693,174.715184055,205,195,767,1950,3613,,,,,
sd_p2000,mcp4-n110-r14-04,101.89226291801917,4383.000100000001,4383.000100000001,0.0,7.192137939,94.70012497901917,93.884250469,93.86719961599998,99,93,236,1970,3653,,,,,
sd_p2000,mcp4-n110-r14-05,372.3709259084569,3578.0001,3578.0001,0.0,9.691378837,362.6795470714569,360.860937205,360.8076523949998,259,249,769,1957,3627,,,,,
sd_p2000,mcp4-n110-r14-06,163.11132766708997,3597.000199999999,3597.000199999999,0.0,10.742809553,152.36851811408997,150.72533819100002,150.70934564900003,111,104,707,1976,3665,,,,,
sd_p2000,mcp4-n110-r14-07,86.50236121125184,4315.166799999999,4315.166799999999,0.0,8.942645225,77.55971598625183,76.77707461399999,76.76162133000001,89,83,198,1962,3637,,,,,
sd_p2000,mcp4-n110-r14-08,112.58664910916565,4166.666799999997,4166.666799999997,0.0,8.15612023,104.43052887916565,103.32011288699998,103.29910500500003,117,110,422,1966,3645,,,,,
sd_p2000,mcp4-n110-r14-09,50.08110893176245,4067.000199999998,4067.000199999998,0.0,7.793301944,42.28780698776245,41.55443026800001,41.545705098999996,66,63,201,1981,3675,,,,,
sd_p2000,mcp4-n110-r14-10,186.1362390209717,3643.0002000000013,3643.000200000001,0.0,11.07976815,175.05647087097168,172.48100171100003,172.455269384,165,158,920,1954,3621,,,,,
sd_p2000,mcp4-n110-r16-01,79.31023464507227,3365.000100000003,3365.000100000003,0.0,5.710865596,73.59936904907227,72.84451683600003,72.82954344600002,102,97,169,1953,3609,,,,,
sd_p2000,mcp4-n110-r16-02,85.70307593837146,3295.0001000000007,3295.0001000000007,0.0,6.280978017,79.42209792137146,78.50898788499998,78.48346588499999,120,115,264,1962,3627,,,,,
sd_p2000,mcp4-n110-r16-03,110.19779553622327,3681.000200000001,3681.000200000001,0.0,6.614375498,103.58342003822327,102.710315638,102.681780585,136,128,320,1957,3617,,,,,
sd_p2000,mcp4-n110-r16-04,36.016484632760864,3299.333499999998,3299.333499999998,0.0,7.663341656,28.353142976760864,27.705250259,27.69939543,32,28,137,1935,3573,,,,,
sd_p2000,mcp4-n110-r16-05,59.86801969245471,3513.0001,3513.0001,0.0,5.465795867,54.40222382545471,53.735687381999995,53.72155559999999,79,74,105,1975,3653,,,,,
sd_p2000,mcp4-n110-r16-06,119.67686547846985,3310.500149999999,3310.500149999999,0.0,6.1122395,113.56462597846985,111.52557750099997,111.48761476299993,184,177,1234,1968,3639,,,,,
sd_p2000,mcp4-n110-r16-07,56.13304308351086,3346.0000999999997,3346.0000999999997,0.0,6.106560263,50.026482820510864,49.165085162999986,49.15276644699999,60,55,147,1976,3655,,,,,
sd_p2000,mcp4-n110-r16-08,69.83836744506091,3322.0001500000008,3322.0001500000008,0.0,5.816366417,64.02200102806091,63.328761826999994,63.308920429,85,80,133,1963,3629,,,,,
sd_p2000,mcp4-n110-r16-09,71.24088527846399,3576.0001,3576.0001,0.0,6.888444206,64.35244107246399,63.377567342,63.355513866999985,94,89,381,1954,3611,,,,,
sd_p2000,mcp4-n110-r16-10,96.16956900271595,3257.0001,3257.0001,0.0,8.038880097,88.13068890571594,87.09948538500004,87.076298873,109,102,348,1957,3617,,,,,
sd_p2000,mcp4-n120-r08-01,3619.004648819351,8226.000225000003,9713.763282430336,0.18086105236282465,37.25336875,3581.751280069351,3574.8507411700016,3574.7396664720036,357,350,2479,2055,3861,,,,,
sd_p2000,mcp4-n120-r08-02,3666.4652456023196,9128.000100000001,9537.325875164097,0.04484287584134621,38.948479531,3627.5167660713196,3621.149576871,3621.068340338001,331,325,2677,2061,3873,,,,,
sd_p2000,mcp4-n120-r08-03,3602.3816038170426,8502.636518181818,8958.80863994492,0.05365066715337476,35.738552908,3566.6430509090424,3547.629001920997,3547.4620475859983,653,647,9145,2016,3783,,,,,
sd_p2000,mcp4-n120-r08-04,2520.2722325774907,8953.80014,8954.649077915288,9.481314101443002e-5,39.715395734,2480.5568368434906,2471.811062242,2471.717945251002,413,407,3883,2021,3793,,,,,
sd_p2000,mcp4-n120-r08-05,3859.5135105768654,8276.333500000004,9786.734539834028,0.1824963964820923,35.882044665,3823.6314659118652,3817.759759256999,3817.6449915619987,403,394,1782,2045,3841,,,,,
sd_p2000,mcp4-n120-r08-06,3626.1366499927385,8997.857285714295,9585.171220159915,0.06527264389690701,41.868366864,3584.2682831287384,3575.9184136589965,3575.753574676001,588,583,2673,2031,3813,,,,,
sd_p2000,mcp4-n120-r08-07,3323.330053269653,9132.500150000007,9132.500150000007,0.0,46.979157388,3276.350895881653,3267.378880712001,3267.292514897002,367,358,3649,2027,3805,,,,,
sd_p2000,mcp4-n120-r08-08,5325.5857434528525,9321.750125000006,9704.878887878784,0.04110051843711885,45.455463435,5280.130280017853,5271.214089147002,5271.136153139996,294,284,3482,2060,3871,,,,,
sd_p2000,mcp4-n120-r08-09,3658.1711330387916,7455.333500000008,10240.801562458268,0.37362085310580095,53.458902118,3604.7122309207916,3594.162581521998,3593.8918723519987,798,792,3531,2050,3851,,,,,
sd_p2000,mcp4-n120-r08-10,534.3099633249068,9149.0001,9149.0001,0.0,30.311263183,503.99870014190674,502.910029474,502.901538217,49,47,248,2075,3901,,,,,
sd_p2000,mcp4-n120-r10-01,557.9275283323867,6709.500150000001,6709.500150000001,0.0,23.655746411,534.2717819213867,527.3196545619998,527.274242039,200,194,3636,2061,3843,,,,,
sd_p2000,mcp4-n120-r10-02,815.0716911563476,7276.000100000001,7276.000100000001,0.0,24.888085247,790.1836059093475,788.7381939889999,788.6999121030001,185,180,379,2045,3811,,,,,
sd_p2000,mcp4-n120-r10-03,887.1740945823661,7147.000150000002,7147.000150000002,0.0,26.222866679,860.9512279033661,857.0404052659999,857.0011701299999,162,156,1385,2056,3833,,,,,
sd_p2000,mcp4-n120-r10-04,838.1223160704799,7145.333466666671,7145.333466666671,0.0,22.411516138,815.7107999324799,813.2260266139997,813.1892874809998,176,166,1130,2056,3833,,,,,
sd_p2000,mcp4-n120-r10-05,1336.464985858588,6967.000100000003,6967.000100000003,0.0,24.359578859,1312.105406999588,1307.6786448080009,1307.6258875550006,235,226,1849,2065,3851,,,,,
sd_p2000,mcp4-n120-r10-06,883.0504937380765,7058.0001,7058.0001,0.0,26.032978794,857.0175149440765,853.2168974909996,853.1577087819996,247,241,769,2034,3789,,,,,
sd_p2000,mcp4-n120-r10-07,279.97536942186196,7019.000099999999,7019.000099999999,0.0,28.324341504,251.65102791786194,250.49503261599997,250.48347666299998,55,53,310,2050,3821,,,,,
sd_p2000,mcp4-n120-r10-08,2082.244515889124,7300.000100000002,7300.000100000002,0.0,24.36090874,2057.883607149124,2052.897729697002,2052.791223322,393,385,1186,2063,3847,,,,,
sd_p2000,mcp4-n120-r10-09,240.01871963957154,6495.000100000001,6495.000100000001,0.0,26.157299485,213.86142015457153,212.19668149999995,212.18705099200005,44,42,718,2029,3779,,,,,
sd_p2000,mcp4-n120-r10-10,713.8995832741865,6770.666799999992,6770.666799999992,0.0,25.941905433,687.9576778411865,685.0632511169999,685.0340593119998,134,129,1321,2049,3819,,,,,
sd_p2000,mcp4-n120-r12-01,367.70488191143653,5697.000100000002,5697.000100000001,0.0,15.951793914,351.7530879974365,350.518237532,350.49339728200005,128,119,482,2035,3771,,,,,
sd_p2000,mcp4-n120-r12-02,986.1837824044342,5520.000199999992,5520.000199999992,0.0,19.022252625,967.1615297794342,963.1146094489999,963.0559836800002,246,235,1191,2039,3779,,,,,
sd_p2000,mcp4-n120-r12-03,148.43282906007923,5226.000150000002,5226.000150000002,0.0,18.164254107,130.26857495307922,129.51787712100003,129.508161977,56,51,225,2043,3787,,,,,
sd_p2000,mcp4-n120-r12-04,533.3381771605027,5197.0001499999935,5197.0001499999935,0.0,18.734578089,514.6035990715027,512.156850181,512.1195043160001,188,179,1347,2038,3777,,,,,
sd_p2000,mcp4-n120-r12-05,874.125559353139,5477.000100000001,5477.000100000001,0.0,19.336926245,854.788633108139,852.8212971829998,852.7594776139998,283,271,882,2020,3741,,,,,
sd_p2000,mcp4-n120-r12-06,785.1768524007574,5150.300149999999,5150.300149999999,0.0,18.850804265,766.3260481357574,761.6125028169997,761.5353423939998,329,318,2323,2055,3811,,,,,
sd_p2000,mcp4-n120-r12-07,366.7617626796133,5552.0000999999975,5552.0000999999975,0.0,19.517919601,347.2438430786133,345.3196897710002,345.28973565999985,154,145,1005,2060,3821,,,,,
sd_p2000,mcp4-n120-r12-08,564.7432756608949,5772.666800000001,5773.162327602901,8.584032650220483e-5,19.162867803,545.5804078578949,543.8991113200002,543.8601131339999,188,180,716,2039,3779,,,,,
sd_p2000,mcp4-n120-r12-09,248.34024864951454,5736.000100000001,5736.125099999999,2.1792189298982228e-5,19.167966669,229.17228198051453,228.018542646,228.00152494300002,87,83,450,2015,3731,,,,,
sd_p2000,mcp4-n120-r12-10,272.8484345226444,5593.0001,5593.0001,0.0,19.459048584,253.3893859386444,251.82284948400007,251.80053966,104,99,639,2048,3797,,,,,
sd_p2000,mcp4-n120-r14-01,53.85693896147815,4963.000100000001,4963.000100000001,0.0,15.471209887,38.38572907447815,37.881392398,37.876139956,27,25,82,2055,3797,,,,,
sd_p2000,mcp4-n120-r14-02,220.15473052418616,4841.000150000005,4841.000150000005,0.0,12.432726349,207.72200417518616,206.659757859,206.63656677399993,129,121,240,2024,3735,,,,,
sd_p2000,mcp4-n120-r14-03,234.32379250878859,4269.333466666671,4269.333466666671,0.0,15.633451513,218.69034099578857,216.81131666199997,216.78401999300002,146,140,830,2046,3779,,,,,
sd_p2000,mcp4-n120-r14-04,266.3657524637377,4003.000150000001,4003.000150000001,0.0,18.924285417,247.44146704673767,245.9404920369999,245.920073291,109,105,668,2048,3783,,,,,
sd_p2000,mcp4-n120-r14-05,151.34843732490808,4559.0001,4559.0001,0.0,13.732996241,137.61544108390808,136.79866913499998,136.784145034,82,77,185,2033,3753,,,,,
sd_p2000,mcp4-n120-r14-06,175.8026506390459,4695.00012,4695.00012,0.0,14.658113667,161.1445369720459,159.93207025100003,159.91531483599996,99,92,505,2046,3779,,,,,
sd_p2000,mcp4-n120-r14-07,767.4483923203762,4324.333466666664,4324.763257894736,9.938901136665403e-5,14.735974241,752.7124180793762,743.771126894,743.606011327,464,452,4848,2042,3771,,,,,
sd_p2000,mcp4-n120-r14-08,334.81781826592857,4333.000200000003,4333.000200000003,0.0,13.041761261,321.7760570049286,320.22663559899996,320.2010808389999,142,134,606,2024,3735,,,,,
sd_p2000,mcp4-n120-r14-09,231.04849123275892,4077.0001,4077.0001,0.0,14.309045308,216.7394459247589,215.34101016699995,215.31925381900007,125,117,566,2031,3749,,,,,
sd_p2000,mcp4-n120-r14-10,131.95818049873108,4344.000100000001,4344.000100000001,0.0,12.54008944,119.41809105873108,118.45509851399997,118.43767472100001,106,99,334,2020,3727,,,,,
sd_p2000,mcp4-n120-r16-01,86.6103163019834,3533.0001000000007,3533.0001000000007,0.0,10.107991244,76.5023250579834,75.33267873699998,75.31609664499999,82,76,377,2020,3716,,,,,
sd_p2000,mcp4-n120-r16-02,97.14566175177332,4065.000150000002,4065.0001500000026,0.0,9.883129756,87.26253199577332,86.16991485600003,86.15154798900002,96,89,415,2059,3794,,,,,
sd_p2000,mcp4-n120-r16-03,76.64900852936572,4025.400140000003,4025.400140000003,0.0,7.718610542,68.93039798736572,68.00194118799998,67.98682301600002,76,72,254,2033,3742,,,,,
sd_p2000,mcp4-n120-r16-04,67.90611798811658,3979.0001,3979.350512436548,8.806545055067616e-5,12.159375978,55.74674201011658,54.83847248900002,54.826967605,56,52,213,2041,3758,,,,,
sd_p2000,mcp4-n120-r16-05,32.56460556747754,3748.0001,3748.0001,0.0,9.802785728,22.76181983947754,22.179970435,22.174918331,23,21,68,2031,3738,,,,,
sd_p2000,mcp4-n120-r16-06,144.3929540984922,3716.0001500000017,3716.0001500000017,0.0,13.006921994,131.3860321044922,130.097979819,130.07839784300003,93,88,507,2028,3732,,,,,
sd_p2000,mcp4-n120-r16-07,71.97487442082178,3743.5002000000004,3743.5002000000004,0.0,10.552855416,61.42201900482178,60.49739574700001,60.486497447000005,51,48,283,2038,3752,,,,,
sd_p2000,mcp4-n120-r16-08,229.37219595131396,3480.333466666664,3480.333466666664,0.0,13.517269842,215.85492610931396,214.05375920100005,214.02055579000006,158,147,967,2019,3714,,,,,
sd_p2000,mcp4-n120-r16-09,90.0438024747417,3623.0001,3623.0001,0.0,9.795081352,80.2487211227417,79.28902449699999,79.27175775800004,87,81,253,2023,3722,,,,,
sd_p2000,mcp4-n120-r16-10,226.9894303458855,3788.0001333333353,3788.222322222222,5.865598760978097e-5,12.730115332,214.2593150138855,212.6446072140001,212.54201702599994,180,174,806,2037,3750,,,,,
sd_p2500,mcp4-n070-r08-01,82.14211374586267,4283.000133333332,4283.000133333333,0.0,3.633019746,78.50909399986267,74.74158390900003,74.71125422899995,201,188,735,1666,3185,,,,,
sd_p2500,mcp4-n070-r08-02,43.612191143036135,4517.500150000001,4517.947271279697,9.897537683449729e-5,3.485358181,40.12683296203613,39.16681622000001,39.151805839999994,84,78,440,1732,3317,,,,,
sd_p2500,mcp4-n070-r08-03,69.3824991674287,3691.000200000006,3691.000200000006,0.0,3.627168128,65.75533103942871,59.66762028399999,59.64609162399999,143,136,2318,1684,3221,,,,,
sd_p2500,mcp4-n070-r08-04,24.287285965165893,4690.000099999999,4690.000099999999,0.0,2.644302767,21.642983198165894,20.956890296,20.925399992000003,43,39,74,1712,3277,,,,,
sd_p2500,mcp4-n070-r08-05,75.22305514625634,3845.0001,3845.0417666666635,1.0836584025922873e-5,3.784692071,71.43836307525635,68.15538560700001,68.130735158,151,143,1860,1675,3203,,,,,
sd_p2500,mcp4-n070-r08-06,48.80059566101208,4825.000150000002,4825.000150000002,0.0,3.429614683,45.370980978012085,44.69397114900001,44.67905577800002,85,79,203,1700,3253,,,,,
sd_p2500,mcp4-n070-r08-07,18.788210486394533,3732.0001,3732.0001,0.0,4.016718482,14.771492004394531,14.174123351,14.169532340000002,35,29,145,1680,3213,,,,,
sd_p2500,mcp4-n070-r08-08,71.33787482237622,4167.000100000001,4167.000100000001,0.0,3.904753618,67.43312120437622,65.94914128899998,65.92110079099999,162,148,787,1681,3215,,,,,
sd_p2500,mcp4-n070-r08-09,66.56043755999877,4190.000100000005,4190.000100000005,0.0,3.599271655,62.96116590499878,61.871622704,61.849599495,139,131,568,1692,3237,,,,,
sd_p2500,mcp4-n070-r08-10,58.11427378287854,4291.000100000005,4291.000100000005,0.0,3.307367798,54.80690598487854,52.452498359,52.42924340799998,145,138,717,1653,3159,,,,,
sd_p2500,mcp4-n070-r10-01,54.54856952643909,3716.0001999999977,3716.0001999999977,0.0,2.061781492,52.48678803443909,46.75448294300002,46.72676669600002,184,176,3762,1636,3107,,,,,
sd_p2500,mcp4-n070-r10-02,48.76834508656128,3023.000149999999,3023.000149999999,0.0,2.82610008,45.94224500656128,41.260863103999995,41.24085822699998,127,121,3257,1693,3221,,,,,
sd_p2500,mcp4-n070-r10-03,15.04041298779895,3403.0001,3403.0001,0.0,2.962364997,12.07804799079895,11.620716159999999,11.615724680999998,37,34,88,1670,3175,,,,,
sd_p2500,mcp4-n070-r10-04,86.0031951907411,3412.2501500000017,3412.2501500000017,0.0,1.878383303,84.12481188774109,72.93213248800004,72.88158276999992,250,241,7580,1652,3139,,,,,
sd_p2500,mcp4-n070-r10-05,57.194155938042115,3104.000100000001,3104.000100000001,0.0,2.101449973,55.092705965042114,48.82484390299997,48.797025010999995,176,165,1845,1705,3245,,,,,
sd_p2500,mcp4-n070-r10-06,38.24457907522192,3933.000200000005,3933.000200000005,0.0,0.686103104,37.558475971221924,35.047859186999986,35.026726593,133,122,772,1677,3189,,,,,
sd_p2500,mcp4-n070-r10-07,49.23327075166956,3412.000100000002,3412.000100000002,0.0,1.537261831,47.696008920669556,43.49929104100001,43.472368311000004,157,146,2515,1693,3221,,,,,
sd_p2500,mcp4-n070-r10-08,26.73254685019885,3314.0001500000003,3314.0001500000003,0.0,1.722683712,25.009863138198853,24.327046146000004,24.313252275,94,86,225,1689,3213,,,,,
sd_p2500,mcp4-n070-r10-09,49.694825488317015,3319.6668000000063,3319.6668000000063,0.0,3.097306329,46.59751915931702,44.18847203100001,44.17053884700002,120,111,1131,1678,3191,,,,,
sd_p2500,mcp4-n070-r10-10,12.405971418768921,4003.5001500000017,4003.5001500000017,0.0,1.362148415,11.043823003768921,10.578445043999999,10.572800443999999,41,37,49,1688,3211,,,,,
sd_p2500,mcp4-n070-r12-01,21.391921469523925,2717.000179999999,2717.000179999999,0.0,1.69346852,19.698452949523926,19.025531763000007,19.013331404000006,89,83,224,1679,3182,,,,,
sd_p2500,mcp4-n070-r12-02,40.19155640724768,2701.333466666667,2701.333466666667,0.0,1.563876344,38.62768006324768,36.13126837200001,36.100128146,188,178,1397,1671,3166,,,,,
sd_p2500,mcp4-n070-r12-03,7.9164447698898925,2729.000099999999,2729.000099999999,0.0,1.360295764,6.556149005889893,6.010292643999999,6.0060626259999985,34,29,55,1681,3186,,,,,
sd_p2500,mcp4-n070-r12-04,32.67279058650561,2555.0001,2555.0001,0.0,2.109583437,30.563207149505615,29.700059763000002,29.680573167999984,121,115,426,1672,3168,,,,,
sd_p2500,mcp4-n070-r12-05,29.17158266995508,2196.0001400000046,2196.0001400000046,0.0,2.782708616,26.388874053955078,25.63867810799999,25.625224838999994,92,83,305,1649,3122,,,,,
sd_p2500,mcp4-n070-r12-06,39.36353934512683,2249.0001000000007,2249.0001000000007,0.0,1.652700312,37.71083903312683,36.547573836999995,36.522015786000004,155,144,731,1666,3156,,,,,
sd_p2500,mcp4-n070-r12-07,20.355271536606324,2338.5002000000004,2338.5002000000004,0.0,2.251337487,18.103934049606323,17.346737464999997,17.33568355599999,73,69,246,1682,3188,,,,,
sd_p2500,mcp4-n070-r12-08,25.349097560849245,2860.333466666667,2860.333466666667,0.0,1.642178606,23.706918954849243,20.903086428000005,20.889461174999983,93,85,739,1695,3214,,,,,
sd_p2500,mcp4-n070-r12-09,38.9052924926001,2674.0001,2674.0001,0.0,1.48945139,37.4158411026001,34.86884660399999,34.846137456,142,134,1323,1698,3220,,,,,
sd_p2500,mcp4-n070-r12-10,21.845965715092163,2880.0002000000013,2880.0002000000013,0.0,1.454030605,20.391935110092163,19.841591378999997,19.829518844,82,77,131,1674,3172,,,,,
sd_p2500,mcp4-n070-r14-01,24.50418016020935,2391.666799999999,2391.666799999999,0.0,1.636125055,22.86805510520935,16.908803373000005,16.889119637999997,121,116,3882,1672,3159,,,,,
sd_p2500,mcp4-n070-r14-02,27.011621793327638,1915.5001500000008,1915.5001500000008,0.0,1.44675382,25.564867973327637,24.816754266999997,24.794352645000014,147,136,309,1642,3099,,,,,
sd_p2500,mcp4-n070-r14-03,31.51123579693933,2035.5715714285716,2035.5715714285716,0.0,1.074688756,30.43654704093933,28.176462976999993,28.154457248999996,147,140,1175,1660,3135,,,,,
sd_p2500,mcp4-n070-r14-04,22.106552361015257,2220.0001499999994,2220.0001499999994,0.0,0.631868361,21.47468400001526,20.797895214000004,20.781094390000007,118,109,272,1648,3111,,,,,
sd_p2500,mcp4-n070-r14-05,18.159957946819702,1797.5001500000021,1797.5001500000021,0.0,1.868995966,16.290961980819702,13.548848727999998,13.537392788,74,70,953,1674,3163,,,,,
sd_p2500,mcp4-n070-r14-06,34.183002767075315,2060.0002000000036,2060.0002000000036,0.0,1.966040668,32.21696209907532,30.161822159999996,30.13392509300001,166,159,934,1648,3111,,,,,
sd_p2500,mcp4-n070-r14-07,18.23414587241565,2126.0001,2126.0001,0.0,1.166409962,17.06773591041565,16.526433749000002,16.514845806,83,76,64,1645,3105,,,,,
sd_p2500,mcp4-n070-r14-08,30.835257550087526,1959.0001000000009,1959.0001000000009,0.0,1.450657626,29.384599924087524,26.926997081000003,26.909551818,122,114,1630,1660,3135,,,,,
sd_p2500,mcp4-n070-r14-09,10.819711714045411,1995.0001000000002,1995.0001000000002,0.0,1.22898963,9.59072208404541,9.144867026000002,9.139460442999999,42,37,69,1700,3215,,,,,
sd_p2500,mcp4-n070-r14-10,13.81798819582019,2080.0001,2080.0001,0.0,1.734930077,12.08305811882019,11.580708307,11.547874456000002,58,52,123,1664,3143,,,,,
sd_p2500,mcp4-n070-r16-01,4.487311050005859,2000.0001000000034,2000.0691168270148,3.4508411780284345e-5,0.804423019,3.6828880310058594,3.3910260199999995,3.388028929,27,24,4,1658,3125,,,,,
sd_p2500,mcp4-n070-r16-02,18.20465849644446,1713.0001000000002,1713.0001000000002,0.0,0.622000444,17.582658052444458,16.29839912000001,16.284753158999994,123,114,803,1688,3185,,,,,
sd_p2500,mcp4-n070-r16-03,17.96991282232373,1780.0001333333335,1780.0001333333335,0.0,1.208610828,16.76130199432373,16.171816226,16.157640049,105,100,182,1647,3103,,,,,
sd_p2500,mcp4-n070-r16-04,10.941083883356933,2174.000149999999,2174.000149999999,0.0,0.93247888,10.008605003356934,7.522698424999999,7.517254872000002,55,53,2181,1617,3043,,,,,
sd_p2500,mcp4-n070-r16-05,12.013313267615722,1872.0001000000002,1872.0001000000002,0.0,1.010161374,11.003151893615723,10.432702629000001,10.425072571,75,67,201,1658,3125,,,,,
sd_p2500,mcp4-n070-r16-06,23.329185348403442,1821.2501249999998,1821.2501249999998,0.0,1.116587263,22.212598085403442,21.223286354000006,21.207939064,139,131,616,1633,3075,,,,,
sd_p2500,mcp4-n070-r16-07,23.110965744387208,1802.5001500000008,1802.5001500000008,0.0,1.718962685,21.392003059387207,19.713847696000006,19.702933891999997,107,98,806,1642,3093,,,,,
sd_p2500,mcp4-n070-r16-08,10.273541046470337,1836.0001000000002,1836.0001000000002,0.0,1.15119393,9.122347116470337,8.664066943,8.657207586999998,66,57,124,1637,3083,,,,,
sd_p2500,mcp4-n070-r16-09,8.115848117303834,1988.0000999999997,1988.0000999999997,0.0,1.225237184,6.890610933303833,6.497552289,6.494130879,39,33,47,1667,3143,,,,,
sd_p2500,mcp4-n070-r16-10,24.08824263841321,1810.0001666666676,1810.0001666666676,0.0,0.813018668,23.275223970413208,20.392352967999994,20.374427814999997,146,140,1422,1658,3125,,,,,
sd_p2500,mcp4-n080-r08-01,236.81980899176452,4810.83348333333,4810.83348333333,0.0,5.38531998,231.43448901176453,223.70478858400008,223.64012056499993,298,287,3404,1924,3680,,,,,
sd_p2500,mcp4-n080-r08-02,98.51500952145533,5122.000300000004,5122.000300000004,0.0,5.082626461,93.43238306045532,92.19348843799996,92.17266207699998,119,113,304,1906,3644,,,,,
sd_p2500,mcp4-n080-r08-03,268.8729504059612,6000.000099999999,6000.000099999999,0.0,5.082874627,263.7900757789612,248.363070324,248.277257902,251,243,8903,1897,3626,,,,,
sd_p2500,mcp4-n080-r08-04,402.174178425327,5927.111266666669,5927.111266666669,0.0,4.617985312,397.556193113327,384.08128664799995,384.0248488149997,286,275,6453,1896,3624,,,,,
sd_p2500,mcp4-n080-r08-05,34.931710520553224,5400.000100000001,5400.000100000001,0.0,6.070770541,28.860939979553223,27.856022790000008,27.849915754,44,38,169,1893,3618,,,,,
sd_p2500,mcp4-n080-r08-06,174.32026536960035,4848.000200000001,4848.000200000001,0.0,5.635329323,168.68493604660034,158.61816045499998,158.589102076,171,166,5642,1860,3552,,,,,
sd_p2500,mcp4-n080-r08-07,39.62872033985632,4926.000150000002,4926.000150000002,0.0,5.264532384,34.36418795585632,33.709307368,33.70350405600001,40,36,129,1880,3592,,,,,
sd_p2500,mcp4-n080-r08-08,137.3458451484397,5168.0001,5168.0001,0.0,5.817179129,131.5286660194397,130.13542068799995,130.09960477199996,136,126,559,1916,3664,,,,,
sd_p2500,mcp4-n080-r08-09,290.99778505063404,5038.500149999997,5038.500149999997,0.0,6.451184232,284.54660081863403,275.32192219300003,275.27416099800007,248,238,2751,1943,3718,,,,,
sd_p2500,mcp4-n080-r08-10,273.2328885745453,4610.000100000001,4610.000100000001,0.0,6.54526865,266.6876199245453,262.1396346869999,262.09498933099997,241,231,2138,1894,3620,,,,,
sd_p2500,mcp4-n080-r10-01,89.2554611326637,3691.0001500000026,3691.0001500000026,0.0,4.209137118,85.0463240146637,84.14108180600002,84.11878888300002,130,122,347,1895,3602,,,,,
sd_p2500,mcp4-n080-r10-02,83.14163892422363,3995.2501500000008,3995.2501500000008,0.0,4.176060845,78.96557807922363,78.00215338499997,77.98052998800003,126,122,381,1862,3536,,,,,
sd_p2500,mcp4-n080-r10-03,155.31155626115844,4124.000100000002,4124.000100000002,0.0,4.133781355,151.17777490615845,131.979203002,131.92925995399992,281,269,12668,1867,3546,,,,,
sd_p2500,mcp4-n080-r10-04,23.685197667614137,4292.000200000002,4292.000200000002,0.0,2.95850666,20.726691007614136,20.087050568000002,20.081090793000005,42,38,53,1855,3522,,,,,
sd_p2500,mcp4-n080-r10-05,182.11169897270446,3823.0001999999995,3823.0001999999995,0.0,4.308159935,177.80353903770447,172.65648411099994,172.60195021700008,266,253,1358,1881,3574,,,,,
sd_p2500,mcp4-n080-r10-06,146.85189586913245,4038.0001,4038.0001,0.0,3.994841874,142.85705399513245,139.4801234959999,139.42868040099992,243,229,867,1892,3596,,,,,
sd_p2500,mcp4-n080-r10-07,147.55846426349083,3943.0001,3943.0000999999997,0.0,3.384876226,144.17358803749084,140.275986924,140.2240614130001,262,252,1224,1883,3578,,,,,
sd_p2500,mcp4-n080-r10-08,80.05704399114734,4339.0001,4339.000099999999,0.0,3.701214037,76.35582995414734,75.40293431799999,75.378587692,143,134,275,1846,3504,,,,,
sd_p2500,mcp4-n080-r10-09,37.14724206300903,3860.0000999999993,3860.0000999999993,0.0,4.690729135,32.45651292800903,31.757077041,31.747535963,58,52,207,1874,3560,,,,,
sd_p2500,mcp4-n080-r10-10,68.5121124493993,4385.500150000002,4385.500150000002,0.0,3.842878412,64.66923403739929,63.673677294000015,63.654989972,116,109,319,1859,3530,,,,,
sd_p2500,mcp4-n080-r12-01,33.23899404675891,3733.0001000000043,3733.0001000000043,0.0,1.622594997,31.61639904975891,31.070794038000003,31.05919366900001,58,51,74,1905,3609,,,,,
sd_p2500,mcp4-n080-r12-02,95.70049882992322,3525.500150000003,3525.500150000003,0.0,2.662889968,93.03760886192322,82.37444445399997,82.33136671800004,216,208,7619,1882,3563,,,,,
sd_p2500,mcp4-n080-r12-03,56.634643216909055,3056.0000999999993,3056.0000999999993,0.0,3.284619232,53.35002398490906,52.325185545000004,52.29848409100003,163,154,358,1873,3545,,,,,
sd_p2500,mcp4-n080-r12-04,10.977183271167846,3247.0001999999995,3247.0001999999995,0.0,2.441206146,8.535977125167847,7.941406863999999,7.937869845999998,24,21,55,1884,3567,,,,,
sd_p2500,mcp4-n080-r12-05,116.34446925366004,3280.000100000001,3280.000100000001,0.0,3.080663149,113.26380610466003,106.01672260100001,105.96161541999997,272,265,3643,1878,3555,,,,,
sd_p2500,mcp4-n080-r12-06,77.58456526415185,3081.333466666666,3081.333466666666,0.0,2.523916346,75.06064891815186,72.60055439500002,72.56862333699999,206,198,868,1868,3535,,,,,
sd_p2500,mcp4-n080-r12-07,69.23918758920483,2996.000199999998,2996.000199999998,0.0,3.140404573,66.09878301620483,62.658452408999985,62.63227116,172,164,1353,1875,3549,,,,,
sd_p2500,mcp4-n080-r12-08,18.726431055922607,2750.0001,2750.0001,0.0,4.054918929,14.671512126922607,13.787252948000003,13.782319360000002,42,39,323,1864,3527,,,,,
sd_p2500,mcp4-n080-r12-09,19.070357349071777,3034.000100000003,3034.000100000003,0.0,2.261131313,16.809226036071777,16.310373453999997,16.304409261,48,43,77,1872,3543,,,,,
sd_p2500,mcp4-n080-r12-10,64.17837940147864,3249.000100000002,3249.000100000002,0.0,3.002507314,61.17587208747864,58.227287724000014,58.202547856,151,144,1405,1866,3531,,,,,
sd_p2500,mcp4-n080-r14-01,69.49920845503381,2692.000100000002,2692.000100000002,0.0,2.176824336,67.32238411903381,63.413081245,63.371987712999996,197,189,1078,1897,3584,,,,,
sd_p2500,mcp4-n080-r14-02,59.835331366120116,2471.0001999999995,2471.0001999999995,0.0,2.278509543,57.55682182312012,54.750549457999995,54.716428551,181,171,854,1856,3502,,,,,
sd_p2500,mcp4-n080-r14-03,56.15856465645545,2417.500150000001,2417.500150000001,0.0,2.034993499,54.123571157455444,47.88938514099997,47.85758881999998,167,161,2004,1842,3474,,,,,
sd_p2500,mcp4-n080-r14-04,31.617946052035766,2289.0001,2289.0001,0.0,2.199443006,29.418503046035767,28.645552042,28.628363327000013,98,90,365,1862,3514,,,,,
sd_p2500,mcp4-n080-r14-05,35.340201765894406,2817.000100000002,2817.000100000002,0.0,1.719858796,33.62034296989441,32.626722437,32.60197842899999,116,108,295,1863,3516,,,,,
sd_p2500,mcp4-n080-r14-06,11.195253247098877,2750.500149999999,2750.500149999999,0.0,1.811410302,9.383842945098877,8.889338981999998,8.884556759999999,32,28,50,1874,3538,,,,,
sd_p2500,mcp4-n080-r14-07,20.09556074682434,2926.0001,2926.0001,0.0,1.674216705,18.42134404182434,17.789196590999993,17.773994223999996,75,70,112,1836,3462,,,,,
sd_p2500,mcp4-n080-r14-08,49.99885509258252,2455.5001500000044,2455.5001500000044,0.0,1.912928083,48.08592700958252,46.92117772899999,46.88688300500001,161,154,662,1818,3426,,,,,
sd_p2500,mcp4-n080-r14-09,16.649602828581788,2462.50015,2462.50015,0.0,2.294788776,14.354814052581787,13.759092919000004,13.749464046000003,59,56,213,1838,3466,,,,,
sd_p2500,mcp4-n080-r14-10,5.908567239924072,2858.0001333333344,2858.0001333333344,0.0,1.214282324,4.694284915924072,4.436273068,4.432960909,19,16,1,1815,3420,,,,,
sd_p2500,mcp4-n080-r16-01,17.29802428742041,2328.0000999999997,2328.0000999999997,0.0,1.377468219,15.92055606842041,15.403146651000002,15.39470756700001,71,63,72,1880,3542,,,,,
sd_p2500,mcp4-n080-r16-02,41.91594829454114,2142.5001500000008,2142.5001500000008,0.0,1.662317418,40.25363087654114,32.926217466000004,32.90853402899999,135,127,4129,1867,3516,,,,,
sd_p2500,mcp4-n080-r16-03,45.471976417828245,1936.5001500000033,1936.5001500000033,0.0,1.418941397,44.05303502082825,41.07799058299998,41.04664262100001,169,163,1209,1871,3524,,,,,
sd_p2500,mcp4-n080-r16-04,53.224866930062866,2156.7501500000008,2156.7501500000008,0.0,0.977840725,52.247026205062866,46.07808535900003,46.050545353000004,200,190,3062,1857,3496,,,,,
sd_p2500,mcp4-n080-r16-05,16.425378443601073,2229.000100000001,2229.000100000001,0.0,1.94682944,14.478549003601074,13.86917175,13.861788575999999,61,55,93,1864,3510,,,,,
sd_p2500,mcp4-n080-r16-06,38.07721344208838,2299.0000999999993,2299.0000999999993,0.0,1.520312464,36.55690097808838,34.357139129000004,34.336085489999995,156,143,658,1861,3504,,,,,
sd_p2500,mcp4-n080-r16-07,64.65790996650574,2319.6668333333346,2319.6668333333346,0.0,1.75117097,62.90673899650574,55.587888387000035,55.551309393999965,212,203,4921,1858,3498,,,,,
sd_p2500,mcp4-n080-r16-08,13.267658106749634,1812.0001000000007,1812.0001000000007,0.0,1.693273179,11.574384927749634,11.039296201,11.032172791000002,60,54,67,1853,3488,,,,,
sd_p2500,mcp4-n080-r16-09,29.50763358746216,1992.0001000000002,1992.0001000000002,0.0,1.92535772,27.582275867462158,26.637398720999993,26.622925104999993,126,117,387,1829,3440,,,,,
sd_p2500,mcp4-n080-r16-10,30.585303397124022,1627.0001000000002,1627.0001000000002,0.0,1.73468122,28.850622177124023,26.983411370000002,26.919810880000004,143,137,802,1818,3418,,,,,
sd_p2500,mcp4-n090-r08-01,796.4771999143757,6051.333466666665,6051.333466666665,0.0,8.65040982,787.8267900943756,763.4491729270002,763.333560150001,483,468,12571,2055,3922,,,,,
sd_p2500,mcp4-n090-r08-02,59.78174743356775,6350.000100000003,6350.000100000003,0.0,7.319814536,52.46193289756775,51.427729406999994,51.417783104,46,43,334,2027,3866,,,,,
sd_p2500,mcp4-n090-r08-03,228.10907499954578,6544.400120000002,6544.400120000002,0.0,8.394983937,219.71409106254578,216.21729771299997,216.17789821599993,177,172,1159,2034,3880,,,,,
sd_p2500,mcp4-n090-r08-04,385.9402274698314,5604.000200000002,5604.000200000002,0.0,9.283489427,376.6567380428314,373.12484817700016,373.0802181619999,216,208,1385,2047,3906,,,,,
sd_p2500,mcp4-n090-r08-05,393.32832166875295,5733.500150000001,5733.500150000001,0.0,9.677795622,383.65052604675293,378.34878924400005,378.2897365330004,258,248,2377,2066,3944,,,,,
sd_p2500,mcp4-n090-r08-06,305.8256395796876,6854.833483333329,6854.83348333333,0.0,9.585745428,296.2398941516876,294.3962115449999,294.364298432,162,153,809,2064,3940,,,,,
sd_p2500,mcp4-n090-r08-07,146.83483983826625,6628.50015,6628.50015,0.0,8.035240906,138.79959893226624,137.44291174899996,137.42348746100006,112,107,518,2061,3934,,,,,
sd_p2500,mcp4-n090-r08-08,117.17370585474683,5870.000149999997,5870.107557428079,1.829768745104666e-5,9.367740908,107.80596494674683,106.169548258,106.15483911199998,90,84,658,2047,3906,,,,,
sd_p2500,mcp4-n090-r08-09,687.362070541018,5690.500150000002,5690.879702450698,6.669931301133216e-5,8.245919685,679.1161508560181,551.31633679,551.2426463160002,362,350,85321,2041,3894,,,,,
sd_p2500,mcp4-n090-r08-10,114.67329335617066,6615.000100000003,6615.000100000003,0.0,9.0290525,105.64424085617065,104.72886219899998,104.719183094,59,54,192,2072,3956,,,,,
sd_p2500,mcp4-n090-r10-01,167.95037627890662,5127.50015,5127.50015,0.0,7.176067359,160.77430891990662,159.46740610299997,159.44616828200003,139,131,423,2087,3963,,,,,
sd_p2500,mcp4-n090-r10-02,364.11120729641283,4945.000200000001,4945.1991950226275,4.024166118863854e-5,6.249391367,357.86181592941284,352.16059357000006,352.0779573180001,356,343,1959,2027,3843,,,,,
sd_p2500,mcp4-n090-r10-03,92.25021010410046,4279.000099999999,4279.000099999999,0.0,7.714906273,84.53530383110046,83.46811929300002,83.457640286,73,67,304,2028,3845,,,,,
sd_p2500,mcp4-n090-r10-04,374.5041026053833,4416.0001,4416.333466666672,7.549063838838931e-5,6.9449624,367.5591402053833,361.26601443799984,361.1928694300002,356,346,2254,2055,3899,,,,,
sd_p2500,mcp4-n090-r10-05,521.833310607132,4297.000100000001,4297.025090426743,5.815784538166254e-6,8.108414653,513.7248959541321,481.98120402400036,481.8919451279997,388,378,16414,2071,3931,,,,,
sd_p2500,mcp4-n090-r10-06,102.18284950344898,4412.000199999997,4412.000199999997,0.0,7.534044362,94.64880514144897,93.50767675,93.49083189899999,94,89,457,2034,3857,,,,,
sd_p2500,mcp4-n090-r10-07,137.77229601344374,4309.0001,4309.0001,0.0,6.672704043,131.09959197044373,127.75188833699998,127.71821278099998,159,147,735,2090,3969,,,,,
sd_p2500,mcp4-n090-r10-08,308.434091072522,4828.000133333335,4828.000133333335,0.0,5.173553925,303.260537147522,291.541550333,291.4643476299999,357,344,6077,2058,3905,,,,,
sd_p2500,mcp4-n090-r10-09,56.209275419222166,5061.000100000007,5061.000100000007,0.0,6.366079504,49.84319591522217,48.920551218000014,48.91074202400001,52,48,246,2034,3857,,,,,
sd_p2500,mcp4-n090-r10-10,339.7096263602285,4562.400139999996,4562.822592599311,9.259437715933567e-5,6.471524401,333.2381019592285,278.4119319089999,278.3421136669999,283,279,36140,2077,3943,,,,,
sd_p2500,mcp4-n090-r12-01,209.20736659928087,3706.400139999999,3706.583433333334,4.945319620436719e-5,4.928086652,204.27927994728088,202.27947286200003,202.21915656800007,275,267,946,2033,3840,,,,,
sd_p2500,mcp4-n090-r12-02,165.6133700900205,3871.00015,3871.00015,0.0,4.778926044,160.8344440460205,152.187319882,152.133965709,252,244,5080,2023,3820,,,,,
sd_p2500,mcp4-n090-r12-03,164.29355779654918,3755.0001,3755.0001,0.0,5.441043768,158.8525140285492,157.35687032900012,157.30611869099994,263,252,592,2061,3896,,,,,
sd_p2500,mcp4-n090-r12-04,164.96061549036693,3608.000149999998,3608.071519558258,1.9780918872717627e-5,5.524586533,159.43602895736694,147.27468105499983,147.210291053,318,313,5085,2068,3910,,,,,
sd_p2500,mcp4-n090-r12-05,198.41274544048144,3550.0001,3550.0001,0.0,5.218453372,193.19429206848145,189.29654951700007,189.23375684400006,307,297,1427,2026,3826,,,,,
sd_p2500,mcp4-n090-r12-06,195.97269384266602,3339.0001999999986,3339.0001999999986,0.0,5.137545985,190.83514785766602,187.62597326300002,187.5574813600002,310,298,1004,2058,3890,,,,,
sd_p2500,mcp4-n090-r12-07,240.42672928502526,3782.5001499999994,3782.5001499999994,0.0,4.305871331,236.12085795402527,230.7875897719998,230.71393396999989,329,320,2062,2021,3816,,,,,
sd_p2500,mcp4-n090-r12-08,152.00519354524866,3672.0001,3672.1345776231997,3.662244540774192e-5,6.457383706,145.54780983924866,131.70495424600006,131.66190773399998,218,213,7330,2028,3830,,,,,
sd_p2500,mcp4-n090-r12-09,160.4176866786378,4184.000100000001,4184.000100000001,0.0,3.598551728,156.81913495063782,152.98323817699998,152.92920161900003,249,241,1001,2049,3872,,,,,
sd_p2500,mcp4-n090-r12-10,60.67941144615515,3350.3334666666656,3350.3334666666656,0.0,5.526996409,55.15241503715515,53.70508091400005,53.687204712999986,101,97,717,2003,3780,,,,,
sd_p2500,mcp4-n090-r14-01,52.20841017621912,3413.0001,3413.0001,0.0,3.074604186,49.133805990219116,48.33936862199999,48.314109409,109,102,122,2010,3784,,,,,
sd_p2500,mcp4-n090-r14-02,92.31454381314245,3182.0001499999994,3182.0001499999994,0.0,3.688268989,88.62627482414246,86.32113906299999,86.29237158199999,140,136,754,2035,3834,,,,,
sd_p2500,mcp4-n090-r14-03,44.03739269445337,3149.0002000000004,3149.0002000000004,0.0,4.220659811,39.81673288345337,39.115668199000005,39.10037852800001,77,70,159,2057,3878,,,,,
sd_p2500,mcp4-n090-r14-04,70.37034459556811,3646.000100000001,3646.000100000001,0.0,3.278206782,67.09213781356812,66.27369328799999,66.24260360000001,154,148,149,2019,3802,,,,,
sd_p2500,mcp4-n090-r14-05,106.08162444156225,3044.0000999999993,3044.0000999999993,0.0,4.137218409,101.94440603256226,98.93741659100002,98.88994000400004,223,214,1143,2049,3862,,,,,
sd_p2500,mcp4-n090-r14-06,42.44636492884424,3399.333466666666,3399.333466666666,0.0,3.783236076,38.66312885284424,37.83554661000001,37.825340861,70,62,224,2080,3924,,,,,
sd_p2500,mcp4-n090-r14-07,65.61423215620654,2659.6668333333305,2659.6668333333305,0.0,3.594675157,62.01955699920654,60.67130854700001,60.64723082400002,154,149,590,2054,3872,,,,,
sd_p2500,mcp4-n090-r14-08,181.4571866137284,2623.500133333334,2623.500133333334,0.0,4.557733689,176.8994529247284,167.39550652299982,167.32987357900006,315,304,4462,2049,3862,,,,,
sd_p2500,mcp4-n090-r14-09,185.0247917266588,2984.0001999999995,2984.0001999999995,0.0,4.346694717,180.6780970096588,169.22107996499994,169.137346296,347,335,3460,2028,3820,,,,,
sd_p2500,mcp4-n090-r14-10,33.08097987503869,2664.0001,2664.0001,0.0,3.876696876,29.204282999038696,28.386223757000018,28.374882464999995,79,70,276,2019,3802,,,,,
sd_p2500,mcp4-n090-r16-01,97.20000862683509,2082.3334666666665,2082.3334666666665,0.0,3.571299549,93.62870907783508,90.34931137000001,90.309052634,204,190,1699,2003,3762,,,,,
sd_p2500,mcp4-n090-r16-02,41.409966110025266,2594.00015,2594.244997959183,9.439010987839068e-5,3.302780031,38.10718607902527,37.057368959,37.03579189900001,127,118,423,1990,3736,,,,,
sd_p2500,mcp4-n090-r16-03,46.663745713121095,2573.3334666666674,2573.3334666666674,0.0,3.167262864,43.496482849121094,40.584617891000015,40.56414780299999,121,117,744,2019,3794,,,,,
sd_p2500,mcp4-n090-r16-04,36.3676137246189,2174.000140000005,2174.000140000005,0.0,3.495133809,32.8724799156189,31.65174813099999,31.639437415999996,84,76,602,2063,3882,,,,,
sd_p2500,mcp4-n090-r16-05,81.67926346184363,2710.00015,2710.070508788599,2.5962651182565806e-5,2.511137594,79.16812586784363,74.24247341700001,74.20650011400001,204,196,2687,2043,3842,,,,,
sd_p2500,mcp4-n090-r16-06,43.73303838805042,2677.0001,2677.0001,0.0,3.459854327,40.273184061050415,39.469211816000005,39.446746706,120,110,210,2017,3790,,,,,
sd_p2500,mcp4-n090-r16-07,15.268586130986572,2343.000150000003,2343.000150000003,0.0,2.602011176,12.666574954986572,12.146387340999995,12.140449729,44,39,90,2041,3838,,,,,
sd_p2500,mcp4-n090-r16-08,29.563974855777467,2537.0001,2537.0001,0.0,2.242453812,27.321521043777466,26.672268203999998,26.66354483500001,77,69,178,2028,3812,,,,,
sd_p2500,mcp4-n090-r16-09,74.04287126225378,2431.0002000000004,2431.0002000000004,0.0,3.869458224,70.17341303825378,66.35281653899999,66.32878217599999,176,166,1301,2035,3826,,,,,
sd_p2500,mcp4-n090-r16-10,54.3785158720227,2754.0001000000007,2754.0001000000007,0.0,2.460107955,51.918407917022705,51.05074859499999,51.027695253000005,153,145,234,2018,3792,,,,,
sd_p2500,mcp4-n100-r08-01,454.37346439396043,6727.000200000008,6727.000200000008,0.0,12.761767197,441.61169719696045,436.9793570099999,436.9308089459999,212,204,1421,2202,4195,,,,,
sd_p2500,mcp4-n100-r08-02,636.861908078416,7489.764852941185,7489.764852941185,0.0,11.382717252,625.479190826416,620.7723950190001,620.7002188729999,297,285,1163,2202,4195,,,,,
sd_p2500,mcp4-n100-r08-03,796.7370090341605,7652.500150000002,7652.560870351206,7.93470761376057e-6,12.195537076,784.5414719581604,782.0017611690002,781.950335126,236,227,1081,2195,4181,,,,,
sd_p2500,mcp4-n100-r08-04,727.9184984686275,6973.66680000001,6973.66680000001,0.0,11.815195513,716.1033029556274,711.3286250439998,711.2262502099999,437,425,1731,2181,4153,,,,,
sd_p2500,mcp4-n100-r08-05,197.37631314918153,7837.0000999999975,7837.571528571429,7.291419728719541e-5,10.284691035,187.09162211418152,185.53308103299995,185.51178634499996,116,111,524,2197,4185,,,,,
sd_p2500,mcp4-n100-r08-06,1698.5249922142903,6773.40014,6773.974761852258,8.483506664027279e-5,13.97127627,1684.5537159442902,1504.2141674639997,1504.0981986089994,469,459,98896,2195,4181,,,,,
sd_p2500,mcp4-n100-r08-07,2289.113793467922,7155.000149999999,7155.365632098762,5.108065563955238e-5,14.64387927,2274.4699141979218,2211.8654099690034,2211.662090909002,724,710,29413,2193,4177,,,,,
sd_p2500,mcp4-n100-r08-08,1227.8801997534779,7455.000166666668,7455.522741339581,7.009720472581705e-5,12.56412872,1215.3160710334778,1206.2532070180005,1206.0710796399999,691,682,2623,2230,4251,,,,,
sd_p2500,mcp4-n100-r08-09,67.60514090799903,8006.000100000001,8006.000100000002,0.0,11.437380059,56.16776084899902,55.276771542,55.273121464000006,22,20,133,2195,4181,,,,,
sd_p2500,mcp4-n100-r08-10,227.84363103730396,7545.0001,7545.0001,0.0,11.045035132,216.79859590530396,215.718402362,215.70036580200008,103,95,228,2194,4179,,,,,
sd_p2500,mcp4-n100-r10-01,445.5904863320741,5748.000100000001,5748.000100000001,0.0,9.490483328,436.1000030040741,433.70761760599987,433.6508094220002,249,234,982,2216,4198,,,,,
sd_p2500,mcp4-n100-r10-02,108.26372360960852,5565.50015,5565.50015,0.0,9.073872564,99.18985104560852,98.277952412,98.26770885,55,50,309,2206,4178,,,,,
sd_p2500,mcp4-n100-r10-03,67.33299663108912,5742.000200000004,5742.000200000004,0.0,8.746154571,58.58684206008911,57.630757646999996,57.62475783400001,40,36,212,2195,4156,,,,,
sd_p2500,mcp4-n100-r10-04,114.97406363379052,5337.000099999999,5337.000099999999,0.0,8.920025586,106.05403804779053,104.67888731600003,104.66145269299999,92,88,422,2172,4110,,,,,
sd_p2500,mcp4-n100-r10-05,217.9034847838065,5641.60012000001,5641.60012000001,0.0,8.628024779,209.27546000480652,206.6700066829999,206.64345173599992,156,150,1624,2179,4124,,,,,
sd_p2500,mcp4-n100-r10-06,275.35007930145156,4740.285857142859,4740.285857142859,0.0,9.158980373,266.19109892845154,261.663964353,261.57238191299996,248,240,1614,2226,4218,,,,,
sd_p2500,mcp4-n100-r10-07,157.0921265527987,4962.000099999998,4962.000099999998,0.0,9.359345381,147.7327811717987,145.530065924,145.510878632,117,110,1073,2196,4158,,,,,
sd_p2500,mcp4-n100-r10-08,187.75408768491783,5207.20024,5207.20024,0.0,10.607270716,177.14681696891785,175.54606091300008,175.52656532300003,100,94,594,2211,4188,,,,,
sd_p2500,mcp4-n100-r10-09,292.9289228655417,5493.0002,5493.0002,0.0,9.836539004,283.09238386154175,280.472640151,280.43526199699994,197,190,785,2169,4104,,,,,
sd_p2500,mcp4-n100-r10-10,134.00901328824963,5179.000099999999,5179.000099999999,0.0,8.220761173,125.78825211524963,124.74702193200002,124.72987034200001,107,100,319,2176,4118,,,,,
sd_p2500,mcp4-n100-r12-01,71.55886989700451,4715.0001,4715.000099999999,0.0,6.414597808,65.14427208900452,64.35040333199998,64.33653126,67,63,90,2181,4112,,,,,
sd_p2500,mcp4-n100-r12-02,128.4831526542168,4416.750150000001,4416.750150000001,0.0,8.544420507,119.9387321472168,118.53186467899994,118.51103647899991,109,102,398,2172,4094,,,,,
sd_p2500,mcp4-n100-r12-03,123.71086113827319,4371.000099999998,4371.000099999998,0.0,6.831900052,116.8789610862732,115.88045458899998,115.85457011700004,121,113,257,2159,4068,,,,,
sd_p2500,mcp4-n100-r12-04,132.37145716505506,4026.0001000000025,4026.0001000000025,0.0,8.737422293,123.63403487205505,121.79836576099999,121.77320377199997,120,115,848,2176,4102,,,,,
sd_p2500,mcp4-n100-r12-05,77.30423022434852,4321.000100000001,4321.000100000001,0.0,7.366510164,69.93772006034851,68.43330783199998,68.41392642600002,97,92,422,2173,4096,,,,,
sd_p2500,mcp4-n100-r12-06,100.34399231157593,4808.0000999999975,4808.0000999999975,0.0,7.32831629,93.01567602157593,91.86892390099999,91.85251950600002,92,86,296,2172,4094,,,,,
sd_p2500,mcp4-n100-r12-07,176.34303266636707,4274.0001999999995,4274.0001999999995,0.0,6.809565612,169.53346705436707,168.014642053,167.980289822,191,181,511,2203,4156,,,,,
sd_p2500,mcp4-n100-r12-08,125.31715700406116,4097.000133333329,4097.000133333329,0.0,6.979186032,118.33797097206116,117.250868656,117.22908065000001,111,104,371,2181,4112,,,,,
sd_p2500,mcp4-n100-r12-09,199.5822442283479,4716.000099999999,4716.000099999999,0.0,8.952027153,190.6302170753479,189.13295460899997,189.098323575,176,168,542,2181,4112,,,,,
sd_p2500,mcp4-n100-r12-10,18.93250089854846,3990.0001,3990.0001,0.0,6.873599827,12.058901071548462,11.366575284999998,11.363016458999999,18,16,110,2181,4112,,,,,
sd_p2500,mcp4-n100-r14-01,96.30895500051794,3127.0001,3127.0001,0.0,7.703328179,88.60562682151794,87.22340174000003,87.19142995400003,139,129,563,2151,4040,,,,,
sd_p2500,mcp4-n100-r14-02,50.19658327143347,3279.000100000001,3279.000100000001,0.0,6.688041449,43.50854182243347,42.420056385,42.407824326999986,52,48,348,2209,4156,,,,,
sd_p2500,mcp4-n100-r14-03,42.26857668387231,3916.0001000000007,3916.0001000000007,0.0,5.950544896,36.318031787872314,35.659555393000005,35.647455267000005,61,55,102,2189,4116,,,,,
sd_p2500,mcp4-n100-r14-04,36.51458675851721,3715.0000999999997,3715.0000999999997,0.0,4.216244769,32.29834198951721,31.546508126999992,31.495072443999998,45,39,58,2207,4152,,,,,
sd_p2500,mcp4-n100-r14-05,39.6226895518208,3551.0001,3551.0000999999997,0.0,4.546581573,35.0761079788208,34.25182036700001,34.240698955,48,43,87,2213,4164,,,,,
sd_p2500,mcp4-n100-r14-06,165.97125697758375,3210.0001500000008,3210.0001500000008,0.0,7.770323998,158.20093297958374,154.60033769099985,154.53934127600016,257,246,1617,2185,4108,,,,,
sd_p2500,mcp4-n100-r14-07,30.629938281621826,3198.0001999999995,3198.0001999999995,0.0,5.936522163,24.693416118621826,23.822636949,23.812319622,46,43,224,2159,4056,,,,,
sd_p2500,mcp4-n100-r14-08,38.81532013490381,3560.0001,3560.0001,0.0,4.856306196,33.95901393890381,33.31200293599999,33.303381249,38,35,44,2223,4184,,,,,
sd_p2500,mcp4-n100-r14-09,45.59018819537415,3627.7501625000014,3627.7501625000014,0.0,5.026405265,40.563782930374146,39.704750796,39.69432628799999,61,55,137,2186,4110,,,,,
sd_p2500,mcp4-n100-r14-10,76.94588672736207,3540.6001400000073,3540.6001400000077,0.0,6.284334775,70.66155195236206,69.51658166699997,69.48995872500002,120,112,304,2210,4158,,,,,
sd_p2500,mcp4-n100-r16-01,48.4758960935155,3241.0001,3241.0001,0.0,3.676453087,44.7994430065155,43.849055013999994,43.829954151999985,90,83,221,2200,4129,,,,,
sd_p2500,mcp4-n100-r16-02,48.16283798986035,2910.0001500000003,2910.0001500000003,0.0,4.317567833,43.84527015686035,42.88063326299999,42.85989737199999,103,93,211,2179,4087,,,,,
sd_p2500,mcp4-n100-r16-03,30.541097843016846,3159.0001,3159.0001,0.0,3.582921707,26.958176136016846,26.275981027999997,26.267217656000003,54,50,100,2156,4041,,,,,
sd_p2500,mcp4-n100-r16-04,54.37974469206897,3067.0001,3067.0001,0.0,5.012766762,49.36697793006897,48.41981276700001,48.40773741200001,72,64,121,2198,4125,,,,,
sd_p2500,mcp4-n100-r16-05,46.845857837337036,2811.0001,2811.0001,0.0,5.364193895,41.481663942337036,40.41706238300001,40.39615649899999,99,88,299,2153,4035,,,,,
sd_p2500,mcp4-n100-r16-06,34.72905829709973,2984.0001,2984.0001,0.0,4.547914298,30.18114399909973,29.413222393,29.399381631999997,74,65,153,2158,4045,,,,,
sd_p2500,mcp4-n100-r16-07,11.6798431619386,2678.0000999999997,2678.0000999999997,0.0,5.583784078,6.096059083938599,5.390055424999998,5.387492272999999,17,15,119,2152,4033,,,,,
sd_p2500,mcp4-n100-r16-08,60.88939471864465,3016.0001999999995,3016.0001999999995,0.0,4.510210711,56.37918400764465,55.205577708000014,55.18312613000001,122,116,482,2168,4065,,,,,
sd_p2500,mcp4-n100-r16-09,25.845066415072267,2889.0001599999996,2889.0001599999996,0.0,5.042572366,20.802494049072266,19.974700028999997,19.966680292999996,42,39,199,2151,4031,,,,,
sd_p2500,mcp4-n100-r16-10,14.348016097209351,2992.0000999999997,2992.280100000003,9.358288457389535e-5,3.702617242,10.64539885520935,10.059522564,10.054532397,29,26,25,2183,4095,,,,,
sd_p2500,mcp4-n110-r08-01,1391.2386749800203,7634.0002,7634.683615221118,8.952255740282588e-5,21.921590906,1369.3170840740204,1359.9531187070004,1359.8548323539997,374,369,3101,2316,4404,,,,,
sd_p2500,mcp4-n110-r08-02,587.9597404531835,7522.000100000001,7522.000100000001,0.0,24.646999412,563.3127410411835,559.6966407049998,559.672311111,112,108,1734,2326,4424,,,,,
sd_p2500,mcp4-n110-r08-03,228.994081675552,8261.000150000007,8261.000150000007,0.0,22.341897666,206.652184009552,205.11718295300003,205.10855259000002,42,38,383,2296,4364,,,,,
sd_p2500,mcp4-n110-r08-04,2514.867487520677,8120.000100000005,8120.000100000005,0.0,21.471895308,2493.395592212677,2487.6870034380017,2487.4975299039997,475,468,1685,2345,4462,,,,,
sd_p2500,mcp4-n110-r08-05,408.6250223953036,7733.333499999995,7733.333499999995,0.0,23.487881406,385.1371409893036,382.61083363,382.5929151599999,90,87,1144,2320,4412,,,,,
sd_p2500,mcp4-n110-r08-06,928.6316744686312,8346.666799999997,8347.500099999997,9.983626038603051e-5,24.804665506,903.8270089626312,900.7052102500002,900.6688356610001,176,169,1298,2317,4406,,,,,
sd_p2500,mcp4-n110-r08-07,1836.8865282654676,7014.900120000012,7014.900120000012,0.0,28.767194283,1808.1193339824677,1801.621129494,1801.5637752100004,247,240,2675,2293,4358,,,,,
sd_p2500,mcp4-n110-r08-08,350.7985394377699,8720.333499999999,8720.333499999999,0.0,23.988883533,326.8096559047699,325.14123155799996,325.128051117,67,64,627,2332,4436,,,,,
sd_p2500,mcp4-n110-r08-09,504.27380006880907,8865.83346666667,8865.83346666667,0.0,24.891593152,479.3822069168091,477.3198818799999,477.30693115400004,67,63,913,2333,4438,,,,,
sd_p2500,mcp4-n110-r08-10,1106.7065083502564,7896.000200000003,7896.000200000003,0.0,23.7388484,1082.9676599502563,1068.4218812679994,1068.3476416359997,324,317,6946,2303,4378,,,,,
sd_p2500,mcp4-n110-r10-01,410.77460321237413,5975.000099999999,5975.355655555556,5.950720495498369e-5,15.394414032,395.38018918037415,393.167812445,393.13774626799983,143,135,1017,2269,4282,,,,,
sd_p2500,mcp4-n110-r10-02,388.57706370986193,5588.000100000003,5588.000100000003,0.0,15.970957667,372.60610604286194,367.1580927570001,367.1153622940001,175,166,2054,2290,4324,,,,,
sd_p2500,mcp4-n110-r10-03,121.37838172608471,6293.200139999997,6293.200139999997,0.0,15.436029908,105.94235181808472,104.234714914,104.22431631299999,56,51,654,2332,4408,,,,,
sd_p2500,mcp4-n110-r10-04,264.6178943538927,5736.000100000001,5736.000100000001,0.0,15.010122242,249.6077721118927,246.44275571600008,246.41110608600002,152,145,1604,2268,4280,,,,,
sd_p2500,mcp4-n110-r10-05,520.8359868593211,6081.666799999998,6081.666799999998,0.0,15.993931777,504.84205508232117,499.81945281000026,499.7708641120002,225,216,1252,2299,4342,,,,,
sd_p2500,mcp4-n110-r10-06,241.08464025087903,6171.000100000001,6171.000100000001,0.0,12.516888128,228.56775212287903,227.16230264300006,227.141594873,106,99,412,2296,4336,,,,,
sd_p2500,mcp4-n110-r10-07,309.2357657855018,6631.000100000001,6631.000100000001,0.0,15.286889643,293.94887614250183,292.7110945679999,292.69375286199994,86,79,315,2279,4302,,,,,
sd_p2500,mcp4-n110-r10-08,1065.4938826687717,6140.00015,6140.00015,0.0,18.044702781,1047.4491798877716,1040.7275813009994,1040.5242288639995,505,498,2755,2315,4374,,,,,
sd_p2500,mcp4-n110-r10-09,328.5959768388247,6376.000150000005,6376.070446918439,1.1025237888991622e-5,16.743646631,311.8523302078247,309.62382762799996,309.60697749099995,87,81,813,2338,4420,,,,,
sd_p2500,mcp4-n110-r10-10,665.6863355359486,6065.000139999996,6065.000139999995,0.0,17.446055623,648.2402799129486,644.1034639429997,644.0582123170004,214,207,2218,2313,4370,,,,,
sd_p2500,mcp4-n110-r12-01,37.83090404741162,5279.500150000001,5279.500150000001,0.0,8.771594088,29.05930995941162,28.484892875999996,28.48160611,21,18,47,2294,4314,,,,,
sd_p2500,mcp4-n110-r12-02,185.43677773711585,4376.000100000001,4376.000100000001,0.0,12.579351809,172.85742592811584,171.24821987899998,171.22466799000006,126,118,581,2273,4272,,,,,
sd_p2500,mcp4-n110-r12-03,81.39730601695642,5184.000100000002,5184.000100000002,0.0,12.235441021,69.16186499595642,68.2750226,68.268211459,36,34,179,2308,4342,,,,,
sd_p2500,mcp4-n110-r12-04,117.57300117847204,4269.000100000001,4269.000100000001,0.0,11.797458204,105.77554297447205,104.45165083800003,104.43552877600001,92,85,389,2300,4326,,,,,
sd_p2500,mcp4-n110-r12-05,165.92905011220287,4786.500150000005,4786.500150000005,0.0,13.567011023,152.36203908920288,147.96409039200003,147.94318813799998,119,111,2109,2284,4294,,,,,
sd_p2500,mcp4-n110-r12-06,150.1005112089878,4867.6668,4867.6668,0.0,12.570883409,137.5296277999878,136.14293869800005,136.12589404499997,93,88,531,2305,4336,,,,,
sd_p2500,mcp4-n110-r12-07,315.0561013300858,5195.500150000002,5195.576308178439,1.4658488353090276e-5,11.826650389,303.2294509410858,299.9345023919999,299.88919683299986,205,199,1219,2254,4234,,,,,
sd_p2500,mcp4-n110-r12-08,227.89693083419078,4649.555699999999,4649.555699999999,0.0,14.064075848,213.8328549861908,212.16254904599995,212.138511559,113,105,674,2306,4338,,,,,
sd_p2500,mcp4-n110-r12-09,230.96255751056262,4766.000166666667,4766.000166666667,0.0,12.323493437,218.63906407356262,216.90450656900003,216.87508464799987,150,142,672,2301,4328,,,,,
sd_p2500,mcp4-n110-r12-10,184.24571482920325,4922.0000999999975,4922.0000999999975,0.0,13.036673949,171.20904088020325,169.883046006,169.86021870099998,118,113,442,2285,4296,,,,,
sd_p2500,mcp4-n110-r14-01,39.47392529763599,4101.800179999999,4101.800179999999,0.0,6.936674302,32.537250995635986,31.843461162999997,31.837430816,30,26,97,2285,4283,,,,,
sd_p2500,mcp4-n110-r14-02,116.29510220337781,4067.000133333335,4067.000133333335,0.0,9.868723238,106.42637896537781,105.17710252000002,105.15598855999995,92,85,413,2278,4269,,,,,
sd_p2500,mcp4-n110-r14-03,130.44355252712623,4554.0001,4554.0001,0.0,8.089044604,122.35450792312622,120.80529713499995,120.76610673900002,153,145,502,2278,4269,,,,,
sd_p2500,mcp4-n110-r14-04,91.42456433897021,4383.0001,4383.0001,0.0,7.220944382,84.20361995697021,83.23988838600002,83.22172403,86,80,275,2286,4285,,,,,
sd_p2500,mcp4-n110-r14-05,200.14335235304554,3578.000099999999,3578.000099999999,0.0,9.818473422,190.32487893104553,188.4670538400001,188.420907572,184,175,698,2305,4323,,,,,
sd_p2500,mcp4-n110-r14-06,176.29716836930982,3597.0002000000018,3597.0002000000018,0.0,10.843028183,165.45414018630981,163.69676151,163.666909913,117,111,625,2288,4289,,,,,
sd_p2500,mcp4-n110-r14-07,79.42433948903528,4315.166799999998,4315.166799999998,0.0,8.938557581,70.48578190803528,69.567456894,69.550024192,79,72,196,2300,4313,,,,,
sd_p2500,mcp4-n110-r14-08,140.5555284531245,4166.666800000001,4166.666800000001,0.0,8.137419513,132.4181089401245,131.175942962,131.15439415,120,113,393,2296,4305,,,,,
sd_p2500,mcp4-n110-r14-09,61.848610365955565,4067.0002000000004,4067.0002000000004,0.0,7.939124549,53.909485816955566,53.02162982700002,53.005378238999995,77,73,207,2301,4315,,,,,
sd_p2500,mcp4-n110-r14-10,416.6966225643733,3643.0001999999954,3643.0001999999954,0.0,11.332484438,405.3641381263733,400.6466184769996,400.55592846899964,301,290,1803,2283,4279,,,,,
sd_p2500,mcp4-n110-r16-01,60.51615216247754,3365.000100000002,3365.000100000002,0.0,5.656676073,54.85947608947754,53.997456353000004,53.98227502300001,84,79,168,2305,4313,,,,,
sd_p2500,mcp4-n110-r16-02,77.49387670491309,3295.000100000001,3295.000100000001,0.0,6.401051769,71.09282493591309,70.079204505,70.05234246900001,119,112,282,2268,4239,,,,,
sd_p2500,mcp4-n110-r16-03,44.036548276399415,3681.0002000000004,3681.0002000000004,0.0,6.662454267,37.374094009399414,36.62521903299999,36.615349437,56,52,191,2253,4209,,,,,
sd_p2500,mcp4-n110-r16-04,35.51640384156531,3299.3334999999993,3299.3334999999993,0.0,7.628232884,27.888170957565308,27.130670587,27.124632988,37,32,137,2286,4275,,,,,
sd_p2500,mcp4-n110-r16-05,49.42478273718848,3513.0001000000007,3513.0001000000007,0.0,5.431532844,43.99324989318848,43.24883054700001,43.23587675500001,66,60,105,2304,4311,,,,,
sd_p2500,mcp4-n110-r16-06,196.560254495167,3310.5001500000008,3310.5001500000008,0.0,5.995406549,190.564847946167,186.49546862800003,186.440557098,255,243,1923,2285,4273,,,,,
sd_p2500,mcp4-n110-r16-07,161.80008485524536,3346.000100000002,3346.000100000002,0.0,6.01005676,155.79002809524536,154.56988923700004,154.536647227,159,149,273,2272,4247,,,,,
sd_p2500,mcp4-n110-r16-08,60.68793145695642,3322.0001500000026,3322.0001500000026,0.0,5.793644586,54.89428687095642,54.12953446199998,54.11321946599999,77,72,122,2286,4275,,,,,
sd_p2500,mcp4-n110-r16-09,57.90816668528833,3576.0000999999997,3576.0000999999997,0.0,6.823834696,51.08433198928833,50.07353395400002,50.05976640499999,76,70,270,2299,4301,,,,,
sd_p2500,mcp4-n110-r16-10,132.068643596453,3257.000099999999,3257.000099999999,0.0,7.962193754,124.106449842453,123.00222961,122.97546633999994,130,123,358,2300,4303,,,,,
sd_p2500,mcp4-n120-r08-01,4230.474956430335,8904.000100000001,10037.186304103152,0.12726709247264617,38.669271387,4191.805685043335,4186.174641517001,4186.08367737,297,288,1357,2419,4589,,,,,
sd_p2500,mcp4-n120-r08-02,3917.0427641344295,9128.000100000001,9911.580318179871,0.08584358124403065,38.537225194,3878.5055389404297,3871.5944772270004,3871.5271866770017,263,256,2523,2391,4533,,,,,
sd_p2500,mcp4-n120-r08-03,3602.3933886805626,8269.000100000001,9237.051175877694,0.11706990738550029,35.48501151,3566.9083771705627,3550.1533322340047,3549.9473261299995,688,683,6809,2415,4581,,,,,
sd_p2500,mcp4-n120-r08-04,3678.848402751997,8953.80014000001,10252.537230497474,0.14504870224827932,39.448417677,3639.399985074997,3634.5017810099985,3634.4095794190002,346,337,1187,2375,4501,,,,,
sd_p2500,mcp4-n120-r08-05,3686.7859724824434,8403.000100000001,10010.668822000098,0.1913208024357987,36.79097665,3649.9949958324432,3644.1758581729996,3644.074592538002,381,375,1346,2398,4547,,,,,
sd_p2500,mcp4-n120-r08-06,3724.869953665601,8997.857285714277,9820.796116664782,0.09145942248462517,43.162452731,3681.707500934601,3670.086134101,3669.9194193930007,469,461,3622,2416,4583,,,,,
sd_p2500,mcp4-n120-r08-07,3641.86475263815,8067.6668,10257.055045054953,0.27137811951467217,48.033471453,3593.83128118515,3586.8199598130004,3586.7309239589995,378,373,1785,2419,4589,,,,,
sd_p2500,mcp4-n120-r08-08,1987.5904681699358,9321.750125,9321.750125,0.0,46.955970289,1940.6344978809357,1935.0794607969995,1935.042964131001,175,171,1838,2408,4567,,,,,
sd_p2500,mcp4-n120-r08-09,3658.1023973620436,6863.600140000002,10091.280368339922,0.4702605283675395,55.064825455,3603.0375719070435,3588.284874919999,3588.0262157740053,791,785,4263,2392,4535,,,,,
sd_p2500,mcp4-n120-r08-10,371.42628834922704,9149.000100000001,9149.000100000001,0.0,31.291037304,340.13525104522705,338.884105231,338.877595128,37,34,248,2426,4603,,,,,
sd_p2500,mcp4-n120-r10-01,1619.824599098941,6709.50015,6710.04357826087,8.099385181030427e-5,22.623528075,1597.201071023941,1582.270944045999,1581.9920272110026,661,655,5430,2419,4559,,,,,
sd_p2500,mcp4-n120-r10-02,635.132940541201,7276.000100000001,7276.000100000001,0.0,24.210988532,610.921952009201,609.027367327,608.9980953389999,109,102,542,2395,4511,,,,,
sd_p2500,mcp4-n120-r10-03,472.96803744361523,7147.000150000001,7147.000150000002,0.0,26.360497313,446.60754013061523,445.05539821199994,445.04061798200013,69,65,460,2424,4569,,,,,
sd_p2500,mcp4-n120-r10-04,223.62979507435023,7145.333466666667,7145.333466666667,0.0,22.617004156,201.01279091835022,199.46695302299997,199.45802396300004,52,49,469,2403,4527,,,,,
sd_p2500,mcp4-n120-r10-05,764.0414625112107,6967.000100000001,6967.000100000001,0.0,24.839869589,739.2015929222107,734.5324486869999,734.4941583850002,189,180,1685,2364,4449,,,,,
sd_p2500,mcp4-n120-r10-06,1038.9761276377708,7058.000099999999,7058.000099999999,0.0,25.009795679,1013.9663319587708,1010.4384940679996,1010.3933962090001,223,214,724,2393,4507,,,,,
sd_p2500,mcp4-n120-r10-07,824.9777739636511,7019.000100000002,7019.000100000002,0.0,27.074995815,797.9027781486511,795.913525569,795.8834380329996,154,145,632,2442,4605,,,,,
sd_p2500,mcp4-n120-r10-08,314.2254169931233,7300.0001,7300.0001,0.0,23.359814023,290.8656029701233,289.5843051419999,289.573188703,60,56,437,2395,4511,,,,,
sd_p2500,mcp4-n120-r10-09,225.56479059439454,6495.000100000007,6495.000100000007,0.0,24.842126715,200.72266387939453,198.893632688,198.88613893800004,41,39,718,2403,4527,,,,,
sd_p2500,mcp4-n120-r10-10,553.0160720090072,6770.666800000003,6771.3334333333305,9.845903705197968e-5,24.388318036,528.6277539730072,523.2874740739998,523.2601174069998,133,127,1569,2417,4555,,,,,
sd_p2500,mcp4-n120-r12-01,350.78996014358535,5697.000100000001,5697.000100000001,0.0,15.888738153,334.9012219905853,333.4662305930001,333.43485934799986,128,120,483,2407,4515,,,,,
sd_p2500,mcp4-n120-r12-02,100.84545959058276,5520.000200000011,5520.00020000001,0.0,17.957234512,82.88822507858276,81.389401642,81.38402238,28,25,455,2416,4533,,,,,
sd_p2500,mcp4-n120-r12-03,170.58685125197863,5226.000149999999,5226.000149999999,0.0,18.060393227,152.52645802497864,151.580207521,151.56720940400004,64,59,222,2384,4469,,,,,
sd_p2500,mcp4-n120-r12-04,714.1373255329614,5197.000150000002,5197.000150000002,0.0,18.52737356,695.6099519729614,691.6541935630001,691.6009889979999,237,227,1322,2413,4527,,,,,
sd_p2500,mcp4-n120-r12-05,756.9584056003017,5477.000100000001,5477.000100000001,0.0,19.538695441,737.4197101593018,735.1862975350001,735.1322333869999,252,243,922,2389,4479,,,,,
sd_p2500,mcp4-n120-r12-06,248.47536277855212,5150.300150000004,5150.300150000004,0.0,18.792146922,229.68321585655212,226.86026192800003,226.8396762819999,101,96,1567,2383,4467,,,,,
sd_p2500,mcp4-n120-r12-07,426.37092502505016,5552.0001,5552.0001,0.0,19.663710908,406.70721411705017,404.661721541,404.6305292130001,152,144,889,2399,4499,,,,,
sd_p2500,mcp4-n120-r12-08,1090.002344802144,5772.666800000001,5772.666800000001,0.0,19.580077842,1070.422266960144,1065.7723192419996,1065.701178709,318,312,1466,2388,4477,,,,,
sd_p2500,mcp4-n120-r12-09,218.7949939208706,5736.0000999999975,5736.0000999999975,0.0,19.534454866,199.2605390548706,197.90198652200007,197.889828173,64,61,526,2389,4479,,,,,
sd_p2500,mcp4-n120-r12-10,269.17131515219876,5593.000100000001,5593.000100000001,0.0,19.338968236,249.83234691619873,248.12211802600007,248.102639529,102,96,638,2352,4405,,,,,
sd_p2500,mcp4-n120-r14-01,81.12711947587232,4963.000100000001,4963.000100000001,0.0,15.461431438,65.66568803787231,64.864371651,64.85611678299999,39,34,136,2401,4489,,,,,
sd_p2500,mcp4-n120-r14-02,221.04075192432788,4841.00015,4841.00015,0.0,12.484132757,208.55661916732788,206.99206455800004,206.96141503299998,138,132,529,2399,4485,,,,,
sd_p2500,mcp4-n120-r14-03,228.02742726187904,4269.333466666662,4269.333466666662,0.0,15.633503264,212.39392399787903,209.93888148299993,209.9093901880001,144,138,1017,2384,4455,,,,,
sd_p2500,mcp4-n120-r14-04,227.67896338928358,4003.0001500000008,4003.0001500000008,0.0,18.867373433,208.81158995628357,207.00222246,206.98516596099998,82,78,678,2418,4523,,,,,
sd_p2500,mcp4-n120-r14-05,339.86548223055274,4559.0001,4559.0001,0.0,13.855232139,326.01025009155273,324.5368310460001,324.4428243050001,177,168,420,2378,4443,,,,,
sd_p2500,mcp4-n120-r14-06,195.5182321476389,4695.000119999999,4695.000119999999,0.0,14.988169949,180.53006219863892,179.13056902499994,179.10787712799996,112,106,492,2361,4409,,,,,
sd_p2500,mcp4-n120-r14-07,1353.8344364326645,4324.333466666669,4324.566766666668,5.395051093938816e-5,14.883389489,1338.9510469436646,1325.9788506039997,1325.8059235030005,606,594,5632,2386,4459,,,,,
sd_p2500,mcp4-n120-r14-08,267.1980160771769,4333.000199999997,4333.000199999997,0.0,13.144979149,254.05303692817688,252.05288978400012,252.02471347100004,127,121,833,2384,4455,,,,,
sd_p2500,mcp4-n120-r14-09,586.6885033546481,4077.000100000001,4077.000100000001,0.0,14.561521381,572.1269819736481,569.9461307010001,569.86370737,343,336,660,2396,4479,,,,,
sd_p2500,mcp4-n120-r14-10,144.90171144381483,4344.000100000001,4344.000100000001,0.0,12.838351468,132.06335997581482,130.93246818100002,130.90977524,116,110,345,2363,4413,,,,,
sd_p2500,mcp4-n120-r16-01,118.1970565854364,3533.0001,3533.0001,0.0,10.07070356,108.1263530254364,106.89669588199999,106.87108065700001,97,90,346,2375,4426,,,,,
sd_p2500,mcp4-n120-r16-02,135.68454556390233,4065.0001500000026,4065.000150000003,0.0,9.892835664,125.79170989990234,124.39565984400002,124.37098122300003,118,111,480,2406,4488,,,,,
sd_p2500,mcp4-n120-r16-03,118.73913255891247,4025.4001400000006,4025.4001400000006,0.0,7.715529358,111.02360320091248,109.91628747700004,109.89490199000004,109,103,286,2374,4424,,,,,
sd_p2500,mcp4-n120-r16-04,115.32723960758764,3979.0001000000016,3979.0001000000016,0.0,12.133287524,103.19395208358765,102.003015491,101.98353444,103,95,350,2385,4446,,,,,
sd_p2500,mcp4-n120-r16-05,29.289377835970704,3748.0001000000007,3748.0001000000007,0.0,9.701864866,19.587512969970703,18.688714988999998,18.685743010000003,18,16,70,2393,4462,,,,,
sd_p2500,mcp4-n120-r16-06,118.62160757563012,3716.0001500000026,3716.0001500000026,0.0,12.923494611,105.69811296463013,104.27276423899997,104.25713934900001,85,80,499,2360,4396,,,,,
sd_p2500,mcp4-n120-r16-07,59.83897417506921,3743.5001999999995,3743.5001999999995,0.0,10.482198176,49.356775999069214,48.324693989,48.317850337,43,40,281,2407,4490,,,,,
sd_p2500,mcp4-n120-r16-08,285.0176454433152,3480.333466666668,3480.333466666668,0.0,13.407088364,271.6105570793152,269.382732097,269.34491088400006,196,184,1028,2389,4454,,,,,
sd_p2500,mcp4-n120-r16-09,60.75711817610522,3623.000100000001,3623.000100000001,0.0,9.572119187,51.184998989105225,50.254578164,50.246730763,53,48,180,2367,4410,,,,,
sd_p2500,mcp4-n120-r16-10,147.17441086718617,3788.0001333333303,3788.0001333333303,0.0,12.659437942,134.51497292518616,133.174247113,133.152406147,124,117,461,2374,4424,,,,,
sd_p3000,mcp4-n070-r08-01,39.42411941252124,4283.0001333333375,4283.0001333333375,0.0,3.554851472,35.86926794052124,34.97922359699999,34.962997099,107,98,442,1848,3549,,,,,
sd_p3000,mcp4-n070-r08-02,98.94071796609583,4517.500149999998,4517.500149999998,0.0,3.404936821,95.53578114509583,91.24076894099997,91.21614378600005,153,144,1683,1861,3575,,,,,
sd_p3000,mcp4-n070-r08-03,88.02794035806946,3691.0001999999986,3691.0001999999986,0.0,3.495819415,84.53212094306946,78.73291886700001,78.70317883599996,180,174,3247,1803,3459,,,,,
sd_p3000,mcp4-n070-r08-04,39.275176011586794,4690.000099999999,4690.000099999999,0.0,2.646103107,36.62907290458679,35.940917353,35.92967009099999,84,77,142,1837,3527,,,,,
sd_p3000,mcp4-n070-r08-05,74.32657213771655,3845.000100000002,3845.0001000000025,0.0,3.779005247,70.54756689071655,68.28106277499995,68.252745764,180,170,1404,1830,3513,,,,,
sd_p3000,mcp4-n070-r08-06,32.71767263010132,4825.000150000005,4825.000150000005,0.0,3.396786495,29.32088613510132,28.685042908999996,28.676298830999997,64,57,128,1824,3501,,,,,
sd_p3000,mcp4-n070-r08-07,19.438347432034913,3732.0001000000007,3732.0001000000007,0.0,3.987067315,15.451280117034912,14.823124642,14.818587235,35,29,144,1836,3525,,,,,
sd_p3000,mcp4-n070-r08-08,126.25530798373926,4167.000099999999,4167.000099999999,0.0,3.785426926,122.46988105773926,117.4984856,117.457787111,241,229,1887,1867,3587,,,,,
sd_p3000,mcp4-n070-r08-09,108.14936191036267,4190.000099999998,4190.000099999998,0.0,3.414681973,104.73467993736267,100.86429491300001,100.82588144899995,220,209,1590,1843,3539,,,,,
sd_p3000,mcp4-n070-r08-10,42.29793651460144,4291.000099999999,4291.000099999999,0.0,3.12472947,39.17320704460144,37.00069772200001,36.98255337300001,121,116,600,1808,3469,,,,,
sd_p3000,mcp4-n070-r10-01,59.714532776240965,3716.0002000000004,3716.0002000000004,0.0,2.035791798,57.67874097824097,52.91880890600002,52.878643361999984,206,198,1991,1793,3421,,,,,
sd_p3000,mcp4-n070-r10-02,68.77294898189123,3023.0001500000008,3023.0001500000008,0.0,2.723105909,66.04984307289124,52.28910077400002,52.263529932000004,149,141,8753,1851,3537,,,,,
sd_p3000,mcp4-n070-r10-03,13.84979645035437,3403.0001000000007,3403.0001000000007,0.0,2.918641484,10.93115496635437,10.325201558999998,10.319803499,38,34,110,1790,3415,,,,,
sd_p3000,mcp4-n070-r10-04,58.82288217959631,3412.250150000003,3412.250150000003,0.0,1.898325209,56.92455697059631,51.74742157100001,51.71655086999999,186,177,2682,1817,3469,,,,,
sd_p3000,mcp4-n070-r10-05,34.97825860503296,3104.0000999999993,3104.0000999999993,0.0,2.044972415,32.93328619003296,31.775836300999995,31.750769772,124,116,644,1792,3419,,,,,
sd_p3000,mcp4-n070-r10-06,37.57071720917749,3933.0002000000018,3933.0002000000018,0.0,0.741427296,36.82928991317749,35.54379001400001,35.52463638899999,116,111,513,1825,3485,,,,,
sd_p3000,mcp4-n070-r10-07,38.013508396502196,3412.0001,3412.0001,0.0,1.545755463,36.4677529335022,35.681453418000004,35.66388535499999,121,111,255,1800,3435,,,,,
sd_p3000,mcp4-n070-r10-08,9.557360689173828,3314.000149999998,3314.000149999998,0.0,1.715666811,7.841693878173828,7.370217341000002,7.3666493630000005,28,25,49,1807,3449,,,,,
sd_p3000,mcp4-n070-r10-09,31.074010476615847,3319.666800000002,3319.7887743710485,3.6742955963740095e-5,3.069123611,28.004886865615845,26.606140747999987,26.592653975,94,87,678,1813,3461,,,,,
sd_p3000,mcp4-n070-r10-10,58.65233039617419,4003.500149999998,4003.500149999998,0.0,1.348400352,57.303930044174194,52.92409654899998,52.89496369800003,190,180,1783,1815,3465,,,,,
sd_p3000,mcp4-n070-r12-01,17.527310744128908,2717.000180000001,2717.000180000001,0.0,1.749867812,15.777442932128906,15.103321588000002,15.094031404999996,73,67,234,1833,3490,,,,,
sd_p3000,mcp4-n070-r12-02,12.210817691372803,2701.333466666665,2701.333466666665,0.0,1.623150703,10.587666988372803,10.134817127,10.128983903000002,50,45,92,1826,3476,,,,,
sd_p3000,mcp4-n070-r12-03,17.568893656801514,2729.0001,2729.0001,0.0,1.397770629,16.171123027801514,15.461198172999998,15.448960774999998,79,70,120,1804,3432,,,,,
sd_p3000,mcp4-n070-r12-04,14.903683696792358,2555.0001000000025,2555.0001000000025,0.0,2.132214819,12.771468877792358,12.239705280999999,12.232484806000004,54,48,88,1790,3404,,,,,
sd_p3000,mcp4-n070-r12-05,26.245649585213624,2196.0001399999974,2196.0001399999974,0.0,2.75437046,23.491279125213623,22.661816874999992,22.651505737000008,86,77,342,1790,3404,,,,,
sd_p3000,mcp4-n070-r12-06,33.46508956071192,2249.000100000001,2249.000100000001,0.0,1.702201606,31.762887954711914,30.946391196999997,30.92805832700001,128,119,404,1813,3450,,,,,
sd_p3000,mcp4-n070-r12-07,41.47368211321924,2338.500200000001,2338.5002000000013,0.0,2.215094276,39.25858783721924,37.198872277,37.176643036,165,153,738,1840,3504,,,,,
sd_p3000,mcp4-n070-r12-08,28.0819414727843,2860.3334666666688,2860.3334666666688,0.0,1.702324497,26.3796169757843,25.443112331000005,25.429505118000012,101,93,363,1841,3506,,,,,
sd_p3000,mcp4-n070-r12-09,11.65072973778357,2674.0001,2674.0001,0.0,1.517850719,10.13287901878357,9.624163002000001,9.617782285999999,45,41,143,1830,3484,,,,,
sd_p3000,mcp4-n070-r12-10,31.348651786356566,2880.000200000001,2880.000200000001,0.0,1.439001699,29.909650087356567,22.653858534999998,22.637910269000002,110,107,5296,1823,3470,,,,,
sd_p3000,mcp4-n070-r14-01,32.59085525297156,2391.666800000001,2391.666800000001,0.0,1.625963104,30.964892148971558,23.012997002999995,22.99335183200001,157,149,4800,1777,3369,,,,,
sd_p3000,mcp4-n070-r14-02,27.41237493757434,1915.5001499999996,1915.5001499999996,0.0,1.518862927,25.89351201057434,25.04163564200001,25.023890447000007,143,133,397,1817,3449,,,,,
sd_p3000,mcp4-n070-r14-03,27.206494387989014,2035.5715714285716,2035.5715714285716,0.0,1.122407493,26.084086894989014,25.20586509500001,25.188117331000004,129,120,216,1790,3395,,,,,
sd_p3000,mcp4-n070-r14-04,19.326551494189818,2220.00015,2220.00015,0.0,0.652107534,18.67444396018982,17.898431340000002,17.885872061999997,104,97,219,1788,3391,,,,,
sd_p3000,mcp4-n070-r14-05,27.825611185142336,1797.5001500000012,1797.5001500000012,0.0,1.900290083,25.925321102142334,24.841924420999995,24.825861089,136,122,586,1772,3359,,,,,
sd_p3000,mcp4-n070-r14-06,14.528844718181885,2060.000200000002,2060.000200000002,0.0,2.041392688,12.487452030181885,11.794163737000002,11.783826291000002,66,62,286,1810,3435,,,,,
sd_p3000,mcp4-n070-r14-07,21.569154560093995,2126.0001,2126.0001,0.0,1.16291362,20.406240940093994,19.630352283,19.616883879000007,116,106,214,1803,3421,,,,,
sd_p3000,mcp4-n070-r14-08,16.50472201175769,1959.0001000000002,1959.0001000000002,0.0,1.491610182,15.01311182975769,14.401631865,14.394510505000001,66,60,206,1816,3447,,,,,
sd_p3000,mcp4-n070-r14-09,34.36904225767066,1995.0000999999997,1995.0000999999997,0.0,1.258981089,33.110061168670654,30.46733865000002,30.447821036999997,150,139,832,1796,3407,,,,,
sd_p3000,mcp4-n070-r14-10,27.430976295191773,2080.000100000001,2080.000100000001,0.0,1.814710283,25.616266012191772,24.905786858000003,24.890783130000006,128,118,178,1787,3389,,,,,
sd_p3000,mcp4-n070-r16-01,4.545843417616943,2000.000100000003,2000.0691168270148,3.450841178051173e-5,0.831982429,3.7138609886169434,3.380244293,3.376595073,26,23,4,1790,3389,,,,,
sd_p3000,mcp4-n070-r16-02,13.606955608562988,1713.0001000000004,1713.0001000000004,0.0,0.712686619,12.894268989562988,12.091584310000002,12.079383105000002,87,79,172,1777,3363,,,,,
sd_p3000,mcp4-n070-r16-03,20.833565505084106,1780.000133333336,1780.000133333336,0.0,1.196763547,19.636801958084106,14.226690793,14.211638158,88,83,2929,1823,3455,,,,,
sd_p3000,mcp4-n070-r16-04,27.970155414332396,2174.0001500000008,2174.0001500000008,0.0,1.025123533,26.945031881332397,24.356925708000002,24.329892502000007,168,157,1217,1765,3339,,,,,
sd_p3000,mcp4-n070-r16-05,27.922809620952513,1872.0001000000002,1872.0001000000002,0.0,1.113338729,26.809470891952515,23.53949312,23.512151968000005,152,142,2193,1772,3353,,,,,
sd_p3000,mcp4-n070-r16-06,36.326125988491334,1821.250125,1821.250125,0.0,1.145598063,35.18052792549133,28.419206869000003,28.388618494999996,155,144,2482,1826,3461,,,,,
sd_p3000,mcp4-n070-r16-07,26.85051127025476,1802.5001500000026,1802.5001500000026,0.0,1.831187206,25.01932406425476,21.564321485000004,21.543620669000006,134,124,963,1822,3453,,,,,
sd_p3000,mcp4-n070-r16-08,18.200526248167236,1836.000100000002,1836.000100000002,0.0,1.222052108,16.978474140167236,16.194973954,16.176134877999996,107,101,317,1786,3381,,,,,
sd_p3000,mcp4-n070-r16-09,29.065752206426637,1988.0001000000022,1988.000100000002,0.0,1.271556316,27.794195890426636,25.40097320900001,25.37433012599999,147,137,1208,1789,3387,,,,,
sd_p3000,mcp4-n070-r16-10,20.301230404454714,1810.0001666666672,1810.0002999999983,7.366481707195585e-8,0.897053454,19.404176950454712,17.608364972000004,17.586322398000004,135,131,829,1773,3355,,,,,
sd_p3000,mcp4-n080-r08-01,231.25003849609448,4810.833483333334,4810.833483333334,0.0,5.413029543,225.83700895309448,204.47087326899992,204.42043508499992,241,232,7787,2067,3966,,,,,
sd_p3000,mcp4-n080-r08-02,105.72089630412353,5122.000300000002,5122.000300000002,0.0,5.021745265,100.69915103912354,99.05295202999996,99.02781554799998,140,133,466,2063,3958,,,,,
sd_p3000,mcp4-n080-r08-03,317.22670877198425,6000.000099999999,6000.000099999999,0.0,5.069660785,312.15704798698425,289.17224346499984,289.1149686970001,269,258,11086,2115,4062,,,,,
sd_p3000,mcp4-n080-r08-04,204.7659316847373,5927.111266666667,5927.111266666667,0.0,4.456622679,200.3093090057373,195.9641400719999,195.9226975819999,209,198,1480,2097,4026,,,,,
sd_p3000,mcp4-n080-r08-05,126.98549596187048,5400.000100000005,5400.000100000005,0.0,5.806770004,121.17872595787048,119.76123081300001,119.73403166099996,136,126,437,2069,3970,,,,,
sd_p3000,mcp4-n080-r08-06,221.86916498375086,4848.000200000005,4848.000200000005,0.0,5.414149086,216.45501589775085,173.06776789299997,173.01971133300006,229,223,20367,2086,4004,,,,,
sd_p3000,mcp4-n080-r08-07,147.74386015954906,4926.000150000001,4926.000150000001,0.0,5.098159228,142.64570093154907,137.64752950499994,137.6153410199999,181,168,721,2085,4002,,,,,
sd_p3000,mcp4-n080-r08-08,193.8777925476184,5168.000099999999,5168.000099999999,0.0,5.59037752,188.2874150276184,183.612649403,183.56533231200015,231,224,1475,2088,4008,,,,,
sd_p3000,mcp4-n080-r08-09,337.9720865854098,5038.500150000002,5038.500150000002,0.0,6.147785581,331.8243010044098,317.673441485,317.565172694,274,261,6403,2110,4052,,,,,
sd_p3000,mcp4-n080-r08-10,234.0747951653047,4610.0001,4610.333433333331,7.230657832983803e-5,6.418133178,227.6566619873047,223.16509168600007,223.12233247500004,227,213,1947,2093,4018,,,,,
sd_p3000,mcp4-n080-r10-01,64.30576989853907,3691.0001500000035,3691.0001500000035,0.0,4.118742921,60.18702697753906,59.090052620000016,59.06679702300001,115,107,470,2079,3970,,,,,
sd_p3000,mcp4-n080-r10-02,96.32225804736743,3995.2501500000026,3995.2501500000026,0.0,4.223039202,92.09921884536743,90.71976057700007,90.690770467,164,157,557,2079,3970,,,,,
sd_p3000,mcp4-n080-r10-03,171.88112142694115,4124.000099999999,4124.000099999999,0.0,4.024018556,167.85710287094116,149.97718300700004,149.93162421800002,248,235,9913,2098,4008,,,,,
sd_p3000,mcp4-n080-r10-04,109.54489150004468,4292.000200000001,4292.000200000001,0.0,2.890360498,106.65453100204468,105.20999974599997,105.18097556200001,164,153,567,2040,3892,,,,,
sd_p3000,mcp4-n080-r10-05,156.518255727078,3823.000200000002,3823.000200000002,0.0,4.206483619,152.311772108078,134.27527032899997,134.22663372899999,253,246,6210,2048,3908,,,,,
sd_p3000,mcp4-n080-r10-06,76.10163664297839,4038.0001000000066,4038.0001000000066,0.0,3.924351687,72.1772849559784,70.34742721900001,70.324723672,132,128,565,2077,3966,,,,,
sd_p3000,mcp4-n080-r10-07,59.96567458815808,3943.0001,3943.0001,0.0,3.308729598,56.65694499015808,55.86194850399998,55.840866340000005,130,122,172,2021,3854,,,,,
sd_p3000,mcp4-n080-r10-08,110.78127819053344,4339.000100000001,4339.000100000001,0.0,3.61351305,107.16776514053345,103.73264552399999,103.70215657400003,172,162,1318,2046,3904,,,,,
sd_p3000,mcp4-n080-r10-09,47.78911843384046,3860.0000999999997,3860.0000999999997,0.0,4.519617463,43.269500970840454,42.481716728,42.46960667999999,77,71,207,2057,3926,,,,,
sd_p3000,mcp4-n080-r10-10,165.56211284269116,4385.500150000001,4385.500150000001,0.0,3.635185753,161.92692708969116,156.60839112200006,156.55652871200004,276,266,2536,2062,3936,,,,,
sd_p3000,mcp4-n080-r12-01,106.36951181944336,3733.000100000004,3733.000100000004,0.0,1.71067164,104.65884017944336,101.66837151699998,101.62033194399996,207,200,888,2076,3951,,,,,
sd_p3000,mcp4-n080-r12-02,82.64550004285168,3525.5001500000008,3525.7920717043003,8.280291926792611e-5,2.677319148,79.96818089485168,72.470825521,72.43363382400004,194,182,4513,2050,3899,,,,,
sd_p3000,mcp4-n080-r12-03,42.85298489768481,3056.000100000001,3056.000100000001,0.0,3.303385727,39.549599170684814,38.447655133,38.42487303200001,126,118,367,2095,3989,,,,,
sd_p3000,mcp4-n080-r12-04,10.649963119880127,3247.0001999999995,3247.0001999999995,0.0,2.424018124,8.225944995880127,7.581786829000001,7.577752210999998,24,21,55,2042,3883,,,,,
sd_p3000,mcp4-n080-r12-05,86.37446336977771,3280.000100000001,3280.000100000001,0.0,3.160800507,83.21366286277771,81.87927464499995,81.83491895899995,222,212,349,2079,3957,,,,,
sd_p3000,mcp4-n080-r12-06,93.78933247906494,3081.3334666666683,3081.3334666666683,0.0,2.6807805,91.10855197906494,78.03239448499997,77.99022505100002,213,203,6748,2070,3939,,,,,
sd_p3000,mcp4-n080-r12-07,73.53238119883423,2996.0001999999995,2996.0001999999995,0.0,3.21464505,70.31773614883423,64.36757238999999,64.33504137399999,178,170,3201,2046,3891,,,,,
sd_p3000,mcp4-n080-r12-08,108.34649704778211,2750.0001,2750.0001,0.0,4.164125193,104.1823718547821,98.45998101699996,98.40955275800003,241,233,2279,2067,3933,,,,,
sd_p3000,mcp4-n080-r12-09,19.375495360193113,3034.000100000002,3034.000100000002,0.0,2.408113406,16.967381954193115,16.219321481000005,16.210171351000003,54,48,79,2078,3955,,,,,
sd_p3000,mcp4-n080-r12-10,42.08697369890234,3249.000100000003,3249.000100000003,0.0,3.060888799,39.026084899902344,37.94890898699998,37.92855595700001,114,107,443,2019,3837,,,,,
sd_p3000,mcp4-n080-r14-01,46.55221321040857,2692.000100000002,2692.000100000002,0.0,2.309715051,44.24249815940857,43.14106430300002,43.115837162999995,122,114,442,2099,3988,,,,,
sd_p3000,mcp4-n080-r14-02,29.763428138256103,2471.000199999999,2471.000199999999,0.0,2.453535007,27.309893131256104,26.253949278000004,26.240255632000007,89,83,180,2059,3908,,,,,
sd_p3000,mcp4-n080-r14-03,67.74509264917529,2417.50015,2417.50015,0.0,2.079844732,65.6652479171753,62.909681249,62.872378044,219,207,889,2018,3826,,,,,
sd_p3000,mcp4-n080-r14-04,65.94820856277111,2289.000100000001,2289.0096320444964,4.1642831274865006e-6,2.271593563,63.67661499977112,59.14197320200001,59.10591830999999,200,192,2322,2036,3862,,,,,
sd_p3000,mcp4-n080-r14-05,7.326881499926758,2817.0001000000007,2817.0001000000007,0.0,1.83270845,5.494173049926758,4.88967265,4.8867664490000005,20,18,20,2056,3902,,,,,
sd_p3000,mcp4-n080-r14-06,57.23270194197033,2750.5001500000003,2750.5001500000008,0.0,1.900393888,55.33230805397034,49.22883576499999,49.19757048399998,183,176,2865,2087,3964,,,,,
sd_p3000,mcp4-n080-r14-07,17.976756187681154,2926.0001,2926.0001,0.0,1.744831177,16.231925010681152,15.517350298000004,15.506211200999992,72,68,111,2030,3850,,,,,
sd_p3000,mcp4-n080-r14-08,51.25820568689685,2455.5001499999994,2455.5001499999994,0.0,2.030897652,49.22730803489685,45.440647019000004,45.411646509,158,152,1613,2095,3980,,,,,
sd_p3000,mcp4-n080-r14-09,59.3837778785863,2462.50015,2462.50015,0.0,2.369066737,57.014711141586304,53.24276913299999,53.207024905000004,198,192,1318,2051,3892,,,,,
sd_p3000,mcp4-n080-r14-10,8.215560883393554,2858.0001333333335,2858.0001333333335,0.0,1.274354905,6.941205978393555,6.594223226,6.590992575999999,23,20,1,2025,3840,,,,,
sd_p3000,mcp4-n080-r16-01,13.944753047130128,2328.0001,2328.0001,0.0,1.423397895,12.521355152130127,11.985474882999995,11.976238549,52,48,52,2056,3894,,,,,
sd_p3000,mcp4-n080-r16-02,35.67395553788599,2142.5001500000017,2142.5001500000017,0.0,1.702622511,33.971333026885986,27.723803167999996,27.70520049400001,112,102,2346,2048,3878,,,,,
sd_p3000,mcp4-n080-r16-03,20.307545623649535,1936.5001500000012,1936.5001500000012,0.0,1.480056486,18.827489137649536,18.080926711,18.065271928000005,80,69,192,2062,3906,,,,,
sd_p3000,mcp4-n080-r16-04,68.54683635476476,2156.7501500000017,2156.7501500000017,0.0,1.046377399,67.50045895576477,62.95378041300002,62.90105326700004,263,252,2018,2020,3822,,,,,
sd_p3000,mcp4-n080-r16-05,19.635005752398925,2229.0001,2229.0001,0.0,2.051054756,17.583950996398926,16.912213616000003,16.902776237999994,64,56,109,2055,3892,,,,,
sd_p3000,mcp4-n080-r16-06,6.548599156363403,2299.000100000002,2299.000100000002,0.0,1.563275012,4.985324144363403,4.4261424300000005,4.422315719,26,23,36,2048,3878,,,,,
sd_p3000,mcp4-n080-r16-07,59.739540966123904,2319.6668333333355,2319.6668333333355,0.0,1.785185011,57.9543559551239,50.55002541000001,50.51476536500002,205,197,4584,2022,3826,,,,,
sd_p3000,mcp4-n080-r16-08,8.728683109391845,1812.0001000000009,1812.0001000000009,0.0,1.723876114,7.004806995391846,6.365922229,6.3618570650000015,32,28,64,2049,3880,,,,,
sd_p3000,mcp4-n080-r16-09,23.921756029617796,1992.0001000000002,1992.0001000000002,0.0,1.939890862,21.981865167617798,21.258662774999998,21.246945284,96,87,189,2032,3846,,,,,
sd_p3000,mcp4-n080-r16-10,24.272769572481934,1627.0001000000009,1627.0001000000009,0.0,1.819584491,22.453185081481934,21.509308811999993,21.495073879999996,114,107,404,1985,3752,,,,,
sd_p3000,mcp4-n090-r08-01,825.8029977517516,6051.333466666668,6051.548978544225,3.561394835441654e-5,8.519212647,817.2837851047516,757.4140541630009,757.2947886360001,461,451,36489,2303,4418,,,,,
sd_p3000,mcp4-n090-r08-02,282.7916034805038,6350.000100000007,6350.000100000007,0.0,7.154811536,275.6367919445038,269.7946213000001,269.747383683,229,220,680,2328,4468,,,,,
sd_p3000,mcp4-n090-r08-03,434.635372478606,6544.400119999986,6544.400119999986,0.0,7.99172147,426.64365100860596,338.25731469999994,338.1848749159998,327,322,44714,2274,4360,,,,,
sd_p3000,mcp4-n090-r08-04,524.3899852481546,5604.0002,5604.0002,0.0,8.953494474,515.4364907741547,508.4913641160003,508.4211965589999,307,297,2080,2308,4428,,,,,
sd_p3000,mcp4-n090-r08-05,442.4317030947799,5733.5001500000035,5733.5001500000035,0.0,9.348920111,433.0827829837799,426.31457334400017,426.250874622,303,295,2342,2277,4366,,,,,
sd_p3000,mcp4-n090-r08-06,742.9607103939333,6854.8334833333265,6855.169911320753,4.907894382040676e-5,9.042552578,733.9181578159332,645.9754393300003,645.8876306170002,412,402,50432,2293,4398,,,,,
sd_p3000,mcp4-n090-r08-07,334.6247178581737,6628.500150000003,6628.500150000003,0.0,7.718352702,326.9063651561737,323.0572380560002,323.0173194090001,218,207,1113,2314,4440,,,,,
sd_p3000,mcp4-n090-r08-08,1087.7653226062976,5870.000150000006,5870.000150000006,0.0,9.158507745,1078.6068148612976,1042.3347852499999,1042.2236721009995,490,477,19767,2316,4444,,,,,
sd_p3000,mcp4-n090-r08-09,599.3790079549282,5690.500149999999,5690.500149999998,0.0,8.049562116,591.3294458389282,576.0339809290003,575.9703301889996,295,282,7680,2274,4360,,,,,
sd_p3000,mcp4-n090-r08-10,496.81673355649355,6615.000100000001,6615.000100000001,0.0,8.90771051,487.90902304649353,483.9088200710001,483.86046883200004,260,247,810,2259,4330,,,,,
sd_p3000,mcp4-n090-r10-01,436.81603688225476,5127.50015,5127.50015,0.0,7.044759693,429.77127718925476,422.2699591329998,422.17209274100014,367,358,2501,2312,4413,,,,,
sd_p3000,mcp4-n090-r10-02,267.23336777865296,4945.000199999997,4945.000199999997,0.0,6.236205675,260.99716210365295,254.5159933890001,254.4318104650001,343,334,2737,2311,4411,,,,,
sd_p3000,mcp4-n090-r10-03,266.40207150799733,4279.0001,4279.0001,0.0,7.590631517,258.8114399909973,256.85873175599994,256.805730573,235,226,654,2320,4429,,,,,
sd_p3000,mcp4-n090-r10-04,78.12286231819897,4416.000100000002,4416.000100000002,0.0,6.691342333,71.43151998519897,70.20430224100001,70.18654704800002,95,89,392,2272,4333,,,,,
sd_p3000,mcp4-n090-r10-05,359.45987857170104,4297.000099999999,4297.000099999999,0.0,7.6853875,351.77449107170105,346.16210553400026,346.0923216970002,298,286,1937,2310,4409,,,,,
sd_p3000,mcp4-n090-r10-06,465.4359573468134,4412.000199999999,4412.000199999999,0.0,7.057479535,458.37847781181335,439.53975748499994,439.47187324600003,299,287,7042,2275,4339,,,,,
sd_p3000,mcp4-n090-r10-07,366.11273769843615,4309.000100000001,4309.000100000001,0.0,6.255479617,359.85725808143616,327.7220584469999,327.65521566700005,351,341,16273,2332,4453,,,,,
sd_p3000,mcp4-n090-r10-08,382.45045096634095,4828.000133333335,4828.000133333335,0.0,5.00701792,377.44343304634094,365.101260993,365.02977343899977,379,366,3305,2299,4387,,,,,
sd_p3000,mcp4-n090-r10-09,219.39086660972936,5061.000100000001,5061.000100000001,0.0,6.049799534,213.34106707572937,211.65613041299994,211.60013371300008,285,278,340,2325,4439,,,,,
sd_p3000,mcp4-n090-r10-10,429.99372416252635,4562.400139999996,4562.400139999996,0.0,6.455884273,423.53783988952637,386.3634610170001,386.2852482009999,358,348,21494,2277,4343,,,,,
sd_p3000,mcp4-n090-r12-01,183.02618922042578,3706.4001400000006,3706.4001400000006,0.0,4.900388134,178.12580108642578,167.36847891699998,167.30835887699988,259,252,4731,2291,4356,,,,,
sd_p3000,mcp4-n090-r12-02,110.10424424646644,3871.0001499999994,3871.0001499999994,0.0,4.740541234,105.36370301246643,101.0722606810001,101.039413906,177,175,1977,2307,4388,,,,,
sd_p3000,mcp4-n090-r12-03,106.48183070858423,3755.0000999999997,3755.0000999999997,0.0,5.488801591,100.99302911758423,99.67873376300004,99.63898050499999,184,174,461,2288,4350,,,,,
sd_p3000,mcp4-n090-r12-04,277.86607858774926,3608.000149999996,3608.0001499999967,0.0,5.529320451,272.33675813674927,249.77592824399994,249.68345954400002,430,419,8412,2311,4396,,,,,
sd_p3000,mcp4-n090-r12-05,90.5215525983639,3550.0001000000007,3550.0001000000007,0.0,5.171866691,85.34968590736389,84.05353530800004,84.01713210899997,176,161,472,2294,4362,,,,,
sd_p3000,mcp4-n090-r12-06,55.02496261499597,3339.0002000000004,3339.0002000000004,0.0,5.129091691,49.89587092399597,48.78680722300001,48.770606821,95,88,411,2277,4328,,,,,
sd_p3000,mcp4-n090-r12-07,121.80727999344384,3782.5001499999985,3782.5001499999985,0.0,4.282124926,117.52515506744385,114.62572760800002,114.58874689100003,172,166,630,2305,4384,,,,,
sd_p3000,mcp4-n090-r12-08,185.13370767373522,3672.0001000000016,3672.0001000000016,0.0,6.221080692,178.91262698173523,162.09403041499996,162.04656860100002,245,238,9231,2274,4322,,,,,
sd_p3000,mcp4-n090-r12-09,84.02486135617492,4184.000100000005,4184.000100000005,0.0,3.458568355,80.56629300117493,79.45726284700005,79.43083501,143,135,328,2263,4300,,,,,
sd_p3000,mcp4-n090-r12-10,76.60848364959875,3350.3334666666724,3350.3334666666724,0.0,5.420711614,71.18777203559875,69.54725750899999,69.52666751499997,125,118,713,2271,4316,,,,,
sd_p3000,mcp4-n090-r14-01,48.09225861043921,3413.0001,3413.0001,0.0,3.259985604,44.83227300643921,43.951164178999996,43.93062683800001,99,94,128,2256,4276,,,,,
sd_p3000,mcp4-n090-r14-02,60.03101206447632,3182.0001500000003,3182.0001500000003,0.0,3.770916945,56.26009511947632,50.932736723000005,50.91273695800002,91,88,1903,2284,4332,,,,,
sd_p3000,mcp4-n090-r14-03,84.76346722546839,3149.0002000000004,3149.0002000000004,0.0,4.413020286,80.35044693946838,79.243327834,79.21147648900002,149,139,336,2270,4304,,,,,
sd_p3000,mcp4-n090-r14-04,175.89924649737281,3646.000100000001,3646.000100000001,0.0,3.499079509,172.4001669883728,162.99101701700002,162.91027739900002,321,310,2499,2258,4280,,,,,
sd_p3000,mcp4-n090-r14-05,91.66855363687365,3044.0000999999997,3044.0000999999997,0.0,4.245499657,87.42305397987366,84.77202091800005,84.73004065500007,198,192,747,2269,4302,,,,,
sd_p3000,mcp4-n090-r14-06,120.2146505227273,3399.333466666667,3399.333466666667,0.0,3.850343596,116.3643069267273,113.69016605800005,113.64398961099997,212,201,871,2290,4344,,,,,
sd_p3000,mcp4-n090-r14-07,120.50021767000794,2659.6668333333337,2659.6668333333337,0.0,3.639397615,116.86082005500793,112.167461425,112.12206673999997,245,236,1375,2307,4378,,,,,
sd_p3000,mcp4-n090-r14-08,79.45211265550476,2623.500133333331,2623.500133333331,0.0,4.63933156,74.81278109550476,73.10314995499999,73.06949268899999,159,149,786,2276,4316,,,,,
sd_p3000,mcp4-n090-r14-09,195.8443995330465,2984.0002000000004,2984.0002000000004,0.0,4.345484576,191.4989149570465,175.51476343700003,175.45462478700006,306,294,6861,2253,4270,,,,,
sd_p3000,mcp4-n090-r14-10,59.54372060848938,2664.000100000002,2664.257242857146,9.652509290225524e-5,3.867514735,55.67620587348938,54.831333076,54.808525055000004,131,120,321,2263,4290,,,,,
sd_p3000,mcp4-n090-r16-01,89.82894496883655,2082.333466666665,2082.333466666665,0.0,3.675509977,86.15343499183655,79.21128874100002,79.16074560000006,213,203,1207,2283,4322,,,,,
sd_p3000,mcp4-n090-r16-02,31.616871160262573,2594.00015,2594.00015,0.0,3.381040138,28.235831022262573,27.15770148800001,27.13952556100001,97,92,402,2288,4332,,,,,
sd_p3000,mcp4-n090-r16-03,96.80635193683814,2573.333466666666,2573.5743787333886,9.361867392748762e-5,3.310049809,93.49630212783813,91.79235924800005,91.73761856999997,246,234,587,2250,4256,,,,,
sd_p3000,mcp4-n090-r16-04,87.31293494369898,2174.00014,2174.00014,0.0,3.577704021,83.73523092269897,74.76346085899998,74.722193774,188,182,4772,2287,4330,,,,,
sd_p3000,mcp4-n090-r16-05,40.00540691812329,2710.00015,2710.00015,0.0,2.622225823,37.38318109512329,36.337453313000005,36.319541785000006,104,94,156,2273,4302,,,,,
sd_p3000,mcp4-n090-r16-06,40.318611071164916,2677.000100000002,2677.000100000002,0.0,3.556695149,36.76191592216492,35.72319050399999,35.64774761299999,109,101,266,2276,4308,,,,,
sd_p3000,mcp4-n090-r16-07,60.46579264505261,2343.0001500000003,2343.0001500000003,0.0,2.657472838,57.80831980705261,56.314701474,56.285272037000006,150,143,692,2267,4290,,,,,
sd_p3000,mcp4-n090-r16-08,27.171783657633302,2537.0001,2537.0001,0.0,2.323092671,24.8486909866333,24.003056685,23.990203707000003,74,71,137,2253,4262,,,,,
sd_p3000,mcp4-n090-r16-09,53.658770202217404,2431.0002000000013,2431.0002000000013,0.0,3.914488195,49.74428200721741,48.099892522999994,48.07830090099997,141,132,633,2210,4176,,,,,
sd_p3000,mcp4-n090-r16-10,126.50074053292138,2754.0000999999997,2754.0000999999997,0.0,2.524312501,123.97642803192139,118.74800651600002,118.69001045299999,279,265,1842,2269,4294,,,,,
sd_p3000,mcp4-n100-r08-01,1997.753223560554,6727.000199999999,6727.326051123823,4.843929153214198e-5,12.350623749,1985.402599811554,1941.9609398560012,1941.737603596001,707,693,16096,2448,4687,,,,,
sd_p3000,mcp4-n100-r08-02,669.4502764549813,7489.764852941178,7489.764852941178,0.0,10.766508421,658.6837680339813,654.1139079639997,654.0483177999997,269,259,1247,2453,4697,,,,,
sd_p3000,mcp4-n100-r08-03,381.92595919280654,7652.50015,7652.5608703511925,7.93470761221553e-6,11.603624188,370.3223350048065,368.1099316200002,368.08696522400004,124,118,907,2509,4809,,,,,
sd_p3000,mcp4-n100-r08-04,204.63119355045714,6973.666799999995,6973.666799999995,0.0,11.135676535,193.49551701545715,191.25847401800007,191.23140016899993,157,150,946,2462,4715,,,,,
sd_p3000,mcp4-n100-r08-05,251.35270779132713,7837.000099999998,7837.57152857143,7.29141972871954e-5,10.171732831,241.18097496032715,239.433716239,239.379227301,138,132,517,2479,4749,,,,,
sd_p3000,mcp4-n100-r08-06,717.3382763843898,6773.400140000002,6773.400140000002,0.0,13.823901413,703.5143749713898,697.7577257329999,697.7124821279999,239,232,2192,2459,4709,,,,,
sd_p3000,mcp4-n100-r08-07,3402.9444754062656,7155.00015,7155.513713513511,7.177686970574617e-5,14.388144487,3388.5563309192657,3060.290831630999,3060.0772235380036,780,761,158466,2485,4761,,,,,
sd_p3000,mcp4-n100-r08-08,397.58201543416624,7455.00016666666,7455.00016666666,0.0,12.638905445,384.94310998916626,380.494839957,380.4661943970001,157,151,1270,2463,4717,,,,,
sd_p3000,mcp4-n100-r08-09,80.05728809150122,8006.000100000003,8006.000100000003,0.0,11.511618059,68.54567003250122,67.461014407,67.45638508699999,29,27,192,2448,4687,,,,,
sd_p3000,mcp4-n100-r08-10,222.23193478945677,7545.000100000001,7545.000100000001,0.0,11.10490394,211.1270308494568,209.893479545,209.87396491600003,109,101,228,2461,4713,,,,,
sd_p3000,mcp4-n100-r10-01,747.3461985615702,5748.000100000005,5748.000100000005,0.0,9.511675599,737.8345229625702,730.3789139210005,730.2367195649992,385,375,2351,2451,4668,,,,,
sd_p3000,mcp4-n100-r10-02,1086.8062351886192,5565.500150000002,5565.8294682926835,5.9171374325058444e-5,9.223254079,1077.5829811096191,1012.7189043740009,1012.5709868549995,562,552,29773,2476,4718,,,,,
sd_p3000,mcp4-n100-r10-03,829.2699976167609,5742.000200000005,5742.238431335159,4.148925929219122e-5,8.934432765,820.3355648517609,701.8570590380002,701.7360437650003,453,446,61432,2512,4790,,,,,
sd_p3000,mcp4-n100-r10-04,74.9626273529303,5337.000100000001,5337.000100000001,0.0,9.000171365,65.9624559879303,64.76068870200001,64.750493902,61,56,201,2514,4794,,,,,
sd_p3000,mcp4-n100-r10-05,487.82879289337194,5641.600120000006,5641.679501133213,1.4070677027509671e-5,8.806005084,479.02278780937195,357.5580372649998,357.4858446490001,293,289,55812,2463,4692,,,,,
sd_p3000,mcp4-n100-r10-06,115.61337415544958,4740.285857142858,4740.285857142858,0.0,9.160972279,106.45240187644958,104.67953872600002,104.66419319399998,94,87,597,2480,4726,,,,,
sd_p3000,mcp4-n100-r10-07,792.8556487368705,4962.0000999999975,4962.0000999999975,0.0,9.423016529,783.4326322078705,753.2874204969995,753.1197783360001,416,402,12068,2462,4690,,,,,
sd_p3000,mcp4-n100-r10-08,373.7146485590162,5207.200239999992,5207.200239999992,0.0,10.786631658,362.92801690101624,360.82269459800006,360.77454791200006,210,201,715,2510,4786,,,,,
sd_p3000,mcp4-n100-r10-09,323.79010324372695,5493.000199999997,5493.000199999997,0.0,10.026704358,313.76339888572693,312.13297009600024,312.0869437479998,205,196,427,2486,4738,,,,,
sd_p3000,mcp4-n100-r10-10,161.9497468656366,5179.0000999999975,5179.0000999999975,0.0,8.229992885,153.7197539806366,152.455633365,152.43569311199994,117,110,343,2460,4686,,,,,
sd_p3000,mcp4-n100-r12-01,93.96500512329908,4715.000099999999,4715.000099999999,0.0,6.474089348,87.49091577529907,86.58170689799998,86.56543486699998,88,83,90,2452,4654,,,,,
sd_p3000,mcp4-n100-r12-02,417.3982382219845,4416.7501500000035,4417.074866355137,7.351929452772075e-5,8.595142166,408.8030960559845,367.4218210180001,367.3315053370002,368,363,20851,2506,4762,,,,,
sd_p3000,mcp4-n100-r12-03,552.47763436371,4371.000099999999,4371.000099999999,0.0,6.844068461,545.63356590271,534.0769593309999,533.969276587,392,381,3008,2467,4684,,,,,
sd_p3000,mcp4-n100-r12-04,712.2603531837054,4026.0001,4026.0001,0.0,8.79840312,703.4619500637054,691.9118015700002,691.77916858,514,500,4314,2450,4650,,,,,
sd_p3000,mcp4-n100-r12-05,175.58315147620874,4321.000100000001,4321.000100000001,0.0,7.399552481,168.18359899520874,164.04221106200004,163.99256612,250,239,1102,2448,4646,,,,,
sd_p3000,mcp4-n100-r12-06,90.46909785392944,4808.0000999999975,4808.0000999999975,0.0,7.31956792,83.14952993392944,81.905132175,81.888734981,94,88,295,2412,4574,,,,,
sd_p3000,mcp4-n100-r12-07,228.53592532361267,4274.0002,4274.0002,0.0,6.94333523,221.59259009361267,219.65034688499995,219.59390107100023,238,227,637,2439,4628,,,,,
sd_p3000,mcp4-n100-r12-08,75.97667877511267,4097.000133333338,4097.000133333338,0.0,6.984674619,68.99200415611267,68.114355119,68.099507944,75,69,186,2454,4658,,,,,
sd_p3000,mcp4-n100-r12-09,175.76625609777258,4716.000099999999,4716.0001,0.0,8.908665184,166.85759091377258,165.20489508099993,165.171963354,158,151,515,2481,4712,,,,,
sd_p3000,mcp4-n100-r12-10,124.13075486279419,3990.000100000001,3990.000100000001,0.0,6.79615203,117.33460283279419,114.69347896600004,114.60924399899997,169,161,679,2467,4684,,,,,
sd_p3000,mcp4-n100-r14-01,105.54552994688501,3127.0001,3127.0001,0.0,8.015811071,97.52971887588501,95.488467787,95.45718118699995,161,154,705,2424,4586,,,,,
sd_p3000,mcp4-n100-r14-02,95.66570029743835,3279.0001000000007,3279.0001000000007,0.0,7.068228345,88.59747195243835,87.212383759,87.19112776800002,107,101,425,2437,4612,,,,,
sd_p3000,mcp4-n100-r14-03,153.4541865658707,3916.000100000001,3916.000100000001,0.0,6.238787539,147.21539902687073,143.88914793500004,143.83247272499997,250,239,1039,2430,4598,,,,,
sd_p3000,mcp4-n100-r14-04,117.60613316769202,3715.000100000001,3715.000100000001,0.0,4.495186274,113.11094689369202,111.49729864099997,111.46031936,162,153,560,2465,4668,,,,,
sd_p3000,mcp4-n100-r14-05,90.90159290284619,3551.0001,3551.0001,0.0,4.656016998,86.24557590484619,84.97366596899998,84.91057308700002,123,116,350,2478,4694,,,,,
sd_p3000,mcp4-n100-r14-06,353.82097935024683,3210.0001500000017,3210.000150000002,0.0,7.849975341,345.9710040092468,340.85634173300014,340.69357141699993,399,387,1992,2476,4690,,,,,
sd_p3000,mcp4-n100-r14-07,69.1936255678269,3198.000199999999,3198.000199999999,0.0,5.978034614,63.215590953826904,62.19976979899999,62.18135488300002,102,98,218,2424,4586,,,,,
sd_p3000,mcp4-n100-r14-08,99.12315042427576,3560.0001000000047,3560.0001000000047,0.0,4.889395551,94.23375487327576,92.76737118800001,92.74269845599999,137,125,363,2470,4678,,,,,
sd_p3000,mcp4-n100-r14-09,226.3731103839303,3627.7501624999995,3627.7501624999995,0.0,5.127451271,221.2456591129303,210.27589166900012,210.20238066400015,340,330,4101,2464,4666,,,,,
sd_p3000,mcp4-n100-r14-10,217.54978830601306,3540.6001399999986,3540.6001399999986,0.0,6.582896302,210.96689200401306,208.72167773500016,208.656717393,301,288,705,2456,4650,,,,,
sd_p3000,mcp4-n100-r16-01,28.206527897024657,3241.000100000001,3241.000100000001,0.0,3.863876053,24.342651844024658,23.455860399000002,23.445962860999998,45,41,115,2447,4623,,,,,
sd_p3000,mcp4-n100-r16-02,81.90627738583703,2910.00015,2910.00015,0.0,4.478324381,77.42795300483704,76.33855399900003,76.30862100899998,154,142,221,2422,4573,,,,,
sd_p3000,mcp4-n100-r16-03,36.26438388343664,3159.0001,3159.0001,0.0,3.699014039,32.565369844436646,31.69773522199999,31.683759161999998,68,62,106,2454,4637,,,,,
sd_p3000,mcp4-n100-r16-04,39.21904313473181,3067.0000999999984,3067.0000999999984,0.0,5.132339119,34.08670401573181,33.24153904000001,33.232533318,52,48,80,2448,4625,,,,,
sd_p3000,mcp4-n100-r16-05,68.48718217273316,2811.0001000000007,2811.0001000000007,0.0,5.486862215,63.000319957733154,61.678343784999996,61.64494297399999,135,124,364,2433,4595,,,,,
sd_p3000,mcp4-n100-r16-06,73.17633987686548,2984.000100000001,2984.000100000001,0.0,4.631247771,68.54509210586548,67.05098482599999,67.02208646399998,145,139,586,2429,4587,,,,,
sd_p3000,mcp4-n100-r16-07,38.68359042236548,2678.000100000004,2678.000100000004,0.0,5.629709254,33.05388116836548,32.011651334,31.998308273999996,78,72,244,2437,4603,,,,,
sd_p3000,mcp4-n100-r16-08,68.53897277485352,3016.0001999999986,3016.0001999999986,0.0,4.679532925,63.859439849853516,62.563352672000015,62.52930539300002,135,130,440,2454,4637,,,,,
sd_p3000,mcp4-n100-r16-09,24.80783508547095,2889.00016,2889.00016,0.0,5.112359984,19.695475101470947,18.921830363,18.914082415,45,42,186,2432,4593,,,,,
sd_p3000,mcp4-n100-r16-10,28.358218939479002,2992.0001,2992.0001,0.0,3.772845061,24.585373878479004,23.884698899000007,23.875817257999994,54,50,57,2478,4685,,,,,
sd_p3000,mcp4-n110-r08-01,605.6133136942511,7634.000200000006,7634.000200000006,0.0,21.64213254,583.9711811542511,579.6953032850001,579.661084516,147,139,1375,2628,5028,,,,,
sd_p3000,mcp4-n110-r08-02,506.81403957249915,7522.000100000001,7522.000100000001,0.0,23.620129689,483.19390988349915,479.48356544499995,479.45795447300014,111,106,1753,2630,5032,,,,,
sd_p3000,mcp4-n110-r08-03,237.84302124996705,8261.000150000005,8261.000150000005,0.0,21.50677619,216.33624505996704,214.70958324499998,214.700689972,40,37,380,2592,4956,,,,,
sd_p3000,mcp4-n110-r08-04,1111.210367672896,8120.000100000001,8120.000100000001,0.0,21.313345664,1089.8970220088959,1085.1177259360004,1085.0562974259997,230,222,1384,2593,4958,,,,,
sd_p3000,mcp4-n110-r08-05,333.0044718531606,7733.333499999984,7733.333499999984,0.0,23.570858076,309.43361377716064,306.746891128,306.730630726,75,72,1142,2617,5006,,,,,
sd_p3000,mcp4-n110-r08-06,609.0482262849049,8346.666799999992,8346.666799999992,0.0,24.911488223,584.1367380619049,581.0710102890001,581.046266468,103,99,1231,2610,4992,,,,,
sd_p3000,mcp4-n110-r08-07,1106.8240641361654,7014.900119999998,7015.01367127399,1.6187154777624395e-5,28.912412048,1077.9116520881653,1072.6074342520003,1072.574249326,146,139,1813,2670,5112,,,,,
sd_p3000,mcp4-n110-r08-08,386.3095446832662,8720.3335,8720.3335,0.0,24.039242626,362.27030205726624,360.55456906399996,360.540454053,75,72,545,2619,5010,,,,,
sd_p3000,mcp4-n110-r08-09,2567.4454825163525,8865.833466666667,8865.833466666667,0.0,24.985446477,2542.4600360393524,2536.0571199019996,2535.9435991150003,413,405,1767,2603,4978,,,,,
sd_p3000,mcp4-n110-r08-10,880.3673375511627,7896.000199999999,7896.23086923077,2.9213427675841166e-5,23.8612605,856.5060770511627,842.3487510549999,842.2975361379998,245,240,6139,2600,4972,,,,,
sd_p3000,mcp4-n110-r10-01,368.938893044967,5975.000099999999,5975.355655555555,5.950720495483147e-5,15.212022985,353.72687005996704,351.356018488,351.3249394259999,138,129,1011,2596,4936,,,,,
sd_p3000,mcp4-n110-r10-02,326.1188564913325,5588.000100000001,5588.000100000001,0.0,15.906464638,310.2123918533325,307.98744581399995,307.9596270360001,132,123,801,2554,4852,,,,,
sd_p3000,mcp4-n110-r10-03,141.77736979291444,6293.200139999996,6293.200139999996,0.0,15.37835079,126.39901900291443,124.521942745,124.50976259199997,68,63,653,2623,4990,,,,,
sd_p3000,mcp4-n110-r10-04,387.78632624287036,5736.000100000001,5736.000100000001,0.0,14.906210257,372.88011598587036,368.79326327800004,368.7394600660003,234,227,1945,2647,5038,,,,,
sd_p3000,mcp4-n110-r10-05,600.0367330982419,6081.666800000002,6081.666800000003,0.0,15.869502969,584.167230129242,579.3044388870001,579.2518763510002,237,228,1140,2622,4988,,,,,
sd_p3000,mcp4-n110-r10-06,262.78552644839965,6171.000100000001,6171.000100000001,0.0,12.43725937,250.34826707839966,248.75493378000002,248.732120441,121,112,427,2623,4990,,,,,
sd_p3000,mcp4-n110-r10-07,266.38383446354845,6631.000100000001,6631.000100000001,0.0,15.186261517,251.19757294654846,249.81439816599993,249.799368288,74,68,314,2615,4974,,,,,
sd_p3000,mcp4-n110-r10-08,675.4453878157991,6140.000150000001,6140.000150000001,0.0,18.006229853,657.4391579627991,651.5956750710001,651.517649886,314,310,2284,2601,4946,,,,,
sd_p3000,mcp4-n110-r10-09,250.66345696532971,6376.00015,6376.409148067856,6.414649595897099e-5,16.746828843,233.9166281223297,231.748941073,231.734013065,72,67,692,2645,5034,,,,,
sd_p3000,mcp4-n110-r10-10,695.7528531882491,6065.000140000002,6065.000140000002,0.0,17.397322211,678.3555309772491,673.4596088429997,673.4019990609999,260,254,2389,2607,4958,,,,,
sd_p3000,mcp4-n110-r12-01,50.300379754829834,5279.500149999996,5279.500149999997,0.0,8.812680723,41.487699031829834,40.82369132,40.817218047000004,32,29,47,2581,4888,,,,,
sd_p3000,mcp4-n110-r12-02,164.5511584980248,4376.000100000001,4376.000100000001,0.0,12.613021682,151.93813681602478,150.10792948300002,150.086645648,104,97,583,2635,4996,,,,,
sd_p3000,mcp4-n110-r12-03,103.09505802972265,5184.000100000001,5184.0001,0.0,12.218555039,90.87650299072266,89.80500922899999,89.796184977,43,41,189,2576,4878,,,,,
sd_p3000,mcp4-n110-r12-04,146.81862885366345,4269.0001,4269.0001,0.0,11.916399783,134.90222907066345,133.629947701,133.61211369000003,80,76,254,2601,4928,,,,,
sd_p3000,mcp4-n110-r12-05,177.38288877156384,4786.50015,4786.50015,0.0,13.753818728,163.62907004356384,158.81238147399992,158.78401532800004,130,123,2086,2621,4968,,,,,
sd_p3000,mcp4-n110-r12-06,342.48804014293773,4867.666800000001,4867.666800000001,0.0,12.689282113,329.79875802993774,327.45544580700005,327.40546802500006,210,203,891,2620,4966,,,,,
sd_p3000,mcp4-n110-r12-07,216.98516900974792,5195.500150000002,5195.500150000002,0.0,11.90772994,205.07743906974792,201.69034433100012,201.6529806309999,170,163,1249,2606,4938,,,,,
sd_p3000,mcp4-n110-r12-08,222.4873740539939,4649.555699999999,4649.555699999999,0.0,13.892482029,208.5948920249939,206.658125046,206.63207113899992,122,112,678,2630,4986,,,,,
sd_p3000,mcp4-n110-r12-09,63.91334123344617,4766.000166666665,4766.000166666665,0.0,12.095456073,51.81788516044617,50.541402821000005,50.53361402200001,42,39,326,2553,4832,,,,,
sd_p3000,mcp4-n110-r12-10,117.98813230801525,4922.0001,4922.0001,0.0,12.948995183,105.03913712501526,104.00448361800001,103.99179860000001,65,60,137,2623,4972,,,,,
sd_p3000,mcp4-n110-r14-01,34.50092802711182,4101.80018,4101.80018,0.0,7.134349925,27.366578102111816,26.608818743,26.603301631,24,21,97,2610,4933,,,,,
sd_p3000,mcp4-n110-r14-02,98.71876321356629,4067.000133333332,4067.000133333332,0.0,9.986634355,88.73212885856628,87.329838961,87.31507117499997,75,68,412,2605,4923,,,,,
sd_p3000,mcp4-n110-r14-03,103.89912294699462,4554.000100000001,4554.000100000001,0.0,8.354367965,95.54475498199463,94.13565787299999,94.11280125900001,113,105,395,2596,4905,,,,,
sd_p3000,mcp4-n110-r14-04,104.05069981489697,4383.0001,4383.0001,0.0,7.384156808,96.66654300689697,95.60234869700001,95.58392708599999,101,93,144,2592,4897,,,,,
sd_p3000,mcp4-n110-r14-05,308.06924508749415,3578.0001,3578.0001,0.0,9.854672181,298.21457290649414,295.87934017799984,295.8203161530001,269,260,818,2602,4917,,,,,
sd_p3000,mcp4-n110-r14-06,165.4057087291897,3597.0001999999995,3597.0001999999995,0.0,10.887296616,154.5184121131897,152.43300248800006,152.4062573299999,114,107,637,2590,4893,,,,,
sd_p3000,mcp4-n110-r14-07,151.56927991769922,4315.1668,4315.1668,0.0,9.033704051,142.53557586669922,141.31562955300004,141.282383286,169,162,201,2579,4871,,,,,
sd_p3000,mcp4-n110-r14-08,135.39479275500096,4166.666799999997,4166.666799999997,0.0,8.253959854,127.14083290100098,125.42130726500004,125.39473395600002,138,131,587,2604,4921,,,,,
sd_p3000,mcp4-n110-r14-09,51.38958375260315,4067.000200000003,4067.000200000003,0.0,7.951852725,43.43773102760315,42.456439839,42.445372999,67,63,204,2591,4895,,,,,
sd_p3000,mcp4-n110-r14-10,239.24689298564476,3643.0001999999954,3643.0001999999954,0.0,11.256599006,227.99029397964478,224.12024051,224.0084833310001,195,185,1084,2606,4925,,,,,
sd_p3000,mcp4-n110-r16-01,63.28089478285108,3365.0001000000034,3365.0001000000034,0.0,5.837013748,57.443881034851074,56.500657724999975,56.48728637599999,79,75,165,2561,4825,,,,,
sd_p3000,mcp4-n110-r16-02,76.59601015819422,3295.0000999999997,3295.0000999999997,0.0,6.542700956,70.05330920219421,68.901509769,68.88258051499999,107,102,258,2599,4901,,,,,
sd_p3000,mcp4-n110-r16-03,37.25724987301025,3681.0002000000013,3681.0002000000018,0.0,6.79315285,30.464097023010254,29.490210913000002,29.483085266999996,39,35,181,2568,4839,,,,,
sd_p3000,mcp4-n110-r16-04,31.793644448315675,3299.3335000000015,3299.3335000000015,0.0,7.756225606,24.037418842315674,23.206939194999997,23.202772292,28,23,137,2568,4839,,,,,
sd_p3000,mcp4-n110-r16-05,63.6130068444856,3513.0001,3513.0001,0.0,5.551131978,58.061874866485596,57.231248600000015,57.21799317,74,68,103,2612,4927,,,,,
sd_p3000,mcp4-n110-r16-06,99.77364884684278,3310.50015,3310.50015,0.0,6.070792783,93.70285606384277,91.87510804,91.851202206,134,127,864,2558,4819,,,,,
sd_p3000,mcp4-n110-r16-07,111.79374371012781,3346.0001,3346.0001,0.0,6.067071776,105.72667193412781,104.51709955200002,104.49856659600002,107,100,233,2585,4873,,,,,
sd_p3000,mcp4-n110-r16-08,83.7685640027826,3322.000150000001,3322.0001500000008,0.0,5.84097101,77.92759299278259,76.87543973800003,76.85481899599998,106,100,195,2578,4859,,,,,
sd_p3000,mcp4-n110-r16-09,206.95470731997278,3576.0001,3576.0001,0.0,6.876762326,200.07794499397278,198.468448462,198.40485205799996,286,280,314,2583,4869,,,,,
sd_p3000,mcp4-n110-r16-10,135.10507810380054,3257.000100000001,3257.000100000001,0.0,7.982991102,127.12208700180054,125.84393711699994,125.81893116000002,135,126,349,2574,4851,,,,,
sd_p3000,mcp4-n120-r08-01,2795.5499545374046,9001.000100000001,9001.000100000001,0.0,37.145960454,2758.4039940834045,2747.7889366089994,2747.691722110998,355,343,3993,2741,5233,,,,,
sd_p3000,mcp4-n120-r08-02,3287.319486705548,9128.000099999997,9128.000099999997,0.0,38.50016555,3248.819321155548,3241.342497197,3241.235994131001,327,320,2548,2761,5273,,,,,
sd_p3000,mcp4-n120-r08-03,3978.812891055573,8377.875137500008,9623.933352174823,0.14873201070965633,35.490979959,3943.321911096573,3931.411271211,3931.122405743002,846,842,3429,2739,5229,,,,,
sd_p3000,mcp4-n120-r08-04,3640.1175135811336,8425.000149999996,10434.744089279575,0.23854527044484142,39.516765519,3600.600748062134,3595.373461138999,3595.263111486002,389,383,1086,2745,5241,,,,,
sd_p3000,mcp4-n120-r08-05,3716.568839141395,8580.500200000002,9311.883778326033,0.08523787206788142,35.552125999,3681.016713142395,3671.970159770999,3671.8504274549996,417,408,2807,2770,5291,,,,,
sd_p3000,mcp4-n120-r08-06,1660.418719893456,8997.857285714295,8997.857285714297,0.0,41.507177001,1618.911542892456,1612.767139264,1612.726280875,135,130,2310,2788,5327,,,,,
sd_p3000,mcp4-n120-r08-07,3618.108400949898,8067.666800000003,10387.824227490537,0.28758716553471614,46.465742001,3571.6426589488983,3565.0669922810007,3564.9546705310004,384,379,1549,2756,5263,,,,,
sd_p3000,mcp4-n120-r08-08,2105.3335910913224,9321.750124999988,9321.750124999988,0.0,45.06251322,2060.2710778713226,2053.3730258169994,2053.324456687,190,182,2394,2741,5233,,,,,
sd_p3000,mcp4-n120-r08-09,3631.6903050316014,7727.333522222222,9421.830851210296,0.2192861643819369,52.927036084,3578.7632689476013,3539.674275619003,3539.4631151469966,695,687,13065,2749,5249,,,,,
sd_p3000,mcp4-n120-r08-10,347.0933409214409,9149.000100000001,9149.000100000001,0.0,30.184043932,316.9092969894409,315.575287856,315.56681542,40,38,250,2739,5229,,,,,
sd_p3000,mcp4-n120-r10-01,603.3357299489188,6709.500149999996,6709.500149999996,0.0,22.548080079,580.7876498699188,572.8553135040002,572.7992477910002,210,204,3213,2732,5185,,,,,
sd_p3000,mcp4-n120-r10-02,526.4875449647583,7276.0001,7276.0001,0.0,24.180602025,502.3069429397583,500.4388106159999,500.419225009,82,77,533,2725,5171,,,,,
sd_p3000,mcp4-n120-r10-03,306.912469345313,7147.000149999997,7147.000149999997,0.0,25.717907387,281.194561958313,279.70267875700006,279.6900558170001,56,52,453,2760,5241,,,,,
sd_p3000,mcp4-n120-r10-04,231.80331081534032,7145.333466666668,7145.333466666668,0.0,22.196677629,209.60663318634033,208.08576251299996,208.07320178299997,51,48,475,2720,5161,,,,,
sd_p3000,mcp4-n120-r10-05,280.95806103400315,6967.000100000001,6967.000100000001,0.0,24.465686137,256.4923748970032,254.830845216,254.81335970299995,78,74,580,2711,5143,,,,,
sd_p3000,mcp4-n120-r10-06,1750.288862709629,7058.000100000004,7058.000100000004,0.0,24.784098868,1725.504763841629,1721.2455775550013,1721.106474565,443,433,683,2758,5237,,,,,
sd_p3000,mcp4-n120-r10-07,676.4620757958053,7019.0001,7019.0001,0.0,26.832871761,649.6292040348053,647.6286750619997,647.580862825,165,158,679,2747,5215,,,,,
sd_p3000,mcp4-n120-r10-08,434.177651607999,7300.000100000001,7300.000100000001,0.0,23.117312634,411.060338973999,409.66257818600013,409.64409865999994,72,68,437,2749,5219,,,,,
sd_p3000,mcp4-n120-r10-09,1115.4765065985382,6495.000100000001,6495.000100000001,0.0,24.74107755,1090.7354290485382,1085.3331826189992,1085.2496795210006,205,196,1985,2713,5147,,,,,
sd_p3000,mcp4-n120-r10-10,2365.0296041291945,6770.666800000003,6770.984992550967,4.699574803538412e-5,24.523606233,2340.5059978961945,2334.115332312001,2333.980567827999,418,410,1876,2746,5213,,,,,
sd_p3000,mcp4-n120-r12-01,258.5987432923103,5697.000100000001,5697.000100000001,0.0,15.905241343,242.6935019493103,241.339404747,241.31574724,101,96,444,2696,5093,,,,,
sd_p3000,mcp4-n120-r12-02,302.42111110235595,5520.000200000002,5520.000200000002,0.0,18.149042125,284.27206897735596,281.94906607300004,281.925885207,98,93,986,2730,5161,,,,,
sd_p3000,mcp4-n120-r12-03,189.48379790997987,5226.000150000002,5226.000150000002,0.0,18.186083915,171.29771399497986,170.302568321,170.28201938099997,78,72,222,2720,5141,,,,,
sd_p3000,mcp4-n120-r12-04,443.47441343803894,5197.000150000001,5197.000150000001,0.0,18.594785495,424.87962794303894,420.83354187899977,420.794486175,164,156,1292,2761,5223,,,,,
sd_p3000,mcp4-n120-r12-05,817.614444269195,5477.000100000002,5477.000100000001,0.0,19.205240263,798.4092040061951,794.7586622320001,794.6971244659999,250,239,1095,2699,5099,,,,,
sd_p3000,mcp4-n120-r12-06,1063.1145046958306,5150.300150000001,5150.300150000001,0.0,18.753114582,1044.3613901138306,1038.4838888050003,1038.3627262990012,469,458,2071,2731,5163,,,,,
sd_p3000,mcp4-n120-r12-07,605.5705675390577,5552.000100000002,5552.000100000002,0.0,19.525316408,586.0452511310577,583.2335868040001,583.183463618,216,206,1172,2723,5147,,,,,
sd_p3000,mcp4-n120-r12-08,534.0134383557656,5772.666799999999,5773.162327602922,8.584032650614366e-5,19.151225221,514.8622131347656,512.7936737620001,512.7527465070002,187,178,732,2736,5173,,,,,
sd_p3000,mcp4-n120-r12-09,190.16195278011085,5736.000099999999,5736.12509999999,2.1792189297713762e-5,19.078785704,171.08316707611084,169.78918920399997,169.77800163299997,57,53,443,2751,5203,,,,,
sd_p3000,mcp4-n120-r12-10,849.4889915811563,5593.000099999999,5593.000099999999,0.0,18.879555546,830.6094360351562,826.9082408270002,826.8315756940004,294,286,933,2694,5089,,,,,
sd_p3000,mcp4-n120-r14-01,53.89148630306323,4963.000099999999,4963.000099999999,0.0,15.514255182,38.37723112106323,37.576480825,37.570762089000006,26,24,85,2704,5095,,,,,
sd_p3000,mcp4-n120-r14-02,237.79128427797656,4841.00015,4841.00015,0.0,12.614633277,225.17665100097656,223.8627111819999,223.76447695100006,152,145,231,2703,5093,,,,,
sd_p3000,mcp4-n120-r14-03,176.38146034212426,4269.33346666667,4269.33346666667,0.0,15.574243221,160.80721712112427,158.62988990700003,158.60638346199997,102,97,823,2737,5161,,,,,
sd_p3000,mcp4-n120-r14-04,227.0686014096582,4003.000149999999,4003.000149999999,0.0,18.82496051,208.2436408996582,206.5819227029999,206.563361367,83,79,665,2711,5109,,,,,
sd_p3000,mcp4-n120-r14-05,229.71804122597925,4559.000100000001,4559.000100000001,0.0,13.772752091,215.94528913497925,214.518622621,214.48583377099996,153,147,437,2732,5151,,,,,
sd_p3000,mcp4-n120-r14-06,213.8228251891211,4695.000119999999,4695.000119999999,0.0,14.74431109,199.0785140991211,197.57352417499993,197.54496899699998,116,110,508,2767,5221,,,,,
sd_p3000,mcp4-n120-r14-07,1185.7026080118612,4324.333466666671,4324.333466666671,0.0,14.749489926,1170.9531180858612,1153.7024758840007,1153.4351165379999,672,663,5611,2727,5141,,,,,
sd_p3000,mcp4-n120-r14-08,498.9504466696774,4333.0002,4333.0002,0.0,13.475430791,485.47501587867737,481.24430663000004,481.18587200600007,239,230,1382,2741,5169,,,,,
sd_p3000,mcp4-n120-r14-09,311.98017449051366,4077.0001000000007,4077.0001000000007,0.0,14.618865439,297.3613090515137,295.47474699300005,295.4358766040002,176,167,731,2729,5145,,,,,
sd_p3000,mcp4-n120-r14-10,147.22587915145118,4344.000100000001,4344.000100000001,0.0,12.850532014,134.37534713745117,133.145585601,133.12030732400004,111,105,338,2710,5107,,,,,
sd_p3000,mcp4-n120-r16-01,158.76361019262342,3533.000100000002,3533.000100000002,0.0,10.213655063,148.5499551296234,147.010963599,146.97676730300003,140,131,419,2692,5060,,,,,
sd_p3000,mcp4-n120-r16-02,98.27130864241809,4065.0001500000026,4065.0001500000026,0.0,9.955982667,88.31532597541809,86.99452497000001,86.96761644600002,102,94,447,2694,5064,,,,,
sd_p3000,mcp4-n120-r16-03,77.6806730721571,4025.400139999994,4025.400139999994,0.0,7.793467233,69.8872058391571,68.696754265,68.67904127099999,83,79,266,2712,5100,,,,,
sd_p3000,mcp4-n120-r16-04,128.01416779488136,3979.000100000001,3979.000100000001,0.0,12.141966829,115.87220096588135,114.646767656,114.62136883999999,112,104,353,2685,5046,,,,,
sd_p3000,mcp4-n120-r16-05,90.20669343033984,3748.0001,3748.0001,0.0,9.814031382,80.39266204833984,79.52448263000001,79.51183142700002,56,52,128,2669,5014,,,,,
sd_p3000,mcp4-n120-r16-06,199.95938425743506,3716.0001500000017,3716.0001500000017,0.0,12.936100299,187.02328395843506,185.23420142000012,185.12630788100012,169,162,612,2725,5126,,,,,
sd_p3000,mcp4-n120-r16-07,79.2072971899569,3743.5001999999995,3743.5001999999995,0.0,10.534586056,68.67271113395691,67.601026252,67.588506612,52,49,282,2708,5092,,,,,
sd_p3000,mcp4-n120-r16-08,231.33073097991456,3480.333466666667,3480.333466666667,0.0,13.476852005,217.85387897491455,216.06222056599987,216.02411929599995,168,160,665,2714,5104,,,,,
sd_p3000,mcp4-n120-r16-09,86.16585376405908,3623.0001,3623.0001,0.0,9.724564816,76.44128894805908,75.28290057600003,75.263647659,76,70,249,2706,5088,,,,,
sd_p3000,mcp4-n120-r16-10,188.77345357539917,3788.0001333333284,3788.2223222222237,5.8655987612062016e-5,12.68407951,176.08937406539917,174.147220524,174.11458828300002,145,139,843,2723,5122,,,,,
vf_w00,mcp4-n070-r08-01,86.32655580505273,4283.000133333332,4283.000133333332,0.0,3.338766651,82.98778915405273,82.60436616099999,82.59770186000004,213,202,898,112,150,,,,,
vf_w00,mcp4-n070-r08-02,99.56683195720753,4517.500149999999,4517.500149999999,0.0,3.357613932,96.20921802520752,93.27765528399999,93.27138464400002,167,163,3029,112,150,,,,,
vf_w00,mcp4-n070-r08-03,154.22469176609926,3691.0001999999968,3691.0001999999968,0.0,3.34931578,150.87537598609924,144.50735638100002,144.49817135200004,250,238,7051,112,150,,,,,
vf_w00,mcp4-n070-r08-04,127.24472891101026,4690.000099999999,4690.000099999999,0.0,2.376335013,124.86839389801025,124.54476228599997,124.53710783800003,213,206,718,112,150,,,,,
vf_w00,mcp4-n070-r08-05,106.43143158216272,3845.0000999999993,3845.0000999999993,0.0,3.657776406,102.77365517616272,100.51926700700002,100.51163424799998,201,191,2627,112,150,,,,,
vf_w00,mcp4-n070-r08-06,46.05535218332739,4825.000150000002,4825.000150000002,0.0,3.183407279,42.87194490432739,42.70309730899999,42.698780335000016,124,118,300,112,150,,,,,
vf_w00,mcp4-n070-r08-07,110.69717660263318,3732.000100000002,3732.000100000002,0.0,3.897095588,106.80008101463318,105.85207351,105.84519692600001,182,171,701,112,150,,,,,
vf_w00,mcp4-n070-r08-08,114.62471106690015,4167.000099999999,4167.000099999999,0.0,3.588840038,111.03587102890015,109.33541146000005,109.328020661,210,204,1207,112,150,,,,,
vf_w00,mcp4-n070-r08-09,154.37041961441443,4190.000100000001,4190.000100000001,0.0,3.245814674,151.12460494041443,149.552670854,149.543507809,245,236,1013,112,150,,,,,
vf_w00,mcp4-n070-r08-10,20.635718392984497,4291.0001,4291.0001,0.0,3.051372337,17.584346055984497,17.455345967,17.453031861000003,66,63,142,112,150,,,,,
vf_w00,mcp4-n070-r10-01,63.26326032216528,3716.0001999999968,3716.0001999999968,0.0,1.793014484,61.47024583816528,58.89356712700005,58.88527260199998,207,201,1796,112,132,,,,,
vf_w00,mcp4-n070-r10-02,61.740127944365966,3023.00015,3023.00015,0.0,2.507431888,59.23269605636597,57.65257300599998,57.645253650000015,175,165,1199,112,132,,,,,
vf_w00,mcp4-n070-r10-03,64.49998974529993,3403.0000999999997,3403.0000999999997,0.0,2.678569791,61.82141995429993,60.854581050999975,60.846928754,197,188,686,112,132,,,,,
vf_w00,mcp4-n070-r10-04,44.485839941230104,3412.250150000002,3412.5000999999997,7.325078438274081e-5,1.684167721,42.8016722202301,42.629197796,42.62387321399999,143,134,391,112,132,,,,,
vf_w00,mcp4-n070-r10-05,48.45104327349768,3104.0001,3104.0001,0.0,1.797484304,46.65355896949768,44.174945653,44.168635589999965,167,159,2102,112,132,,,,,
vf_w00,mcp4-n070-r10-06,49.92526272449426,3933.0002000000068,3933.0002000000068,0.0,0.568329846,49.35693287849426,47.549519105999984,47.543078181999995,168,160,3514,112,132,,,,,
vf_w00,mcp4-n070-r10-07,38.343349396433595,3412.0001,3412.0001,0.0,1.311588227,37.031761169433594,36.882064568999986,36.877121133999985,131,122,194,112,132,,,,,
vf_w00,mcp4-n070-r10-08,49.0135832575542,3314.000149999998,3314.000149999998,0.0,1.494232252,47.5193510055542,47.34441178000001,47.33748949,177,171,328,112,132,,,,,
vf_w00,mcp4-n070-r10-09,81.00844595184338,3319.6668000000036,3319.6668000000036,0.0,2.839883778,78.16856217384338,76.23355397399996,76.22483054600005,218,209,1976,112,132,,,,,
vf_w00,mcp4-n070-r10-10,85.3888763452074,4003.5001500000026,4003.5001500000026,0.0,1.152096417,84.2367799282074,82.82601350200004,82.81600525099998,255,245,846,112,132,,,,,
vf_w00,mcp4-n070-r12-01,39.467293618521,2717.0001800000005,2717.0001800000005,0.0,1.429620622,38.037672996520996,37.86389559,37.860870568999985,172,164,350,112,121,,,,,
vf_w00,mcp4-n070-r12-02,48.25061842371814,2701.333466666667,2701.333466666667,0.0,1.346512522,46.90410590171814,45.04928621799999,45.04574736,192,181,2077,112,121,,,,,
vf_w00,mcp4-n070-r12-03,16.800097198403076,2729.0001000000016,2729.0001000000016,0.0,1.223563404,15.576533794403076,15.485161637000004,15.483496986999999,83,78,121,112,121,,,,,
vf_w00,mcp4-n070-r12-04,44.578889760014526,2555.0001,2555.0001,0.0,1.948599967,42.630289793014526,42.491188477000016,42.487966844000006,197,190,223,112,121,,,,,
vf_w00,mcp4-n070-r12-05,48.61475333641516,2196.00014,2196.00014,0.0,2.507082314,46.10767102241516,45.92849772400002,45.92583103399997,172,164,456,112,121,,,,,
vf_w00,mcp4-n070-r12-06,41.93699061481201,2249.0001,2249.0001,0.0,1.487753745,40.44923686981201,40.194432053999996,40.19210492800002,152,145,659,112,121,,,,,
vf_w00,mcp4-n070-r12-07,38.406797500521485,2338.5002000000004,2338.5002000000004,0.0,2.172731491,36.234066009521484,36.00789182800001,36.00434308600001,156,150,651,112,121,,,,,
vf_w00,mcp4-n070-r12-08,70.18859205667981,2860.333466666666,2860.333466666666,0.0,1.465986113,68.72260594367981,67.10452283400002,67.09908500899999,237,227,3266,112,121,,,,,
vf_w00,mcp4-n070-r12-09,53.41945350017151,2674.0001,2674.0001,0.0,1.288458465,52.13099503517151,50.91559358700002,50.91223786400001,192,186,1031,112,121,,,,,
vf_w00,mcp4-n070-r12-10,23.845032437466063,2880.0002000000013,2880.0002000000013,0.0,1.300987466,22.544044971466064,22.072085825,22.068936038999993,102,99,669,112,121,,,,,
vf_w00,mcp4-n070-r14-01,29.65879956220056,2391.6668000000027,2391.6668000000027,0.0,1.400037441,28.25876212120056,26.499471862999997,26.49609535599999,172,162,3336,112,112,,,,,
vf_w00,mcp4-n070-r14-02,16.958537362182128,1915.5001499999996,1915.5001499999996,0.0,1.248865388,15.709671974182129,15.582312634000003,15.580340659,95,90,215,112,112,,,,,
vf_w00,mcp4-n070-r14-03,27.129819600098998,2035.5715714285711,2035.5715714285711,0.0,0.836038558,26.293781042099,26.135181499999995,26.13241880999999,141,134,275,112,112,,,,,
vf_w00,mcp4-n070-r14-04,18.943074449956665,2220.0001499999985,2220.0001499999985,0.0,0.525786385,18.417288064956665,18.314925054,18.312177652000006,112,107,65,112,112,,,,,
vf_w00,mcp4-n070-r14-05,36.42415239996716,1797.5001500000012,1797.5001500000012,0.0,1.695547368,34.72860503196716,33.832999821,33.829053665,189,179,805,112,112,,,,,
vf_w00,mcp4-n070-r14-06,35.97161157729346,2060.0002000000018,2060.0002000000018,0.0,1.796832639,34.17477893829346,33.994796367000006,33.991158769000016,176,165,436,112,112,,,,,
vf_w00,mcp4-n070-r14-07,33.13896733110535,2126.0000999999997,2126.0000999999997,0.0,0.965905245,32.17306208610535,32.062960804,32.059185591999984,180,171,111,112,112,,,,,
vf_w00,mcp4-n070-r14-08,42.49592247100976,1959.0001000000004,1959.0001000000004,0.0,1.353218461,41.142704010009766,40.938557304,40.932884422000015,190,182,329,112,112,,,,,
vf_w00,mcp4-n070-r14-09,24.069446293707518,1995.0000999999997,1995.0000999999997,0.0,1.056517331,23.01292896270752,22.807525382999994,22.804948520000003,114,109,573,112,112,,,,,
vf_w00,mcp4-n070-r14-10,25.820717512578614,2080.0000999999993,2080.0000999999993,0.0,1.587184607,24.233532905578613,24.123337158999988,24.12051273500001,120,114,230,112,112,,,,,
vf_w00,mcp4-n070-r16-01,13.457636616729491,2000.0000999999997,2000.0000999999997,0.0,0.507412694,12.950223922729492,12.837162253999994,12.835812417000005,93,86,175,112,106,,,,,
vf_w00,mcp4-n070-r16-02,14.741276905173462,1713.0001000000002,1713.0001000000002,0.0,0.436037943,14.305238962173462,14.132324127999997,14.130775624999998,109,105,540,112,106,,,,,
vf_w00,mcp4-n070-r16-03,19.92219747485803,1780.0001333333335,1780.0001333333335,0.0,0.914579286,19.007618188858032,18.294912081999996,18.293162406000004,126,119,2351,112,106,,,,,
vf_w00,mcp4-n070-r16-04,13.962100138523194,2174.0001500000017,2174.0001500000017,0.0,0.854135146,13.107964992523193,12.656316094000003,12.654365050000001,100,96,1151,112,106,,,,,
vf_w00,mcp4-n070-r16-05,16.227308815385253,1872.0001000000002,1872.1352351351343,7.218756833083403e-5,0.841580933,15.385727882385254,15.271655710000003,15.269946919000006,124,117,125,112,106,,,,,
vf_w00,mcp4-n070-r16-06,27.60235050370984,1821.2501250000005,1821.2501250000005,0.0,0.874816448,26.72753405570984,26.526373586999995,26.524104351000016,156,146,503,112,106,,,,,
vf_w00,mcp4-n070-r16-07,18.898042333763915,1802.5001499999996,1802.5001499999996,0.0,1.536681307,17.361361026763916,17.170977198999996,17.169235926000002,123,117,429,112,106,,,,,
vf_w00,mcp4-n070-r16-08,11.390379763546509,1836.0001000000007,1836.0001000000007,0.0,0.943222619,10.447157144546509,10.359134082999995,10.35792649,88,81,30,112,106,,,,,
vf_w00,mcp4-n070-r16-09,11.184757297401124,1988.0001000000002,1988.0001000000002,0.0,1.04418618,10.140571117401123,10.070331760999998,10.069175159,77,74,19,112,106,,,,,
vf_w00,mcp4-n070-r16-10,24.813468605295288,1810.0001666666676,1810.0001666666676,0.0,0.653680712,24.159787893295288,23.941127943999987,23.937971008999995,177,169,452,112,106,,,,,
vf_w00,mcp4-n080-r08-01,366.9811329019081,4810.833483333333,4810.833483333333,0.0,5.225066818,361.7560660839081,355.26269807900013,355.2505510790003,325,315,5708,128,171,,,,,
vf_w00,mcp4-n080-r08-02,246.7747707179231,5122.0003,5122.0003,0.0,4.692021828,242.0827488899231,241.73829658299985,241.72621138000008,302,288,454,128,171,,,,,
vf_w00,mcp4-n080-r08-03,300.23788686521266,6000.000099999999,6000.000099999999,0.0,4.813221891,295.42466497421265,292.67147798200006,292.6612623869999,267,261,1529,128,171,,,,,
vf_w00,mcp4-n080-r08-04,300.9747856435619,5927.111266666667,5927.111266666667,0.0,4.258240777,296.7165448665619,294.08323158700017,294.07303864999994,277,268,1845,128,171,,,,,
vf_w00,mcp4-n080-r08-05,320.0530556464996,5400.000100000001,5400.000100000001,0.0,5.707674625,314.34538102149963,309.4251588599999,309.4152079359999,382,375,3501,128,171,,,,,
vf_w00,mcp4-n080-r08-06,294.33430137408106,4848.0002,4848.0002,0.0,5.281889341,289.05241203308105,285.22074973000014,285.20876737399993,322,314,4580,128,171,,,,,
vf_w00,mcp4-n080-r08-07,169.61465700220373,4926.00015,4926.00015,0.0,4.834223109,164.78043389320374,162.18709954499994,162.17952349000004,216,212,1540,128,171,,,,,
vf_w00,mcp4-n080-r08-08,152.79146762123926,5168.000100000002,5168.000100000002,0.0,5.424125626,147.36734199523926,144.39664744599997,144.39074175,187,179,777,128,171,,,,,
vf_w00,mcp4-n080-r08-09,298.43491410024683,5038.50015,5038.50015,0.0,5.930706966,292.5042071342468,287.0560353490001,287.0453392669999,271,265,4113,128,171,,,,,
vf_w00,mcp4-n080-r08-10,306.86122096789796,4610.000099999999,4610.000099999999,0.0,6.19056381,300.67065715789795,298.1047717410001,298.09571544899995,256,250,1201,128,171,,,,,
vf_w00,mcp4-n080-r10-01,119.85501623366162,3691.00015,3691.00015,0.0,3.799124243,116.05589199066162,115.80518326499997,115.80164775700003,183,177,526,128,151,,,,,
vf_w00,mcp4-n080-r10-02,160.25719902975402,3995.2501500000026,3995.2501500000026,0.0,3.915276985,156.34192204475403,154.32288232000002,154.31787917100007,250,243,2545,128,151,,,,,
vf_w00,mcp4-n080-r10-03,199.17431733599403,4124.000099999999,4124.394731250005,9.569137740943782e-5,3.640190339,195.53412699699402,185.0205465770001,185.01256020399998,326,316,10833,128,151,,,,,
vf_w00,mcp4-n080-r10-04,96.66263631912659,4292.0002,4292.0002,0.0,2.67792348,93.98471283912659,93.78916739700001,93.78424403599999,166,160,369,128,151,,,,,
vf_w00,mcp4-n080-r10-05,164.1314547912478,3823.000199999999,3823.000199999999,0.0,3.863367881,160.2680869102478,158.68782767199997,158.68130517100005,246,237,918,128,151,,,,,
vf_w00,mcp4-n080-r10-06,70.15633452497107,4038.000100000001,4038.075100000001,1.857355080298737e-5,3.639788514,66.51654601097107,66.33533932000002,66.331998803,123,117,353,128,151,,,,,
vf_w00,mcp4-n080-r10-07,89.07080890480334,3943.0000999999997,3943.0000999999997,0.0,3.006473797,86.06433510780334,85.79326575600003,85.78943160500003,192,187,631,128,151,,,,,
vf_w00,mcp4-n080-r10-08,123.1631028560044,4339.000099999999,4339.000099999999,0.0,3.350643864,119.8124589920044,119.57004181199991,119.56298071299996,229,217,406,128,151,,,,,
vf_w00,mcp4-n080-r10-09,125.33091940673316,3860.0001,3860.0001,0.0,4.188021324,121.14289808273315,118.96844173099997,118.96397839399994,238,230,1992,128,151,,,,,
vf_w00,mcp4-n080-r10-10,190.35970975308484,4385.5001500000035,4385.7933269350515,6.685142515569066e-5,3.364841713,186.99486804008484,184.160823039,184.15250529899993,243,238,3732,128,151,,,,,
vf_w00,mcp4-n080-r12-01,168.6793546929568,3733.0001,3733.0001,0.0,1.352128531,167.3272261619568,163.96327693600003,163.95722742800007,246,239,4023,128,138,,,,,
vf_w00,mcp4-n080-r12-02,118.49031587963147,3525.50015,3525.50015,0.0,2.333665098,116.15665078163147,110.79581081499995,110.78980829999995,285,279,5604,128,138,,,,,
vf_w00,mcp4-n080-r12-03,68.32973612640234,3056.0001000000007,3056.0001000000007,0.0,2.919862164,65.40987396240234,65.117938924,65.11296273300002,242,235,484,128,138,,,,,
vf_w00,mcp4-n080-r12-04,31.856772589792847,3247.0001999999986,3247.0001999999986,0.0,2.213129449,29.643643140792847,29.54033793899999,29.537190920999993,99,95,60,128,138,,,,,
vf_w00,mcp4-n080-r12-05,85.07160433911194,3280.0001000000007,3280.0001000000007,0.0,2.843916265,82.22768807411194,81.109525331,81.10364941399997,206,200,866,128,138,,,,,
vf_w00,mcp4-n080-r12-06,111.81336382459351,3081.333466666671,3081.333466666671,0.0,2.329101835,109.4842619895935,105.89936036600004,105.89189326699999,309,301,7945,128,138,,,,,
vf_w00,mcp4-n080-r12-07,101.7689203420448,2996.0002000000013,2996.0002000000013,0.0,2.911482493,98.8574378490448,97.22690124299993,97.21952201799999,236,225,814,128,138,,,,,
vf_w00,mcp4-n080-r12-08,77.39640861350598,2750.0000999999997,2750.0000999999997,0.0,3.859246548,73.53716206550598,73.26053601099999,73.25577728800005,185,176,693,128,138,,,,,
vf_w00,mcp4-n080-r12-09,40.573286471526245,3034.0001,3034.0001,0.0,2.130931554,38.442354917526245,38.330084623999994,38.326055573999994,119,116,50,128,138,,,,,
vf_w00,mcp4-n080-r12-10,79.4031744262694,3249.0001,3249.0001,0.0,2.812372472,76.59080195426941,76.24044990800003,76.23483013399995,214,207,777,128,138,,,,,
vf_w00,mcp4-n080-r14-01,62.923666093266355,2692.0000999999997,2692.0000999999997,0.0,1.934832189,60.98883390426636,60.793843873,60.79050825199999,173,164,206,128,129,,,,,
vf_w00,mcp4-n080-r14-02,71.25177341096509,2471.000199999999,2471.000199999999,0.0,2.105397278,69.14637613296509,68.913801589,68.905601676,226,221,259,128,129,,,,,
vf_w00,mcp4-n080-r14-03,79.50836645265417,2417.5001499999994,2417.5001499999994,0.0,1.726276504,77.78208994865417,76.75384524300004,76.747964612,213,204,865,128,129,,,,,
vf_w00,mcp4-n080-r14-04,87.46043095148474,2289.0001000000047,2289.0001000000047,0.0,1.957575889,85.50285506248474,82.982875803,82.97788731100006,261,255,2443,128,129,,,,,
vf_w00,mcp4-n080-r14-05,38.478976326590946,2817.0001000000007,2817.0001000000007,0.0,1.634664374,36.84431195259094,36.748047844,36.744413030999986,122,118,45,128,129,,,,,
vf_w00,mcp4-n080-r14-06,65.84496429276624,2750.5001500000026,2750.5001500000026,0.0,1.630326298,64.21463799476624,63.034386418000004,63.030418908,203,197,806,128,129,,,,,
vf_w00,mcp4-n080-r14-07,91.573680051719,2926.0001,2926.0001,0.0,1.374226221,90.199453830719,87.47439690799996,87.46921250100002,276,265,2254,128,129,,,,,
vf_w00,mcp4-n080-r14-08,93.6608353412959,2455.500149999999,2455.500149999999,0.0,1.691591338,91.9692440032959,89.63944108500006,89.63001543699995,287,277,1891,128,129,,,,,
vf_w00,mcp4-n080-r14-09,63.199510515587406,2462.5001500000017,2462.5001500000017,0.0,1.977778376,61.2217321395874,60.195085507999984,60.18962762800003,218,213,771,128,129,,,,,
vf_w00,mcp4-n080-r14-10,45.626739586564334,2858.0001333333303,2858.0001333333303,0.0,0.97315153,44.65358805656433,44.49570623699999,44.49127941999998,160,153,140,128,129,,,,,
vf_w00,mcp4-n080-r16-01,19.549728885652343,2328.0001,2328.0001,0.0,1.082726017,18.467002868652344,18.373067172,18.371652493999996,85,82,20,128,121,,,,,
vf_w00,mcp4-n080-r16-02,45.2942473877771,2142.500150000001,2142.500150000001,0.0,1.448634385,43.8456130027771,41.83331950100001,41.829957408,190,183,2541,128,121,,,,,
vf_w00,mcp4-n080-r16-03,44.8522416131405,1936.500149999999,1936.500149999999,0.0,1.228335716,43.6239058971405,43.38199537899999,43.375038148999984,213,201,482,128,121,,,,,
vf_w00,mcp4-n080-r16-04,37.81245379966284,2156.7501499999994,2156.7501499999994,0.0,0.764602714,37.04785108566284,36.876664657999974,36.87268732100002,204,199,197,128,121,,,,,
vf_w00,mcp4-n080-r16-05,64.08628568549133,2229.0001,2229.0001,0.0,1.735835885,62.35044980049133,60.98998267000001,60.986291311,213,204,1607,128,121,,,,,
vf_w00,mcp4-n080-r16-06,16.455324711619873,2299.0001,2299.0001,0.0,1.301386895,15.153937816619873,15.052911397999999,15.051238938000003,81,77,35,128,121,,,,,
vf_w00,mcp4-n080-r16-07,88.37833043609326,2319.6668333333337,2319.6668333333337,0.0,1.654374328,86.72395610809326,84.36808783999997,84.36013703399996,308,296,2725,128,121,,,,,
vf_w00,mcp4-n080-r16-08,15.429771191445191,1812.000100000001,1812.000100000001,0.0,1.508578307,13.92119288444519,13.846017084000009,13.844373613999995,77,74,32,128,121,,,,,
vf_w00,mcp4-n080-r16-09,22.980602452533326,1992.0001000000002,1992.0001000000002,0.0,1.707150409,21.273452043533325,21.148936631999998,21.147098501000006,111,108,203,128,121,,,,,
vf_w00,mcp4-n080-r16-10,59.25668010236487,1627.0001000000002,1627.0001000000002,0.0,1.543505044,57.71317505836487,57.329263962999995,57.32022958800002,279,265,649,128,121,,,,,
vf_w00,mcp4-n090-r08-01,659.4792591830244,6051.333466666661,6051.333466666661,0.0,8.106874158,651.3723850250244,649.5349932660004,649.5253549330001,270,259,757,144,193,,,,,
vf_w00,mcp4-n090-r08-02,801.3778497125851,6350.0001,6350.0001,0.0,6.743769541,794.6340801715851,792.758359872,792.7437051739998,404,395,943,144,193,,,,,
vf_w00,mcp4-n090-r08-03,838.470344402768,6544.400119999998,6544.400119999998,0.0,7.674776175,830.795568227768,773.3609041509999,773.3451292260002,445,431,38537,144,193,,,,,
vf_w00,mcp4-n090-r08-04,1280.953132229046,5604.000200000001,5604.000200000001,0.0,8.537547188,1272.4155850410461,1267.8091642329996,1267.789875189,499,486,1787,144,193,,,,,
vf_w00,mcp4-n090-r08-05,1154.759915480062,5733.500149999994,5733.500149999994,0.0,8.886580357,1145.8733351230621,1142.6673637359993,1142.6478874689997,492,482,1967,144,193,,,,,
vf_w00,mcp4-n090-r08-06,1244.9279733422425,6854.833483333332,6854.833483333332,0.0,8.673943353,1236.2540299892426,1233.6993078369999,1233.6792348149997,469,462,1102,144,193,,,,,
vf_w00,mcp4-n090-r08-07,972.1295663321696,6628.500149999993,6628.500149999993,0.0,7.407190224,964.7223761081696,962.3702960269999,962.3563714009998,372,360,1404,144,193,,,,,
vf_w00,mcp4-n090-r08-08,975.3202351226163,5870.000149999991,5870.000149999991,0.0,8.900205244,966.4200298786163,955.9548552680002,955.9385914200004,383,373,8525,144,193,,,,,
vf_w00,mcp4-n090-r08-09,538.7092857257471,5690.500149999992,5690.736987721079,4.161984269289336e-5,7.708444585,531.0008411407471,457.7335125690001,457.72157492600013,338,335,64771,144,193,,,,,
vf_w00,mcp4-n090-r08-10,888.9772160166775,6615.000100000001,6615.000100000001,0.0,8.639137041,880.3380789756775,878.1062582899998,878.0932944510001,337,327,882,144,193,,,,,
vf_w00,mcp4-n090-r10-01,628.8556784758213,5127.500150000003,5127.500150000003,0.0,6.676927484,622.1787509918213,619.8052372569995,619.7929754030002,361,350,1468,144,170,,,,,
vf_w00,mcp4-n090-r10-02,225.753512393052,4945.000199999999,4945.000199999999,0.0,5.920664321,219.832848072052,214.51936436300005,214.513088389,266,260,5796,144,170,,,,,
vf_w00,mcp4-n090-r10-03,323.21823327628834,4279.000100000002,4279.000100000002,0.0,7.305776287,315.91245698928833,312.96554722699994,312.9556238599998,250,245,1991,144,170,,,,,
vf_w00,mcp4-n090-r10-04,327.83352986208473,4416.0001,4416.0001,0.0,6.449771794,321.3837580680847,320.9272397439998,320.91343874600017,329,319,622,144,170,,,,,
vf_w00,mcp4-n090-r10-05,550.1843611187104,4297.000100000001,4297.000100000001,0.0,7.412995953,542.7713651657104,537.2557537420003,537.239929025,374,366,5048,144,170,,,,,
vf_w00,mcp4-n090-r10-06,840.582228379641,4412.000200000006,4412.000200000006,0.0,6.800015407,833.782212972641,828.6145094340002,828.5965699310001,478,461,4107,144,170,,,,,
vf_w00,mcp4-n090-r10-07,232.49821275641906,4309.000100000003,4309.000100000003,0.0,6.04205388,226.45615887641907,224.78760873799996,224.77941946200002,214,210,743,144,170,,,,,
vf_w00,mcp4-n090-r10-08,204.20240826786193,4828.000133333336,4828.000133333336,0.0,4.709583475,199.49282479286194,199.21001640899993,199.20234285800015,260,253,467,144,170,,,,,
vf_w00,mcp4-n090-r10-09,173.26909882477025,5061.0001,5061.0001,0.0,5.719863004,167.54923582077026,167.32563202699998,167.319065345,182,175,300,144,170,,,,,
vf_w00,mcp4-n090-r10-10,518.6907531691847,4562.400139999996,4562.400139999996,0.0,6.077459283,512.6132938861847,500.1090664219997,500.09551840800015,423,410,9621,144,170,,,,,
vf_w00,mcp4-n090-r12-01,220.51248412414745,3706.400139999999,3706.400139999999,0.0,4.557262948,215.95522117614746,206.939970699,206.93255332100009,282,275,8504,144,155,,,,,
vf_w00,mcp4-n090-r12-02,307.02810813273976,3871.00015,3871.00015,0.0,4.453630937,302.57447719573975,293.4428561530003,293.431414852,405,397,9834,144,155,,,,,
vf_w00,mcp4-n090-r12-03,200.85081928818138,3755.0001,3755.0001,0.0,5.106635271,195.7441840171814,195.37057559700003,195.36375373700022,298,291,638,144,155,,,,,
vf_w00,mcp4-n090-r12-04,306.43226344591466,3608.0001500000003,3608.0001500000003,0.0,5.312977624,301.1192858219147,299.67366500500003,299.6633269150003,381,372,920,144,155,,,,,
vf_w00,mcp4-n090-r12-05,152.62621298648205,3550.0000999999993,3550.0000999999993,0.0,4.954496058,147.67171692848206,147.45688509499993,147.45127293999997,216,210,247,144,155,,,,,
vf_w00,mcp4-n090-r12-06,360.53661359307995,3339.0002000000004,3339.0002000000004,0.0,4.786925683,355.74968791007996,353.2475117799999,353.2310860930002,502,488,2938,144,155,,,,,
vf_w00,mcp4-n090-r12-07,276.9636699203783,3782.5001500000026,3782.5001500000026,0.0,3.952226067,273.0114438533783,272.34252868300007,272.3318157080001,301,294,615,144,155,,,,,
vf_w00,mcp4-n090-r12-08,295.9746123407433,3672.0000999999997,3672.3340269812984,9.09387179206901e-5,5.963102207,290.0115101337433,287.64815748700005,287.63263441399994,442,432,1422,144,155,,,,,
vf_w00,mcp4-n090-r12-09,188.5195166525194,4184.000100000001,4184.000100000001,0.0,3.150882667,185.3686339855194,184.705289276,184.6966160060002,270,264,629,144,155,,,,,
vf_w00,mcp4-n090-r12-10,315.7739388010555,3350.3334666666656,3350.3334666666656,0.0,5.191557791,310.58238101005554,301.724661053,301.7134345620001,381,371,8196,144,155,,,,,
vf_w00,mcp4-n090-r14-01,186.08476329865465,3413.0001,3413.0001,0.0,2.791827212,183.29293608665466,182.977217796,182.96675108000008,287,277,397,144,145,,,,,
vf_w00,mcp4-n090-r14-02,117.44180382364172,3182.0001499999994,3182.0001499999994,0.0,3.430431019,114.01137280464172,113.69291348199992,113.68665903099992,178,171,543,144,145,,,,,
vf_w00,mcp4-n090-r14-03,184.41788732399658,3149.0001999999986,3149.0001999999986,0.0,4.11881029,180.29907703399658,179.8660157359999,179.855437883,298,287,693,144,145,,,,,
vf_w00,mcp4-n090-r14-04,57.9893842135116,3646.0001,3646.0001,0.0,3.149757186,54.8396270275116,54.664758044999985,54.66086237400001,130,125,234,144,145,,,,,
vf_w00,mcp4-n090-r14-05,224.4505558587943,3044.0001,3044.0001,0.0,3.750936804,220.6996190547943,217.455120867,217.4402492189999,377,364,1973,144,145,,,,,
vf_w00,mcp4-n090-r14-06,272.2726384785806,3399.3334666666656,3399.3334666666656,0.0,3.628533521,268.64410495758057,266.96051184699996,266.94216721600003,371,359,1132,144,145,,,,,
vf_w00,mcp4-n090-r14-07,211.63544375657617,2659.666833333333,2659.666833333333,0.0,3.458094666,208.17734909057617,195.82999672699987,195.8117804370001,412,400,11578,144,145,,,,,
vf_w00,mcp4-n090-r14-08,195.0334447841698,2623.5001333333357,2623.741801644296,9.211675192613507e-5,4.229473732,190.8039710521698,187.63229589499988,187.6200704159999,343,337,2305,144,145,,,,,
vf_w00,mcp4-n090-r14-09,95.35797987185168,2984.0001999999995,2984.0001999999995,0.0,4.264798977,91.09318089485168,90.70344117500005,90.69691425100002,197,192,761,144,145,,,,,
vf_w00,mcp4-n090-r14-10,153.793366092624,2664.0001000000007,2664.0001000000007,0.0,3.689814228,150.10355186462402,148.88740895099997,148.87717429799997,296,284,1795,144,145,,,,,
vf_w00,mcp4-n090-r16-01,111.26493565636719,2082.333466666667,2082.333466666667,0.0,3.22973363,108.03520202636719,106.34309934500004,106.337677428,258,252,1539,144,137,,,,,
vf_w00,mcp4-n090-r16-02,154.92543494267665,2594.00015,2594.00015,0.0,3.103407021,151.82202792167664,147.48917481000004,147.48112434100008,380,364,3746,144,137,,,,,
vf_w00,mcp4-n090-r16-03,131.35319372163917,2573.3334666666647,2573.3334666666647,0.0,2.886067829,128.46712589263916,127.25876112800003,127.251395658,284,274,883,144,137,,,,,
vf_w00,mcp4-n090-r16-04,102.53005118534168,2174.0001400000037,2174.0001400000037,0.0,3.261755182,99.26829600334167,92.06121952999999,92.054968264,227,224,8224,144,137,,,,,
vf_w00,mcp4-n090-r16-05,96.92320613982312,2710.000149999999,2710.000149999999,0.0,2.239914943,94.68329119682312,93.43855366999998,93.43100839399997,283,276,886,144,137,,,,,
vf_w00,mcp4-n090-r16-06,80.15035746042004,2677.0001,2677.0001,0.0,3.268209433,76.88214802742004,76.66337115100002,76.65630578800003,213,207,271,144,137,,,,,
vf_w00,mcp4-n090-r16-07,116.5350164010697,2343.00015,2343.00015,0.0,2.311925514,114.2230908870697,113.95273629699993,113.94650095100002,293,285,345,144,137,,,,,
vf_w00,mcp4-n090-r16-08,89.77045763205041,2537.0001,2537.0001,0.0,2.044148571,87.72630906105042,87.58822854299997,87.58090164099998,221,212,93,144,137,,,,,
vf_w00,mcp4-n090-r16-09,104.51356912751172,2431.0002000000004,2431.0002000000004,0.0,3.596035253,100.91753387451172,98.84160458499998,98.83721507099999,227,221,1936,144,137,,,,,
vf_w00,mcp4-n090-r16-10,67.83928301156287,2754.0001,2754.0001,0.0,2.290498994,65.54878401756287,65.256809064,65.249713718,189,181,577,144,137,,,,,
vf_w00,mcp4-n100-r08-01,1871.2367351101848,6727.000199999991,6727.000199999991,0.0,11.947878127,1859.2888569831848,1849.786576823,1849.7609328969993,568,561,6951,160,214,,,,,
vf_w00,mcp4-n100-r08-02,2519.8637217784044,7489.764852941167,7489.764852941167,0.0,10.283291986,2509.580429792404,2504.056152041999,2504.024897888999,735,724,3437,160,214,,,,,
vf_w00,mcp4-n100-r08-03,2969.871898617884,7652.500150000001,7652.845563836878,4.513738387538803e-5,11.133839574,2958.7380590438843,2934.6873799809987,2934.6622782700006,579,570,46008,160,214,,,,,
vf_w00,mcp4-n100-r08-04,1253.211947133338,6973.6667999999945,6974.2060306687235,7.732383611001222e-5,10.740059068,1242.4718880653381,1140.4098396759994,1140.3926131849992,465,458,69529,160,214,,,,,
vf_w00,mcp4-n100-r08-05,2664.2922649228935,7837.000100000005,7837.000100000005,0.0,9.894567951,2654.3976969718933,2651.0290400160006,2650.997181615999,686,671,2131,160,214,,,,,
vf_w00,mcp4-n100-r08-06,3601.6591905024284,6591.5715999999975,7377.977346098006,0.11930474154267075,13.502814379,3588.1563761234283,3575.7593011639997,3575.7277233950003,592,582,12951,160,214,,,,,
vf_w00,mcp4-n100-r08-07,2333.3269391941235,7155.0001500000035,7155.647585897442,9.048719550876586e-5,14.051398127,2319.2755410671234,2009.3087108659981,2009.2816695910005,581,572,209151,160,214,,,,,
vf_w00,mcp4-n100-r08-08,846.5571574969574,7455.000166666652,7455.000166666652,0.0,12.5200846,834.0370728969574,824.9081173229995,824.8931980470004,344,333,6874,160,214,,,,,
vf_w00,mcp4-n100-r08-09,467.71516694506397,8006.000100000001,8006.000100000001,0.0,11.122447867,456.59271907806396,456.4069239400001,456.399332077,158,156,138,160,214,,,,,
vf_w00,mcp4-n100-r08-10,412.46798684885607,7545.000100000008,7545.000100000008,0.0,10.761565712,401.7064211368561,401.356985404,401.3490867039999,175,167,585,160,214,,,,,
vf_w00,mcp4-n100-r10-01,1033.5751937009975,5748.000100000001,5748.000100000001,0.0,8.992705641,1024.5824880599976,1020.7193964059996,1020.7017374330001,432,425,2872,160,189,,,,,
vf_w00,mcp4-n100-r10-02,1520.7172591913231,5565.500150000001,5565.500150000001,0.0,8.886507057,1511.8307521343231,1504.0695249619998,1504.0385840299998,668,651,5299,160,189,,,,,
vf_w00,mcp4-n100-r10-03,882.217159389071,5742.000200000002,5742.000200000002,0.0,8.408359407,873.8087999820709,871.8607807809996,871.8469371200003,354,343,963,160,189,,,,,
vf_w00,mcp4-n100-r10-04,587.5408272336745,5337.000099999999,5337.000099999999,0.0,8.630888183,578.9099390506744,573.0106710900005,572.994194132,395,388,5308,160,189,,,,,
vf_w00,mcp4-n100-r10-05,1093.1718806226963,5641.600120000005,5641.600120000005,0.0,8.310974737,1084.8609058856964,1080.5109932810008,1080.4883595619997,542,535,2849,160,189,,,,,
vf_w00,mcp4-n100-r10-06,789.0034148854129,4740.28585714286,4740.28585714286,0.0,8.799802081,780.2036128044128,778.388563329,778.3711483089995,411,403,2134,160,189,,,,,
vf_w00,mcp4-n100-r10-07,750.0003619101805,4962.0001,4962.0001,0.0,8.961463919,741.0388979911804,734.4577495659998,734.4409058760002,409,401,5996,160,189,,,,,
vf_w00,mcp4-n100-r10-08,710.3552062012549,5207.200240000002,5207.200240000002,0.0,10.17985029,700.1753559112549,697.915589214,697.9013343070002,326,320,1426,160,189,,,,,
vf_w00,mcp4-n100-r10-09,1188.1902579660837,5493.000200000002,5493.333466666661,6.067115501986441e-5,9.527192771,1178.6630651950836,1159.354007837999,1159.3281977809993,604,594,14675,160,189,,,,,
vf_w00,mcp4-n100-r10-10,182.8343528779066,5179.0001,5179.0001,0.0,8.061997083,174.77235579490662,174.557627387,174.55145016200007,157,153,134,160,189,,,,,
vf_w00,mcp4-n100-r12-01,116.98283898478809,4715.0001,4715.0001,0.0,6.113891002,110.86894798278809,110.70853515499996,110.70341713199998,109,104,97,160,173,,,,,
vf_w00,mcp4-n100-r12-02,482.19634910516675,4416.750149999998,4416.750149999998,0.0,8.371299228,473.82504987716675,473.4552314360001,473.440230921,314,307,396,160,173,,,,,
vf_w00,mcp4-n100-r12-03,536.0660064555026,4371.0001,4371.0001,0.0,6.587189231,529.4788172245026,527.8650652529999,527.8459583979999,353,344,1307,160,173,,,,,
vf_w00,mcp4-n100-r12-04,849.5729458818752,4026.0000999999997,4026.0000999999997,0.0,8.685712863,840.8872330188751,837.2191020420001,837.1923841059997,533,524,2636,160,173,,,,,
vf_w00,mcp4-n100-r12-05,508.445208730089,4321.000100000001,4321.000100000001,0.0,7.221429767,501.223778963089,498.1462121729999,498.1225267490001,463,456,2480,160,173,,,,,
vf_w00,mcp4-n100-r12-06,155.04781954043554,4808.000099999999,4808.000099999999,0.0,7.091814444,147.95600509643555,147.64050085899993,147.63182116700003,201,195,503,160,173,,,,,
vf_w00,mcp4-n100-r12-07,708.6522964371909,4274.000200000001,4274.000200000001,0.0,6.659503354,701.9927930831909,695.7034756220002,695.6785110059996,501,492,4892,160,173,,,,,
vf_w00,mcp4-n100-r12-08,734.7776044928296,4097.000133333333,4097.000133333333,0.0,6.730875405,728.0467290878296,726.0960272159998,726.0694246639994,543,531,883,160,173,,,,,
vf_w00,mcp4-n100-r12-09,382.4491568215809,4716.0001,4716.0001,0.0,8.690471948,373.75868487358093,371.8396007749999,371.8225304599998,357,346,1147,160,173,,,,,
vf_w00,mcp4-n100-r12-10,279.27785882309547,3990.0000999999993,3990.0000999999993,0.0,6.610563844,272.66729497909546,272.2560341449997,272.24204219800004,300,289,485,160,173,,,,,
vf_w00,mcp4-n100-r14-01,376.3367865619508,3127.0001000000007,3127.0681203473523,2.175258879961293e-5,7.225433403,369.1113531589508,360.3983964959999,360.3792715110001,497,487,7197,160,161,,,,,
vf_w00,mcp4-n100-r14-02,403.84877233010155,3279.0001,3279.0001,0.0,6.372072501,397.47669982910156,375.54791156799996,375.52519676299977,476,470,18321,160,161,,,,,
vf_w00,mcp4-n100-r14-03,116.38498287209374,3916.000099999999,3916.000099999999,0.0,5.593540001,110.79144287109375,110.55074177299997,110.54478828399994,179,173,269,160,161,,,,,
vf_w00,mcp4-n100-r14-04,316.03393926394665,3715.0001,3715.0001,0.0,3.825325153,312.20861411094666,311.8746967389999,311.86253925699987,304,297,363,160,161,,,,,
vf_w00,mcp4-n100-r14-05,134.4676660997156,3551.0001,3551.0001,0.0,4.183978985,130.28368711471558,130.126516011,130.120376016,150,147,59,160,161,,,,,
vf_w00,mcp4-n100-r14-06,359.3669544101864,3210.0001500000008,3210.0001500000008,0.0,7.442261541,351.9246928691864,350.88790498700024,350.8677028470001,464,457,1600,160,161,,,,,
vf_w00,mcp4-n100-r14-07,192.06696187481066,3198.0001999999995,3198.0001999999995,0.0,5.574309697,186.49265217781067,186.029438865,186.01812739399995,292,280,772,160,161,,,,,
vf_w00,mcp4-n100-r14-08,46.17387135138037,3560.0001,3560.0001,0.0,4.498167349,41.67570400238037,41.557196020999996,41.554414398,67,64,36,160,161,,,,,
vf_w00,mcp4-n100-r14-09,345.4763200592838,3627.750162500001,3627.750162500001,0.0,4.581182034,340.8951380252838,321.4297101390001,321.41140216000014,459,451,17947,160,161,,,,,
vf_w00,mcp4-n100-r14-10,248.19535738805627,3540.6001400000005,3540.6001400000005,0.0,5.942410296,242.25294709205627,239.00391726399994,238.98788204900004,388,382,3395,160,161,,,,,
vf_w00,mcp4-n100-r16-01,164.27235011390417,3241.0001,3241.0001,0.0,3.493678134,160.77867197990417,160.51801335999997,160.50571412699995,258,252,272,160,152,,,,,
vf_w00,mcp4-n100-r16-02,169.37943590250623,2910.000149999998,2910.000149999998,0.0,4.182553893,165.19688200950623,164.94994180199996,164.93423004200008,301,296,139,160,152,,,,,
vf_w00,mcp4-n100-r16-03,133.60486406099756,3159.0001,3159.0001,0.0,3.524329126,130.08053493499756,129.804212751,129.78977022200002,253,244,264,160,152,,,,,
vf_w00,mcp4-n100-r16-04,274.8483215809415,3067.0001,3067.0001,0.0,4.952810669,269.8955109119415,268.68356961300003,268.66399345300005,318,313,861,160,152,,,,,
vf_w00,mcp4-n100-r16-05,229.07093983055384,2811.000100000001,2811.000100000001,0.0,5.416168741,223.65477108955383,223.27394727400005,223.2497890469999,429,419,277,160,152,,,,,
vf_w00,mcp4-n100-r16-06,154.43643584208556,2984.0001,2984.0001,0.0,4.53662672,149.89980912208557,149.651081017,149.63463374500003,296,290,91,160,152,,,,,
vf_w00,mcp4-n100-r16-07,70.37883147920154,2678.0001,2678.0001,0.0,5.510486457,64.86834502220154,64.69896980100002,64.692930326,135,131,156,160,152,,,,,
vf_w00,mcp4-n100-r16-08,202.43753765462904,3016.0002000000004,3016.0002000000004,0.0,4.428867563,198.00867009162903,197.58133337200002,197.5657069080001,286,276,504,160,152,,,,,
vf_w00,mcp4-n100-r16-09,343.9736845538121,2889.0001600000032,2889.0001600000032,0.0,5.083259587,338.89042496681213,337.7925136179999,337.765573255,439,423,793,160,152,,,,,
vf_w00,mcp4-n100-r16-10,120.11840963678516,2992.0001,2992.0001,0.0,3.707116607,116.41129302978516,116.12336687600005,116.11108061899999,226,220,387,160,152,,,,,
vf_w00,mcp4-n110-r08-01,3790.9746875724168,7453.0001,14914.002481762502,1.0010736994036136,21.182134386,3769.7925531864166,3753.7292539420027,3753.6992089390014,652,641,8272,174,233,,,,,
vf_w00,mcp4-n110-r08-02,3686.1231481096593,5642.000200000005,15165.005229000657,1.6878774710076478,22.984986212,3663.1381618976593,3656.1238638420014,3656.0930617360004,684,676,3120,174,233,,,,,
vf_w00,mcp4-n110-r08-03,4102.007098561128,8261.000150000005,14308.137855102039,0.7320103613727728,20.969453698,4081.0376448631287,4072.317309082999,4072.2883076099993,604,593,5372,174,233,,,,,
vf_w00,mcp4-n110-r08-04,4088.4778817243123,8120.0001,8120.0001,0.0,20.745337779,4067.7325439453125,4066.8762642430006,4066.832075758002,411,404,958,174,233,,,,,
vf_w00,mcp4-n110-r08-05,4312.876464198896,7733.333499999995,8745.152946177737,0.13083871866870123,23.000064205,4289.8763999938965,4287.5068148089995,4287.479902006999,529,520,1677,174,233,,,,,
vf_w00,mcp4-n110-r08-06,3610.6246023293506,7224.50015,16584.047366676816,1.2955286901996694,24.475965273,3586.1486370563507,3580.313293719,3580.2851342809995,578,567,2689,174,233,,,,,
vf_w00,mcp4-n110-r08-07,4452.345556830197,6135.000100000001,15049.089014445302,1.4529892044248376,28.420093869,4423.925462961197,4419.764190466002,4419.740614030001,306,295,929,174,233,,,,,
vf_w00,mcp4-n110-r08-08,3804.5521137022342,7531.750175000001,15002.681914997322,0.9919250594364436,23.683203628,3780.868910074234,3731.1079046120008,3731.0705205979966,770,762,25108,174,233,,,,,
vf_w00,mcp4-n110-r08-09,3657.1900687508432,8865.833466666678,8865.833466666678,0.0,24.603537827,3632.5865309238434,3631.016101406004,3630.987503125999,582,574,1793,174,233,,,,,
vf_w00,mcp4-n110-r08-10,3902.536794076004,7036.000133333335,15843.777877777778,1.251816028643496,23.379276166,3879.1575179100037,3867.253038477001,3867.2187001910006,690,680,5377,174,233,,,,,
vf_w00,mcp4-n110-r10-01,3439.2669307653796,5975.000099999999,5975.000099999999,0.0,14.818651623,3424.4482791423798,3419.9889266160017,3419.952781514,638,624,2306,174,205,,,,,
vf_w00,mcp4-n110-r10-02,1830.0933413926757,5588.000099999997,5588.000099999997,0.0,15.443396372,1814.6499450206757,1803.1045049350005,1803.0809767650007,514,503,7098,174,205,,,,,
vf_w00,mcp4-n110-r10-03,1026.1681118927788,6293.20014,6293.20014,0.0,14.948599907,1011.2195119857788,991.0195047970004,990.9985847629999,442,437,17643,174,205,,,,,
vf_w00,mcp4-n110-r10-04,1602.1551093996968,5736.000100000001,5736.000100000001,0.0,14.646420473,1587.5086889266968,1579.236199432,1579.209823244,539,527,5868,174,205,,,,,
vf_w00,mcp4-n110-r10-05,3373.5023667908267,6081.666800000006,6081.666800000006,0.0,15.557605753,3357.9447610378265,3352.8836832870024,3352.842787396001,736,724,3541,174,205,,,,,
vf_w00,mcp4-n110-r10-06,1330.7349737406844,6171.000100000002,6171.000100000002,0.0,12.147610736,1318.5873630046844,1318.16907738,1318.151517286,341,333,469,174,205,,,,,
vf_w00,mcp4-n110-r10-07,1310.616796275082,6631.000100000001,6631.000100000001,0.0,14.937223216,1295.679573059082,1293.799979256,1293.7816063439998,356,350,824,174,205,,,,,
vf_w00,mcp4-n110-r10-08,2486.1478159717226,6140.000150000003,6140.280573266322,4.5671540630060614e-5,17.646312981,2468.5015029907227,2342.3331387230014,2342.2979267110027,720,710,90705,174,205,,,,,
vf_w00,mcp4-n110-r10-09,1653.5841482929,6376.000149999998,6376.000149999998,0.0,16.413293486,1637.1708548069,1605.2609582609996,1605.237456744999,346,339,25559,174,205,,,,,
vf_w00,mcp4-n110-r10-10,3771.8611983912156,5978.800140000002,9534.723971628242,0.5947554272366493,17.088471617,3754.7727267742157,3671.5184668149986,3671.477118627999,743,734,39718,174,205,,,,,
vf_w00,mcp4-n110-r12-01,904.9727470619445,5279.500149999997,5279.500149999997,0.0,8.963331197,896.0094158649445,890.3072878239998,890.284771254,413,406,4972,174,187,,,,,
vf_w00,mcp4-n110-r12-02,811.5892889809188,4376.000099999999,4376.000099999999,0.0,12.313357861,799.2759311199188,797.679435905,797.6589834430001,381,368,909,174,187,,,,,
vf_w00,mcp4-n110-r12-03,680.7108276121559,5184.000099999999,5184.000099999999,0.0,12.063627743,668.6471998691559,666.3063883839999,666.292823777,261,254,1792,174,187,,,,,
vf_w00,mcp4-n110-r12-04,1584.3436881406342,4269.000099999999,4269.000099999999,0.0,11.617617975,1572.7260701656342,1570.893645065,1570.861189787001,575,566,884,174,187,,,,,
vf_w00,mcp4-n110-r12-05,2114.686085060359,4786.500149999996,4786.522865598651,4.7457636985429885e-6,14.39386113,2100.292223930359,2091.331218000001,2091.278700337001,914,899,6439,174,187,,,,,
vf_w00,mcp4-n110-r12-06,1810.1263954313854,4867.666800000001,4867.739873977398,1.5012115742421728e-5,12.18836948,1797.9380259513855,1794.2298470889991,1794.1988042809994,612,603,2521,174,187,,,,,
vf_w00,mcp4-n110-r12-07,1370.389890994851,5195.500150000002,5195.500150000002,0.0,12.150869932,1358.239021062851,1314.2105115090008,1314.1731168849997,744,734,27660,174,187,,,,,
vf_w00,mcp4-n110-r12-08,1540.0962298553613,4649.555699999998,4649.555699999998,0.0,13.349602763,1526.7466270923615,1519.345971082,1519.3252861820006,507,494,6043,174,187,,,,,
vf_w00,mcp4-n110-r12-09,829.4606737959433,4766.000166666665,4766.000166666665,0.0,11.720778929,817.7398948669434,806.8581761520002,806.8440288499997,363,358,11598,174,187,,,,,
vf_w00,mcp4-n110-r12-10,475.75659113195803,4922.000100000001,4922.000100000001,0.0,12.69326525,463.063325881958,461.5258202870002,461.516543495,297,290,885,174,187,,,,,
vf_w00,mcp4-n110-r14-01,878.4294463964503,4101.80018,4101.938483373875,3.371772582905426e-5,6.413900313,872.0155460834503,855.5652932989994,855.5410632369999,572,561,10400,174,174,,,,,
vf_w00,mcp4-n110-r14-02,876.9648831313732,4067.0001333333353,4067.3025691358025,7.436336182742285e-5,9.274354977,867.6905281543732,842.8751372979999,842.8519677720004,509,502,24671,174,174,,,,,
vf_w00,mcp4-n110-r14-03,175.75152985210326,4554.000100000001,4554.000100000001,0.0,7.78764979,167.96388006210327,167.68455755699995,167.67485838099998,209,204,235,174,174,,,,,
vf_w00,mcp4-n110-r14-04,117.47585434214685,4383.000099999999,4383.000099999999,0.0,6.771495526,110.70435881614685,110.47105708100001,110.46808614100004,112,107,213,174,174,,,,,
vf_w00,mcp4-n110-r14-05,1026.8175303404391,3578.0001,3578.0001,0.0,9.327054209,1017.4904761314392,1015.686605842,1015.6628002999997,500,491,1055,174,174,,,,,
vf_w00,mcp4-n110-r14-06,477.8501683993285,3597.0001999999995,3597.0001999999995,0.0,10.362999372,467.4871690273285,462.1145570489999,462.10190038899987,302,295,5283,174,174,,,,,
vf_w00,mcp4-n110-r14-07,287.4421090077384,4315.1668,4315.328998604591,3.7588026629964774e-5,8.611325879,278.8307831287384,249.8206560169999,249.81048718100004,255,251,27452,174,174,,,,,
vf_w00,mcp4-n110-r14-08,679.158387411805,4166.666800000003,4166.666800000003,0.0,7.827575196,671.330812215805,665.1645611060001,665.1360078090005,703,696,4674,174,174,,,,,
vf_w00,mcp4-n110-r14-09,447.3657409049086,4067.0002,4067.0002,0.0,7.479688058,439.88605284690857,438.75830421100005,438.7381335979999,566,562,940,174,174,,,,,
vf_w00,mcp4-n110-r14-10,570.2339127902575,3643.0001999999995,3643.0001999999995,0.0,10.793606842,559.4403059482574,556.0250072560004,556.010144245,360,354,3208,174,174,,,,,
vf_w00,mcp4-n110-r16-01,309.8645841066693,3365.0001,3365.0001,0.0,5.591967005,304.2726171016693,303.26960419000005,303.25251996699996,340,334,846,174,164,,,,,
vf_w00,mcp4-n110-r16-02,660.2392012428379,3295.0001,3295.0001,0.0,6.295197184,653.9440040588379,653.1398640339997,653.1043269369997,597,587,647,174,164,,,,,
vf_w00,mcp4-n110-r16-03,299.87754678738014,3681.0002000000004,3681.0002000000004,0.0,6.676015854,293.2015309333801,291.70000685499997,291.6840563129999,294,286,876,174,164,,,,,
vf_w00,mcp4-n110-r16-04,487.5928718503231,3299.3334999999975,3299.3334999999975,0.0,7.750400966,479.8424708843231,476.67661708400004,476.65600198500005,348,343,3280,174,164,,,,,
vf_w00,mcp4-n110-r16-05,600.5175487014859,3513.0000999999993,3513.0000999999993,0.0,5.290312669,595.227236032486,594.756934769,594.7301743359999,521,511,285,174,164,,,,,
vf_w00,mcp4-n110-r16-06,400.97394341513365,3310.5001500000017,3310.811656955195,9.409664433731589e-5,6.00188345,394.97205996513367,358.9065784329999,358.88055124100026,432,423,29414,174,164,,,,,
vf_w00,mcp4-n110-r16-07,594.3107105335133,3346.000100000002,3346.3311514490515,9.89394617918518e-5,6.005387648,588.3053228855133,579.4728821909999,579.452460676,407,396,11679,174,164,,,,,
vf_w00,mcp4-n110-r16-08,265.2580768891991,3322.00015,3322.00015,0.0,5.666618807,259.5914580821991,259.30341790600005,259.28622048899996,306,301,146,174,164,,,,,
vf_w00,mcp4-n110-r16-09,474.17302842787376,3576.0001,3576.0001,0.0,6.574411351,467.5986170768738,466.15896891999995,466.13694201700014,399,387,712,174,164,,,,,
vf_w00,mcp4-n110-r16-10,563.4794587121785,3257.0001,3257.0001,0.0,7.728085898,555.7513728141785,555.1732778080002,555.1524570760005,453,444,645,174,164,,,,,
vf_w00,mcp4-n120-r08-01,1536.922146831875,9001.000100000001,9001.000100000001,0.0,36.524711882,1500.3974349498749,1499.4292584619996,1499.4209045240002,155,153,1452,190,254,,,,,
vf_w00,mcp4-n120-r08-02,3603.224460220687,7551.666900000004,17605.503957303867,1.3313401121153605,37.873882151,3565.350578069687,3557.254858624998,3557.2272139959964,624,619,5413,190,254,,,,,
vf_w00,mcp4-n120-r08-03,5409.525121570729,8269.000100000001,10067.475642807673,0.21749613267118853,34.944256426,5374.58086514473,5368.310532195,5368.285872361,531,527,4461,190,254,,,,,
vf_w00,mcp4-n120-r08-04,3978.806230252281,6172.000199999998,43095.09358204856,5.982354534280245,39.075560277,3939.7306699752808,3939.3795195059993,3939.3649482450005,304,297,258,190,254,,,,,
vf_w00,mcp4-n120-r08-05,8477.185754562699,7422.000200000002,10358.342594608785,0.3956268277396141,35.405383612,8441.780370950699,8438.389592193998,8438.358828821,586,582,1215,190,254,,,,,
vf_w00,mcp4-n120-r08-06,5417.7021010742,8936.571557142863,17944.79791807541,1.0080181536433186,41.25952705,5376.4425740242,5371.363569100002,5371.339456489,501,494,3086,190,254,,,,,
vf_w00,mcp4-n120-r08-07,3603.729348642887,6782.000166666666,19668.30144908501,1.900073866962455,46.142791493,3557.586557149887,3556.484987125001,3556.467154982999,365,358,522,190,254,,,,,
vf_w00,mcp4-n120-r08-08,4882.504921844857,8466.000100000001,10399.014135087722,0.22832672008682361,44.709965876,4837.794955968857,4833.869100279,4833.848253404002,418,415,1990,190,254,,,,,
vf_w00,mcp4-n120-r08-09,3665.7734454608844,6357.500250000004,18898.380285056184,1.9726118036811988,52.559478376,3613.2139670848846,3607.8205846799992,3607.7958017630017,505,501,2062,190,254,,,,,
vf_w00,mcp4-n120-r08-10,1044.8079771457803,9149.000100000001,9149.000100000001,0.0,29.763176149,1015.0448009967804,1014.7655728090001,1014.7616599570001,77,75,264,190,254,,,,,
vf_w00,mcp4-n120-r10-01,3653.4820525950313,6163.333466666665,12618.532883091635,1.0473552098611592,22.14705661,3631.334995985031,3618.4527484270006,3618.414478158,710,703,6687,190,224,,,,,
vf_w00,mcp4-n120-r10-02,4709.303873326875,6223.250162500002,7805.683932256363,0.254277705127744,23.845891502,4685.457981824875,4681.673253447001,4681.637455528001,636,628,878,190,224,,,,,
vf_w00,mcp4-n120-r10-03,3652.3297673851607,6175.000125000008,12792.913103250217,1.0717267764023246,25.224060455,3627.1057069301605,3615.607754340998,3615.5743870700007,548,541,5858,190,224,,,,,
vf_w00,mcp4-n120-r10-04,4156.813156472894,6783.666800000016,10852.675157531788,0.5998243247341928,21.880521404,4134.932635068893,4091.149981786998,4091.1109551240033,783,771,25954,190,224,,,,,
vf_w00,mcp4-n120-r10-05,3659.464001675557,6967.000100000001,12281.457074602378,0.7628042052995487,24.117418786,3635.346582889557,3614.5367096890004,3614.4991575549975,731,724,11061,190,224,,,,,
vf_w00,mcp4-n120-r10-06,4328.867165703159,6479.250174999999,7121.5072316172555,0.09912521345377072,24.413137812,4304.454027891159,4301.413321596001,4301.383610821003,550,544,1333,190,224,,,,,
vf_w00,mcp4-n120-r10-07,1161.2199561397408,7019.000100000005,7019.000100000005,0.0,26.538067321,1134.6818888187408,1134.2760344529995,1134.2650287299996,230,223,488,190,224,,,,,
vf_w00,mcp4-n120-r10-08,3836.01058236012,6021.000180952379,13468.880349945859,1.2369838806109124,22.744994315,3813.2655880451202,3807.951070895003,3807.9182883190006,619,613,2861,190,224,,,,,
vf_w00,mcp4-n120-r10-09,3671.123317322725,6228.000100000001,12181.02233660879,0.9558481279743056,24.402004323,3646.7213129997253,3642.6386477230017,3642.6107884020016,543,533,2647,190,224,,,,,
vf_w00,mcp4-n120-r10-10,3612.4943947069755,6069.000199999995,11493.005597584863,0.8937230546779142,24.191216635,3588.3031780719757,3570.609793673999,3570.566493630999,878,873,7828,190,224,,,,,
vf_w00,mcp4-n120-r12-01,2293.602254144187,5697.0001,5697.0001,0.0,15.426917068,2278.175337076187,2275.390871092999,2275.3596150800013,561,552,1615,190,204,,,,,
vf_w00,mcp4-n120-r12-02,2842.0917927152263,5520.000200000007,5520.311431113766,5.638244610195422e-5,17.581967724,2824.509824991226,2756.7395506840003,2756.7015935590007,652,641,44036,190,204,,,,,
vf_w00,mcp4-n120-r12-03,3832.0366467976246,5181.0001,5501.6901280667,0.06189732134278469,17.797248795,3814.2393980026245,3811.2581604749994,3811.199702856998,924,914,1054,190,204,,,,,
vf_w00,mcp4-n120-r12-04,3556.721444883155,5197.000149999998,5197.3273727272735,6.29637709892142e-5,18.29124979,3538.430195093155,3418.810225313001,3418.7693640229977,706,698,80411,190,204,,,,,
vf_w00,mcp4-n120-r12-05,2037.2775030544851,5477.000100000001,5477.000100000001,0.0,18.767489951,2018.510013103485,2016.0140735459993,2015.9897393200006,480,471,1508,190,204,,,,,
vf_w00,mcp4-n120-r12-06,2779.4988644766327,5150.3001499999955,5150.3001499999955,0.0,18.367396419,2761.1314680576324,2755.666809708003,2755.631857550999,684,672,4104,190,204,,,,,
vf_w00,mcp4-n120-r12-07,3744.6628280972755,4997.000100000001,9627.250442817967,0.9266060136396566,18.989401946,3725.6734261512756,3703.69034764,3703.6356256830013,1041,1028,15856,190,204,,,,,
vf_w00,mcp4-n120-r12-08,3042.2150023937857,5772.666800000002,5772.666800000002,0.0,18.673722601,3023.5412797927856,3019.3563487599986,3019.3170641799984,763,757,2572,190,204,,,,,
vf_w00,mcp4-n120-r12-09,3836.0674021322347,5736.0001,6492.124138892366,0.1318207855143458,18.686129101,3817.3812730312347,3815.6158666120014,3815.586923774,521,514,735,190,204,,,,,
vf_w00,mcp4-n120-r12-10,3781.929759296009,5593.0001,5653.125100000003,0.010750044506525707,18.414216312,3763.515542984009,3759.946636682002,3759.911745355999,652,640,1969,190,204,,,,,
vf_w00,mcp4-n120-r14-01,207.2988826377732,4963.000099999999,4963.000099999999,0.0,14.725585614,192.5732970237732,192.28012026999994,192.27368118900006,152,146,365,190,190,,,,,
vf_w00,mcp4-n120-r14-02,1480.6544342782702,4841.000149999998,4841.000149999998,0.0,11.861816242,1468.7926180362701,1336.4419468270012,1336.3997667270016,887,880,62900,190,190,,,,,
vf_w00,mcp4-n120-r14-03,1231.868186479654,4269.33346666667,4269.430108922277,2.2636380212999175e-5,15.08761335,1216.780573129654,1173.2154186820005,1173.1912189179998,568,556,30579,190,190,,,,,
vf_w00,mcp4-n120-r14-04,1314.3259991708967,4003.0001500000003,4003.0001500000003,0.0,18.459801108,1295.8661980628967,1294.6238185410002,1294.6013371809995,465,457,1448,190,190,,,,,
vf_w00,mcp4-n120-r14-05,761.2744369247068,4559.000099999999,4559.000099999999,0.0,13.367620919,747.9068160057068,747.4265575789997,747.4102941389997,333,325,441,190,190,,,,,
vf_w00,mcp4-n120-r14-06,1169.1849592158082,4695.00012,4695.064458352651,1.3703589138832224e-5,14.235037131,1154.9499220848083,1013.2669731800004,1013.2417896910002,572,564,75756,190,190,,,,,
vf_w00,mcp4-n120-r14-07,1857.76560124577,4324.333466666668,4324.333466666668,0.0,14.235460369,1843.53014087677,1834.443136281,1834.4127168729992,624,616,7271,190,190,,,,,
vf_w00,mcp4-n120-r14-08,2231.8223483874276,4333.0002,4333.0002,0.0,12.617788346,2219.2045600414276,2208.9849950909997,2208.9587587229994,606,597,7775,190,190,,,,,
vf_w00,mcp4-n120-r14-09,1625.1305480269039,4077.000100000002,4077.000100000002,0.0,13.951049116,1611.179498910904,1608.2326667589984,1608.205113451999,601,586,2008,190,190,,,,,
vf_w00,mcp4-n120-r14-10,1677.8888149870797,4344.000100000001,4344.000100000001,0.0,12.203143896,1665.6856710910797,1663.0673110450007,1663.033677807,812,804,954,190,190,,,,,
vf_w00,mcp4-n120-r16-01,726.336215809709,3533.0000999999997,3533.0000999999997,0.0,9.825904683,716.510311126709,714.7146421069999,714.6932283519997,418,410,820,190,179,,,,,
vf_w00,mcp4-n120-r16-02,1634.5536769517032,4065.0001500000008,4065.0001500000008,0.0,9.571956981,1624.9817199707031,1618.6066045109987,1618.5691416759998,707,695,4846,190,179,,,,,
vf_w00,mcp4-n120-r16-03,619.0448627547852,4025.400140000002,4025.400140000002,0.0,7.5378666,611.5069961547852,602.2696803629998,602.2470385830002,452,444,13458,190,179,,,,,
vf_w00,mcp4-n120-r16-04,991.5613063378066,3979.000100000002,3979.000100000002,0.0,12.625908236,978.9353981018066,977.0141186010004,976.9877409059994,493,486,1020,190,179,,,,,
vf_w00,mcp4-n120-r16-05,922.1170788078573,3748.000100000001,3748.000100000001,0.0,9.748776701,912.3683021068573,904.3197258040004,904.2955930949998,496,487,6026,190,179,,,,,
vf_w00,mcp4-n120-r16-06,807.4444883191984,3716.000150000001,3716.000150000001,0.0,12.431799444,795.0126888751984,793.0791997289995,793.0558057080002,482,469,1056,190,179,,,,,
vf_w00,mcp4-n120-r16-07,1437.353237114376,3743.500199999994,3743.500199999994,0.0,10.097413979,1427.255823135376,1422.4101572440006,1422.3694081000006,811,800,3367,190,179,,,,,
vf_w00,mcp4-n120-r16-08,1041.780751264459,3480.333466666668,3480.333466666668,0.0,13.036553419,1028.744197845459,1025.5193700520006,1025.487344103,642,631,1599,190,179,,,,,
vf_w00,mcp4-n120-r16-09,1262.6160032515238,3623.0000999999997,3623.0000999999997,0.0,9.450535274,1253.1654679775238,1251.2880382339997,1251.2507181960002,681,672,883,190,179,,,,,
vf_w00,mcp4-n120-r16-10,1724.212331951689,3788.000133333336,3788.3397226415095,8.964870544355433e-5,12.492633761,1711.719698190689,1627.6564316309998,1627.6101300899993,900,886,57660,190,179,,,,,
